1.9292356031196318 2.160019915099018 1.5689518479368223 1.8453579388358154 1.387658556686179 1.6939103551322807 1.8882921714672147 2.1235308677069824 1.518323817116879 1.8025102593062734 1.3301479550878428 1.6471276828784007 
1.9358657720529722 2.1697044062973765 1.5769752769800325 1.8565807139756274 1.3965859232450577 1.7060167538175732 1.895314654458792 2.1336022503517964 1.5269225180755734 1.81425833317812 1.3398110288418474 1.6598597881466526 
1.9426371165941725 2.1780101106214635 1.5853098529843686 1.8663055497879548 1.4065373131095102 1.7170428906609525 1.9015908154935226 2.141480026703336 1.5347364571056883 1.8235419018956818 1.3492797619357226 1.6704624961876038 
1.9497358258012802 2.185193776490543 1.5951887818101655 1.8756943514370883 1.4189983188196524 1.7283397464656651 1.9083870387353297 2.148381516400893 1.5443764271747353 1.832675803084932 1.361626794688251 1.681555701846656 
1.9558728691848788 2.1910052753048066 1.6038544483878485 1.883458130039925 1.430045811438742 1.7378424723816284 1.915589029821765 2.1551210562688796 1.5544747480655612 1.8415909367645928 1.3744357655319837 1.6923767634819058 
1.9615574674160048 2.1942900669636844 1.6114298989330842 1.8878314329344899 1.4387603762876882 1.7427657961916425 1.9223567099358772 2.159318531443541 1.5634749570861344 1.847066631563542 1.3848389952032294 1.6985229591134439 
1.9689024215346884 2.201571842644514 1.620230281881301 1.8961772066779943 1.448960698958105 1.7520927315428143 1.9324427358152583 2.1690266849453836 1.5757234363952197 1.8582911991410713 1.39901582864711 1.7110193223938648 
1.973484992637137 2.2082954005666906 1.6256447592767616 1.903850425680547 1.4543470117423833 1.7598439676755437 1.9395813897240817 2.1780499368389146 1.5843149417221312 1.8686838669405803 1.4079979338635409 1.7217385811336168 
1.9794759773501194 2.2155733241999034 1.6334075085251107 1.9127101450314448 1.46258529765146 1.7690663534492452 1.949685688865313 2.1889984685618695 1.5971753909218016 1.8818632360950702 1.4220073464529674 1.7356684312869812 
1.9931809736713348 2.22839818385436 1.644672742950831 1.9230019509624554 1.4716631370681983 1.7772958282192106 1.9674951209051093 2.205453495947128 1.6134481982342694 1.8963657770549989 1.4366833492406774 1.7484413395894671 
1.9997700884664216 2.2367838769816366 1.6569516883497237 1.9363911286527318 1.4857940194808297 1.792123202775133 1.9770261107848324 2.2164733132444883 1.6294295730484947 1.9128937344047632 1.4550380422260443 1.7667080715061558 
2.0068515324520546 2.244715362558282 1.6647471229304347 1.9449105297944067 1.4926924979061025 1.7998402370502664 1.9882469149945032 2.2280977942148676 1.642271507694498 1.9257075817956264 1.4675842786651676 1.7790721178707622 
2.010976677477203 2.248582534833278 1.669306087378001 1.9490200183572384 1.4973164092326143 1.803899289859955 1.9938776880634503 2.233303484427777 1.6486672954108266 1.931372586933254 1.4742718429642647 1.784817549655216 
2.015539269482212 2.2536462245935787 1.6747418679978385 1.9548102422549587 1.5028333314193194 1.8097046114835675 1.9999122962032332 2.239681216446861 1.6559018600463282 1.9386938203091508 1.481809254831704 1.7922838576812798 
2.0238267419668836 2.2619482466891876 1.6833296950687615 1.9631948582604555 1.5118116824195698 1.8182710887819478 2.00611497063361 2.246114971367292 1.6619932178562853 1.944931013018274 1.4880178617880533 1.7985361676097287 
2.029492340992939 2.2663892649209667 1.6891778948793406 1.9674864925963278 1.5172528724471082 1.822014658818364 2.012331994813232 2.251035582870471 1.66852115831625 1.949780498863654 1.494221260104741 1.8028805595904016 
2.0321599072737953 2.269313362392034 1.6921534778887641 1.9706579207795145 1.52031063165757 1.8252270173134737 2.0157943080411354 2.2546698073844516 1.6724641091309074 1.95377722484705 1.498364848870608 1.8069882313759102 
2.034489926096782 2.2733844969096824 1.6943758119700862 1.9748511851755537 1.5221435691120893 1.8292208331388775 2.0201133710832395 2.2605277798402055 1.6770862127002564 1.9600372384802511 1.5028738528663306 1.8132174797936649 
2.035182908124921 2.2749894672116198 1.6950044246325169 1.9765241222721797 1.5221460276608842 1.830446977086146 2.022699175128079 2.2638285181223003 1.6799947866180447 1.9636675099068606 1.5054139009135692 1.8165568032582438 
2.0337202561496133 2.273285573673763 1.6942478347258556 1.9754201944581942 1.5214758133710997 1.8293982261588781 2.023931298160402 2.264532428311251 1.6824849315441877 1.9653408773221122 1.5083661591514341 1.8185097440688212 
2.0292027577366656 2.267592283900721 1.6889653860295923 1.968988321246749 1.5157505066487986 1.8225834774863099 2.0231486836379795 2.2621762818370477 1.6816869028764212 1.962748525233452 1.5076360179121782 1.8158406583470066 
2.026821151601169 2.265282708974288 1.686342659300858 1.9665333293839415 1.5126219714713551 1.8197601489146558 2.022510892899687 2.261427001452377 1.6811596878041923 1.9620906367693338 1.5068415842078056 1.8149582173972738 
2.0262263619524745 2.264097126775077 1.6856463173130833 1.965183461326489 1.511394079739351 1.8179259043952147 2.023766637967718 2.2618960927839193 1.6826888132245843 1.9626472356873408 1.5080948906985794 1.8151839380490231 
2.0231070759480723 2.2605270219466878 1.6828653836689256 1.961901138118626 1.5084285459878966 1.8144907975934075 2.023133380099088 2.2605505634404994 1.6828970059011812 1.9619282628758778 1.5084638249792934 1.8145201259482244 
2.0242009814965116 2.2615018572381143 1.6827487422343954 1.9617962091643055 1.5071725334186 1.8134415023075434 2.026125470105798 2.263224570698065 1.6850632440984048 1.9637818548432104 1.5097562229086656 1.8155894055131079 
2.02372452285464 2.261759172414968 1.6813324788402917 1.961370060443271 1.5046490834753596 1.8121982435713926 2.0293649888680054 2.2668074174140247 1.688117359084741 1.9671893217591538 1.512226893704526 1.8184949237331514 
2.0185469002859455 2.256668229371345 1.6769390674243356 1.9570755081636477 1.5003730746231085 1.8080761244632373 2.0268472060947267 2.2640957368569907 1.6869210544818036 1.9656354068987463 1.5115215417763652 1.8173379652816368 
2.021816759340888 2.2573941806321045 1.6782890955826681 1.9556941904990386 1.5004124660744758 1.8053595339299289 2.031021427718499 2.2656419660334 1.689366543960099 1.9652085889929574 1.5127929798395054 1.8156618843418206 
2.029366107588909 2.260170255673355 1.6830049942381513 1.9551339075957328 1.503164270008624 1.802649607835799 2.0394227090406147 2.269204215611843 1.6951176944833535 1.9655703457649536 1.5167138853951854 1.8139635597636903 
2.025189168950891 2.25391536532231 1.6806489942983336 1.9502113593239068 1.5011471993232377 1.7978281948050543 2.0353675845006474 2.2630652902724657 1.6929001967145023 1.9607790237647893 1.5148508005859853 1.8092861166869103 
2.021168680311468 2.2450331721985757 1.6783405763646424 1.94213238484713 1.49950407344295 1.789850154697873 2.031547390210723 2.254381491378955 1.6908249627539806 1.9529311725383462 1.5134643803776817 1.8015619724761067 
2.020045398221179 2.2381886107463242 1.6774690956540927 1.9346336638429922 1.498593915266761 1.781765576408569 2.032566435439334 2.2494957570252403 1.6925263573943419 1.9477038575909222 1.5154295188079714 1.7959486275711118 
2.026869952237807 2.2349720982787433 1.67988765793564 1.925855918827909 1.4976453529739575 1.7691354046778018 2.041936305364222 2.24864455883194 1.698035516461446 1.9417062321485425 1.5179735423137288 1.786376822499802 
2.016462686750838 2.217194023818937 1.672624126652013 1.9098426744782957 1.492576018519127 1.7543120427274075 2.034384052704506 2.233505327080822 1.6941865823746833 1.9287549735771026 1.5167003256736016 1.774882376412141 
2.01419024908483 2.2054692633334088 1.6690729327109732 1.8955043568159924 1.4881625146160649 1.7383210238354736 2.0357039957932024 2.225134393803756 1.6949728179792174 1.9183495942315647 1.5171539371100118 1.7632040100023618 
2.012033799867291 2.194093312420511 1.6662963542564717 1.8821022799009648 1.485331191555745 1.7239414724428463 2.037309293796209 2.217294434753402 1.696729998257946 1.9090987765928742 1.5193939237039251 1.753374845031264 
2.0071752059633856 2.185068873476111 1.6616350236541597 1.8726464231760784 1.4814557962471104 1.7147842285938368 2.0359070442026965 2.211490711496243 1.696229977636924 1.9034100481593976 1.5201567226553188 1.7483278113197651 
2.0058540307018955 2.178823129600712 1.6596751064238566 1.865031178421165 1.47981067886505 1.706944487346627 2.038102125253551 2.2085470587159874 1.698508563229235 1.8996713339320146 1.5232365298150645 1.7447261571269685 
2.0045782069163978 2.172585299785525 1.6573518546295956 1.8570428824462186 1.4777762457301038 1.6987100192923335 2.0397122226147886 2.205044001439463 1.6996785971130426 1.8949143597229297 1.5250950120842177 1.7400310034836046 
1.9915822619529653 2.1601972136649215 1.6408965854451918 1.8418994814934093 1.4599661989668424 1.6827220203960278 2.0282068978054704 2.1940089598964017 1.685160205531121 1.8814401436414845 1.5095445062354702 1.7259132979688434 
1.9905095230564986 2.1540160127024612 1.637869516713285 1.8331048457135803 1.4565938576619804 1.6731175953227584 2.0308428748277425 2.191341964148592 1.6866568040471688 1.8768239118890748 1.5112446152223702 1.720905897670936 
1.9926082864697818 2.1492420742457186 1.6393935315561179 1.8265718879113517 1.4586354579908032 1.666244612806907 2.034614337968756 2.188243408459863 1.690200837849763 1.8723067544256844 1.5155148037112804 1.7162572157657605 
1.9939886169203775 2.146050872977628 1.6413920130206678 1.823104902469422 1.4622299396497256 1.663628606813444 2.037823089340201 2.1868394290500714 1.6943730638345382 1.870947306700015 1.521462696042213 1.7159232151958435 
1.99925883686055 2.1452121605018464 1.6465461987946162 1.8209925045328987 1.4676030773901367 1.6609509654306471 2.0433102919441777 2.1863248308439895 1.6997633474001608 1.869249783727418 1.5270690374586866 1.713720852987732 
2.0074422181709863 2.1482251822598233 1.6559130679160818 1.8240326923866388 1.4779672519021692 1.6641617625985914 2.0520708212182273 2.1899867190682345 1.7097422274995873 1.8730364809301634 1.5380369285863231 1.7177324495087267 
2.011257015680751 2.1494593883870055 1.660252898062533 1.8252289074866856 1.4830005623481874 1.6656264728699048 2.056111864924922 2.1914873671287816 1.714316453717061 1.8745404190587729 1.543286067417522 1.7195210859669736 
2.0101723643661726 2.147794456474243 1.6600270312442174 1.8242581608044104 1.4834762669019985 1.6652116764127887 2.0552268069683914 2.1900194795666748 1.7143086180969547 1.8737881766308297 1.5439773729175859 1.7193295847165224 
2.006143370059351 2.1455350463772644 1.6544507638588373 1.8209658821716266 1.4769460108050971 1.661348528404889 2.0517374408371776 2.188226665620609 1.7094509747088653 1.8710777773607088 1.5383058290642633 1.7161276868966044 
1.9993369003807864 2.1418427571659526 1.6463179132914305 1.81672921119914 1.4679725413045879 1.6568300266545901 2.0456085466980847 2.1850987807246267 1.7022129586876755 1.8675308061513336 1.5303952649966772 1.7123819732537042 
1.997340791345896 2.1403922900193435 1.6440610081059188 1.8151709332110433 1.4651342054481733 1.6548495878400096 2.0438516476922315 2.1838586209217503 1.7002634852793406 1.8662274346322985 1.527932446469493 1.7106976586686058 
1.9953680154733988 2.1389621966678725 1.641832223454714 1.813636901800978 1.4623264009017445 1.6528957209619275 2.042388809402913 2.1828920748342666 1.6986675900758954 1.8652445799879032 1.5258627180628832 1.7093632720911756 
1.9936060396804205 2.137029504908683 1.6394102278106752 1.8111035195289777 1.4592918380674411 1.6498371834972838 2.0383984792111307 2.178875495169527 1.6935965321322106 1.8602954811132155 1.5199131512195854 1.7036918884147596 
1.9937990067728015 2.142053906746562 1.6398896570831252 1.8172502709886191 1.459609432488092 1.656387682702395 2.039046008717854 2.1842319212181223 1.6946127090483565 1.8667813727558484 1.520833272146625 1.7105830297498597 
1.9929364520564345 2.142672963925034 1.6401275167301137 1.8191399065314604 1.460331236512898 1.6588607683393113 2.0388257906293243 2.18542040187587 1.6955922781539463 1.8693006451973664 1.5223607400794628 1.7137193327191271 
1.9907191840601954 2.141118650515494 1.6384782558780846 1.818251137985424 1.4586637173061137 1.658048867188567 2.0371629741003274 2.184366999577976 1.6946035253844158 1.8689856377311438 1.5214368056036012 1.7135332384419304 
1.989363572965809 2.1382906654249068 1.6370975002861896 1.8151605355569216 1.456917645388129 1.6544874039542548 2.0360218751730765 2.1817663991782643 1.6934892607227512 1.8661793645261675 1.5200087750349633 1.7103058850928654 
1.9869868124362602 2.134382220970651 1.6344973556404458 1.8108154179804217 1.4538250714565388 1.6495690985210683 2.034150357278343 2.1783568459771714 1.6915178653551401 1.8624455861086544 1.5176489783924378 1.706085957393592 
1.9874673505960518 2.1355050142027974 1.6350477903979717 1.8121082950213794 1.4539116080715806 1.6505193607120425 2.034691073098147 2.179523562374422 1.6921355058461747 1.8637805037464283 1.5178274794406936 1.707089761361508 
1.987678391783311 2.135008700676016 1.6354291243469676 1.8116360516291041 1.4539869092816102 1.6496892723062393 2.0345489665825913 2.1787120645515072 1.6920852605652854 1.8629410328355243 1.5174327137050558 1.7058718602000238 
1.9857994014293185 2.13091661636889 1.6332561504911103 1.8069122879423452 1.4511731679978925 1.6441745426556877 2.0327768137887245 2.174761581846856 1.6900615270093098 1.8584171566892724 1.5148220606648952 1.7006152529825904 
1.987839569652702 2.131683451518316 1.6359086596375239 1.8079727114857236 1.4538590477336653 1.6450757774269975 2.0341153326783217 2.1749007723197487 1.6918381053271734 1.8587319218857354 1.516517445543255 1.7007037794504485 
1.9819228091806929 2.1289801408539937 1.6297617148376906 1.8057302306132803 1.447129487209313 1.6427787956236501 2.031043539014043 2.174781891586071 1.6891545467986906 1.8595110920805744 1.5137052515502116 1.70171736994446 
1.9753161682203202 2.1267321478814885 1.6214036041752866 1.8027937519396418 1.4373519439693985 1.6392364915510544 2.0243361442143466 2.1723380236907444 1.6807773522904839 1.856375008550969 1.504009132675932 1.697986788986478 
1.9697828575907268 2.1250471694666664 1.6151347942689764 1.8012332914029459 1.4303154831219191 1.637554074728004 2.0186804795950968 2.170449687299452 1.6744213258013316 1.8545802065961692 1.496939796350638 1.6960571099754542 
1.9654753655274237 2.122615244337786 1.6104472539313914 1.798872541536826 1.4251616129040103 1.6350803301046588 2.01416957615171 2.167782540868701 1.669528683998918 1.851952507408103 1.4916002453389312 1.6933024995242758 
1.96341423590288 2.1239586713837184 1.6082246832287117 1.800719747141706 1.422981420028417 1.6374007138590387 2.011236935019365 2.1682432946480175 1.6662728404394311 1.852746651538221 1.488272377216647 1.6944496583805875 
1.955839916019008 2.1218005198164223 1.6007143371299077 1.7997261063543086 1.4159572737527217 1.6375782942788537 2.00229427895433 2.1646962947104704 1.6571538828766748 1.8501044998413576 1.4794619304102556 1.692789199024273 
1.9508479093084732 2.1219581237275253 1.5947877220662443 1.8000684964892975 1.408948299851077 1.6376916758820141 1.9958133956793758 2.163370015502027 1.6494882308077374 1.8487049892217091 1.4705777289124298 1.6910048995710332 
1.9397305031137213 2.117758038187982 1.5813271276715044 1.7952549034356682 1.3943846473300723 1.6329890472106083 1.9826699705068946 2.1571566692175628 1.6337139504667915 1.8415661692021306 1.4535247957808666 1.6837692881003057 
1.9295711847041457 2.113119114494155 1.569432546763498 1.7902921420931726 1.381028312830899 1.6276567930741912 1.9690169361284224 2.149198718118118 1.6176839174451108 1.8327380314601867 1.4356259745353452 1.6742309798712243 
1.9408002439558303 2.1219953060596084 1.584011613385145 1.8014580992459996 1.3984731372961763 1.6406966836496653 1.9773693789676752 2.1554925545867722 1.6286119443498532 1.8407974786159964 1.4487964624746328 1.6837962114457348 
1.9581940128075284 2.139936226572009 1.6048869018704246 1.822214375367303 1.4221364715790288 1.6635129713336323 1.9913040446640111 2.1702753420465455 1.6451230878859033 1.8577495084901114 1.4673922959778853 1.7023640657319017 
1.9510332004848099 2.149542595854755 1.5949699255453065 1.83246606664189 1.4111282214575684 1.6748987072041102 1.9808529931304846 2.176644528257657 1.6313114645566615 1.8641834449415111 1.4520781275103622 1.7095419592376198 
1.9414060156469075 2.156641026594366 1.582891727058424 1.8405405237565404 1.3981606208122155 1.684308855759537 1.9680065670596731 2.18061758407796 1.615406682538487 1.8685775204657689 1.4348678169050972 1.7149019948644295 
1.9333830757850448 2.163293919034591 1.5725454367146405 1.8479095250937043 1.3869083110761287 1.6927448495659467 1.9572492899710143 2.1846499137143325 1.601797058273001 1.8728652589794172 1.4199892002026069 1.7199534270124988 
1.9235806103916961 2.166787160907801 1.5610467062438875 1.8524770052756092 1.375025146488198 1.698675480918851 1.9473722831073903 2.187935795450792 1.5902714433123957 1.8771700773810798 1.4081159745613605 1.7255708718609297 
1.91712941740056 2.1716534194623716 1.5528125152324765 1.8579343580069263 1.366934135890464 1.7056383857848092 1.9437011728973697 2.1951463779717764 1.5855017357046979 1.8853405859744836 1.403957968858972 1.73545133885183 
1.9105318494411159 2.1741938131015113 1.5442502456949425 1.8605632508810042 1.3583288316637068 1.7093987259059515 1.9393628524927693 2.199571563470689 1.579780094579271 1.8901565904519366 1.398589840099266 1.7415626115729776 
1.9040107378950468 2.1750795467797586 1.536937117783171 1.862227120632615 1.351411306012955 1.712316169058635 1.9340858658238627 2.2014545830381422 1.574041597410831 1.892966216069278 1.39346466204911 1.7456969694593734 
1.8994719371470299 2.175700003403293 1.5305943569767564 1.8623630017827058 1.3444552098188656 1.7126694590635667 1.9295692177190975 2.2020250295510015 1.5677891476755061 1.8930503628718096 1.3866519163687367 1.7459898058033128 
1.894966231216472 2.1761241208742574 1.5256871941032866 1.8634217413808287 1.3401909905124565 1.7148559890121269 1.9254561647492159 2.2027257238182787 1.5633956118560521 1.8944194390817362 1.38296649126823 1.748489487520803 
1.8912351056727454 2.174902263764742 1.5211260453128137 1.8620564109953812 1.3350822995340026 1.713439341946192 1.9218140981710485 2.2015446985989175 1.558981606283089 1.8931067800652448 1.3780580356171508 1.7471329604609374 
1.889393363285433 2.175101745764331 1.5186941507844953 1.8621740645887646 1.3326945959322565 1.7138655750166172 1.9218356582463132 2.203341240141218 1.5588704050391873 1.8950823894773123 1.3783032692796748 1.7495657247748768 
1.887551554356132 2.173687111051692 1.5162384656617343 1.860388096917482 1.32970884751221 1.7117798940144875 1.9220528565968862 2.203713223164995 1.5589789600736277 1.8953839147656208 1.3782459622114807 1.7497504732824765 
1.887416487349904 2.1741183457945086 1.5153728520467329 1.8603237528775065 1.3284730952188117 1.7115169731908153 1.9243239588282037 2.206234865856364 1.5611010801739424 1.8977581951661413 1.3804066308592733 1.7521335711983406 
1.8872662839230818 2.1745260617506608 1.5144380641125075 1.8601914462852578 1.3271015008780749 1.7111364528969744 1.9259436103979886 2.20817760998359 1.5623723672776728 1.8994201696393664 1.3815509971162263 1.7537025758186133 
1.8856525102341233 2.172875444785607 1.5128528062413242 1.8586085985360794 1.3252297300288165 1.7093671772185897 1.9244551336293216 2.206633152690372 1.5609502827932251 1.8979641973841996 1.3798826070909982 1.7520782855090264 
1.8847733755270846 2.1721138072614337 1.512064719876686 1.857968630439104 1.3246813794629106 1.708943671305687 1.922027012717501 2.2045170791390483 1.558254432888211 1.8957490847197473 1.3771702573087177 1.7499444654661929 
1.8812101303563218 2.1680307398547765 1.5091372750532834 1.8544274181955058 1.322519336476881 1.7060079512579212 1.915320697782815 2.1976940437092805 1.5514500107174738 1.889021670112667 1.3706054195702166 1.743549526269687 
1.8774945457592387 2.162967891614596 1.5055199872986378 1.8493335996936004 1.3195504594200596 1.7013693736974609 1.9068514209491232 2.188498725696611 1.5419750336421436 1.879130473164567 1.360995954136415 1.7337111402928949 
1.8756019207455534 2.171089178017432 1.5056287304327087 1.8608233467216628 1.3219376924440915 1.7155946247597098 1.898081264504871 2.190538322071634 1.5335409337426928 1.8834790811857747 1.3536429308589506 1.7401421890364046 
1.8729758056048695 2.167549390297995 1.5044117298071062 1.8583558980403108 1.3223411878865492 1.7142981678171418 1.891216461646104 2.1833304137947627 1.5270612264088201 1.8767386552744123 1.3480532458331198 1.7342086219948307 
1.8681033854811784 2.156531694282799 1.5004752142058995 1.8472261794502158 1.3197376246990309 1.7036801600201372 1.8862852354101274 2.1723007800316787 1.5230520670437502 1.8656115052513587 1.3453509313655825 1.7235973480271547 
1.8587191337832112 2.1376445256150074 1.4928346305910143 1.8284535908498771 1.3145513190027274 1.686040471012428 1.8765957503340485 2.1532066574696933 1.5150346617063948 1.846623222471712 1.3397089094918382 1.705727780676568 
1.856863837794791 2.1244905451684173 1.490785796856812 1.813273023157296 1.3130724550115274 1.670232330099618 1.874610347968345 2.1400188599893224 1.5128327523920149 1.8314419731757814 1.3380507900337713 1.6899398454116643 
1.8590031638595157 2.1189895402383865 1.4931281817847017 1.8065590706200807 1.3153664018970872 1.6626523026897986 1.8762419889395103 2.134129309451442 1.5145372247190523 1.8242935381839431 1.3396193523011264 1.6819048479208596 
1.8601801427139388 2.111467551762814 1.495679915539167 1.7986337783293325 1.3189458579286906 1.654582495660839 1.8777666997918696 2.126977394719382 1.5174966310497198 1.816816194348578 1.3436352896702475 1.674329970599359 
1.862345461130174 2.103664252819865 1.4971682085163844 1.788458922254621 1.3198153933759675 1.6428588936948176 1.87977357403283 2.119108624311685 1.5187925196129193 1.8065999528484884 1.3442956317834853 1.6625893713217825 
1.8646997060857387 2.095267313608514 1.5013393731852371 1.7796235655543113 1.3248627525431607 1.6334936285998303 1.8813274757990008 2.110078954161725 1.5219421772183859 1.797038706426837 1.3481651940308503 1.6524495490017963 
1.8668692445365342 2.0862548765183058 1.5036565792083012 1.7686836183434307 1.3270613852404907 1.621218848211558 1.882112987728529 2.0999066484433087 1.5225411753303784 1.7847661651253954 1.34842146325858 1.6387492413961358 
1.866432389357289 2.0732713364251096 1.507015882345624 1.7566960579570843 1.3325714822259853 1.6095437010662246 1.8800121202699622 2.0855046733972955 1.5238020140300246 1.7711173728361314 1.3515259759109182 1.6252712493494617 
1.8705398626641347 2.062240683241304 1.5126729281029525 1.7441607280338471 1.3385405922180917 1.5954962158574868 1.8802925015793581 2.071090811455538 1.5247163346326293 1.754615957665825 1.3521358773050731 1.6069190049581092 
1.8793903466201054 2.0669382155664064 1.5248890374610344 1.7508318276090482 1.3521909473771965 1.6026683593834503 1.8877625782520533 2.0745537023294527 1.5351957703983032 1.7598157759972604 1.3638034444335592 1.612478014438907 
1.8910735314901452 2.073130114031102 1.5399635091464376 1.7587486965745305 1.3689099449936837 1.6110939779238858 1.8980283871224397 2.0794761663752266 1.5484961305481555 1.7662246840429474 1.3785017570981222 1.6192518218370513 
1.9022355661927388 2.0801123728511905 1.5543449115587602 1.7675846340383845 1.384818825293984 1.6205216793639665 1.9078807609042578 2.085276080577488 1.5612485236593852 1.7736584471167527 1.3925631143429764 1.6271445423897073 
1.9141073785241098 2.089036274630108 1.5683037094008416 1.7775944490013575 1.3998546757861832 1.6309072976476746 1.918480418289548 2.093043863744962 1.5736380091242204 1.7823024670241694 1.405828286868791 1.6360374911231221 
1.92019583923548 2.098698153479259 1.5746138221853796 1.7879570932819528 1.4061782664432168 1.6415599883699805 1.923812712978384 2.102007905079629 1.5790224769195815 1.7918409139812748 1.4111132522293348 1.6457893209695007 
1.9181184935217765 2.1014655664060378 1.5728380008094445 1.79187007017536 1.4045309958809202 1.6461124779279968 1.9213343627516397 2.1044012699792427 1.5767582424361226 1.795312097294019 1.408919620379477 1.649858620697619 
1.9197828187550825 2.1076150013669976 1.576005112931811 1.80007417591254 1.4088441506381073 1.655692230937625 1.9222298480949698 2.1098441913343295 1.5789850011026736 1.8026837095029205 1.412176815596124 1.6585289510006178 
1.915399460333233 2.110090636499968 1.57535209684846 1.8070588343064093 1.410830055479695 1.6655836355598717 1.9166045258229043 2.11118457506795 1.5768170612993886 1.8083360988502217 1.4124656672658773 1.6669693046978518 
1.9189241121163938 2.1166544574071815 1.5794997570312221 1.8146007347242228 1.4158084393242225 1.674057908455287 1.9192456791462864 2.116945989136636 1.5798904111746772 1.8149407856240627 1.416244246491999 1.674426501737741 
1.9237785107839311 2.127182778360628 1.5840928799013143 1.8257417851804891 1.4204780412783717 1.685746327225434 1.9231818961174836 2.126643228083648 1.5833682765402495 1.8251131233855176 1.4196699309184653 1.6850654369353257 
1.931026888451647 2.13842883648796 1.592554460834307 1.8385436506983592 1.4300336560806008 1.6997085933545344 1.9296939349604771 2.137225240217617 1.5909379464401652 1.8371435965169545 1.42823320792623 1.6981940822601078 
1.9411902762000022 2.1541708162570212 1.599372014389848 1.8520861366614245 1.4354720451522 1.712545535048175 1.9449729380362701 2.1575801136674952 1.6039609975599283 1.8560504031123293 1.4405832269235403 1.7168320392203311 
1.943939445142078 2.1529095200168746 1.6020409969720781 1.8500416727682893 1.4391987442946472 1.710968106242571 1.9481920617380848 2.1567501349065195 1.6071985250799883 1.8545096209023262 1.4449376348546292 1.7157982409418915 
1.9407924202058189 2.1354060326617885 1.5992209353083018 1.8305166773150032 1.4371718274195189 1.6907828268374268 1.93817622532327 2.1330285479590656 1.5960449436053985 1.827742642717612 1.4336368869446543 1.6877791412410452 
1.937874822214015 2.118217749800761 1.5946289079817286 1.8095106971695416 1.433405163159042 1.6691728402927601 1.9344371433497136 2.115073206905851 1.590449492807301 1.8058286735377198 1.4287542114622096 1.6651805324861926 
1.9357271087843169 2.1046440500670154 1.5910753044662878 1.7927653952155842 1.4299187841561107 1.651409963359338 1.9318200262763845 2.1010511064042423 1.586319576479623 1.7885460398106867 1.4246251800113916 1.6468284796306172 
1.9321395068328373 2.0886254349845115 1.5881477733083404 1.775220122594446 1.4287683177703232 1.6341884957569122 1.9272958603557055 2.084145500473573 1.5822514368279903 1.769947101792661 1.4222113645109997 1.6284588724141116 
1.9308491084047166 2.0711165315904583 1.584927066911058 1.7530941832734743 1.425389931010911 1.6103048976598469 1.9253455847268794 2.0659866961399556 1.5782177126832944 1.7470307829649967 1.4179258783967832 1.603701719344121 
1.930408722199444 2.062441541170001 1.5845524156504542 1.7429841175247953 1.4256642526007621 1.5999080714665108 1.9245389245696463 2.056948552634142 1.5773961440879998 1.7364808871345776 1.417706174982563 1.5928207917351185 
1.937869240283575 2.072872893459037 1.5921545158800512 1.7539728739171652 1.4339933097602793 1.6117697268646163 1.9311507644607244 2.0665933598744672 1.5839703548606079 1.74654714367441 1.424901012378488 1.6036856721556252 
1.9388469796937975 2.0765959850360303 1.593305045076981 1.7583356451678276 1.4352269237537876 1.61647752754802 1.931036489253313 2.069305486685753 1.5837914252917777 1.7497195641667154 1.4246580764617733 1.6071010886772992 
1.9401929012939514 2.0779325584415487 1.5949834407389438 1.7599509650644931 1.4371352957294732 1.618274723720123 1.9311567342687233 2.069497899373527 1.5839791710472206 1.7499843535047506 1.4249125223365258 1.6074299112283061 
1.9365743918365463 2.0755486857014676 1.5915306818019845 1.7579965536704245 1.4333391528584885 1.6161816416223425 1.926728405208448 2.0663650014063557 1.5795353378247317 1.7471444860220031 1.4200081335813148 1.6043706152373551 
1.9366776576077394 2.0782202726075503 1.5905693928518179 1.7601676469805372 1.431573524998629 1.6179251866130895 1.926264781559638 2.0685200411591373 1.577874092783388 1.7487040357581956 1.4174549081635721 1.6054462210479055 
1.9351903044059413 2.0807190289577204 1.5888603568176656 1.7632094023872376 1.4292776611515203 1.6208839550895555 1.9240051045324074 2.0703202180983404 1.5752178774591024 1.750925904961932 1.4140964467343662 1.6075132733096669 
1.9348755468091585 2.0859606705880243 1.58833443003671 1.7692639145249192 1.4290452272898992 1.6277772572560534 1.9234038451349835 2.07532428528171 1.5743396175793964 1.7567110659069807 1.4134741707863077 1.6141244589807935 
1.9330649326573304 2.09153582108208 1.585611077745577 1.7753716644324056 1.424930393341896 1.633465237729132 1.921789579857662 2.0811192292248633 1.5718452994011496 1.7630881152822426 1.4095963185428266 1.6201061194407884 
1.9283675757566137 2.0935435962094124 1.5807475689778683 1.7785067216149169 1.4194546017500667 1.6368184531063423 1.9166597284101943 2.082764460160927 1.5664437060135419 1.7658055289610575 1.403507881598618 1.623008827982596 
1.9265325199718302 2.10037602245622 1.5775428240491634 1.785691251843109 1.4148082177132735 1.6436952814037673 1.9146990971766322 2.089527343187691 1.563069558250371 1.7729180266241893 1.3986519849944838 1.6298095779351065 
1.9261746538441835 2.1071878338942067 1.5754386772933309 1.7922329078866281 1.4106000052147172 1.6492071261402428 1.9141417394727487 2.096194258410169 1.5607039525777333 1.779294410094001 1.3941241610386645 1.6351372867718965 
1.9237229026269584 2.114332518619408 1.5732768152145031 1.8013584125574482 1.4075710101062362 1.6585983063091225 1.9116430106145577 2.1033476158808107 1.5584829582743247 1.788452214746452 1.3910159389566643 1.6445721436384266 
1.923192016617501 2.12274617907589 1.5736192210256235 1.8120875422510057 1.4070035155539913 1.6694438297772376 1.9105205553464453 2.1112727441998795 1.5581074136276005 1.7986335147553796 1.389633099922886 1.6548304929512538 
1.9230519347905712 2.131508134326904 1.5735745417048916 1.8224530230164395 1.40606821054377 1.6799482121487435 1.9098780202886676 2.1196302118958767 1.5574473174980141 1.8085464687371897 1.3879960811118164 1.6648517363362298 
1.924910535446853 2.1395102855266415 1.5753081237250985 1.8313435988569404 1.4074067215536135 1.689087733740995 1.9106926766056047 2.126727579365606 1.5579029557819994 1.816393490418387 1.3878975519952077 1.672866793033531 
1.924593931108939 2.1476529360353735 1.5760935884843132 1.841852962009009 1.408573817611757 1.7007150065961552 1.9093518639740972 2.1340046566166064 1.557444618746156 1.8259203362856113 1.387675372866925 1.6834471403823048 
1.9246297578086051 2.1528175512668066 1.576874351063651 1.8485011288723656 1.409251082469838 1.707750660325567 1.910027727516648 2.1397732646900725 1.559018580480172 1.8332928404055937 1.389242537745807 1.691277189901883 
1.9234469729023596 2.1589071715030386 1.5757155668353504 1.8558317448430637 1.4077632320696722 1.7155259354399892 1.9104999803892304 2.147380285992039 1.5598850807246187 1.8424096674375248 1.390021307414836 1.7009971054258881 
1.9244529069093093 2.1648851035821024 1.577698983365233 1.8634222824984383 1.4093030523317864 1.7231783465769555 1.9111319293266202 2.1530521991098337 1.5614225381016154 1.8496618240347855 1.3910576385224624 1.708288580565851 
1.9246064959095637 2.171674299911773 1.5788614515837955 1.8721278225851168 1.4111881811074274 1.733064102477831 1.911163672498326 2.159769821966519 1.56244676782196 1.858305411679493 1.3927988015062653 1.7181232791267598 
1.9262573696276648 2.173811125476381 1.580216944487335 1.8740525464471078 1.4114637116287794 1.7341329719617495 1.912651135064858 2.1617635670130277 1.5636024117610239 1.860064476641842 1.3928376501462365 1.7190067116986163 
1.9246562330427972 2.16983684432505 1.5784827675304187 1.8696251396979262 1.4087533777742964 1.7287210286771229 1.9112368567423792 2.157942686488798 1.5620923642891573 1.8558078753390637 1.3903635447502534 1.7137681004647303 
1.9230637829445074 2.165024791745545 1.576238468783464 1.8637826445357946 1.4053925528736941 1.7217102727441804 1.9095439045784832 2.1530248394091602 1.5597151408872196 1.8498295479078173 1.3868351877252176 1.7065959901256185 
1.922928111081899 2.161390262675623 1.576976716248214 1.8603254851743012 1.4057168017737427 1.717554969713924 1.909521548134244 2.149471537375873 1.5606010335729628 1.8464644413551534 1.3873210692514548 1.7025319663339655 
1.9233725758471343 2.1597224407133524 1.5777205384734143 1.8585588645294073 1.406273134750444 1.715413386015406 1.9099823646727316 2.1478062270048572 1.561368843470639 1.8446982465327058 1.3879029855724212 1.7003863245629918 
1.923307481202639 2.1575563157540154 1.5777089849684067 1.8560989277649078 1.4063362383335074 1.712810323313717 1.9099972222205037 2.145699647501961 1.561455527029201 1.842303164870006 1.3880775687583313 1.6978506781487117 
1.9230620528413247 2.157299573790875 1.577843255547993 1.856168939261265 1.4064691034922485 1.712871603792383 1.9095890035550294 2.145298103877009 1.5613941983042878 1.8422067295768654 1.387990577236852 1.6977313198790585 
1.9235842595206194 2.154492012534623 1.5737898193454838 1.8489115241339944 1.3996872463073635 1.7031687573683032 1.9317694970817532 2.161803140541592 1.5837838810442195 1.8574258559779688 1.410915083857101 1.712407896050322 
1.9237854061002255 2.150556116850758 1.5743813034726404 1.8446186087438807 1.400740764283031 1.6988278346331065 1.931584553920488 2.1575356803409322 1.5839018558434137 1.852751038845805 1.4114330621549893 1.70765471098352 
1.9257105977923992 2.148382864679841 1.5771430751995712 1.8424353194752754 1.4037971266710727 1.6964179908412784 1.9326291025776157 2.154586474228862 1.5855832432672716 1.8496653340888345 1.4132729087228553 1.7042675674112793 
1.9301624810636644 2.1523969418547875 1.5869762522816278 1.850886008728209 1.4177524633397185 1.7080127163770884 1.9158858343298644 2.139603683439024 1.5695811390896108 1.8359930131092113 1.3982536873492735 1.6918625139726455 
1.9348116613645785 2.153871410078225 1.5924244901885805 1.8524258806096292 1.424119541665081 1.7099071188670922 1.9201667862121665 2.1407256650660216 1.5745983865330104 1.8371243738713936 1.4041583923732963 1.6933182444751371 
1.938906778433084 2.1504083491871397 1.597057925891782 1.8481045942948577 1.4294160422542348 1.7053230763271106 1.9235752363798408 2.1365950160977536 1.5784093934127992 1.8320133149117013 1.4085497564565337 1.6878711411757001 
1.9397265043087903 2.1414991436650164 1.598446556728751 1.8380726496844457 1.4319034736734177 1.695236629122318 1.9233471193515745 2.126674355024295 1.5785298935142154 1.8207790353356992 1.4096356933328555 1.6764702379457859 
1.944679096656865 2.1361266223644515 1.6042684592592849 1.8316488329300897 1.4386886076473115 1.6885156403107906 1.9268711598895658 2.119927504565701 1.5826348180215672 1.8127308473720414 1.4145248628476488 1.667975043402676 
1.954915405509108 2.140777365420524 1.616325997655436 1.836775222039115 1.4532210082079189 1.695017635394051 1.9360339166907279 2.123549107550103 1.5934374209791988 1.816666259987464 1.4277199944585914 1.6732058654501663 
1.9633364716706507 2.144842570398154 1.6264035524408327 1.8414255527151133 1.465289339957184 1.7008034573671822 1.943295964250469 2.126513285985338 1.6021540559734448 1.820043178024126 1.4383260942749247 1.6776297280008363 
1.9652313944341744 2.1448635954926574 1.6285523666341495 1.8413278416592984 1.468985251140967 1.701829332709273 1.9445489100636397 2.1259294139810216 1.603533236584041 1.8192372716140381 1.441198701786013 1.6779031878000856 
1.967260498960778 2.1443211379761684 1.630665591337295 1.8403992889510172 1.4724220423409213 1.7017714131960877 1.9463402918429782 2.125144654759155 1.6053650462282432 1.8180198578814835 1.4443522186957756 1.6775436219816788 
1.9510976553042751 2.1342213602468325 1.6109129755929834 1.8284308488247074 1.4512691167849745 1.6894676094361325 1.9305068962668432 2.1154138201623436 1.5859115457470632 1.8064424111866506 1.423466496034887 1.6656457064255412 
1.9342533651128153 2.124148380704665 1.5904030866576717 1.8166045912223856 1.4294052594174438 1.6774592866744191 1.914356269598282 2.106046103424674 1.5661436155570951 1.7954041571050934 1.4023634486645216 1.6544768070149096 
1.9191030160366587 2.116514129166399 1.5710406690347007 1.8068880586691032 1.4083665933843361 1.667384818858862 1.9009395764097816 2.1000587958342978 1.5488007201576968 1.7875847794051616 1.3835141301631149 1.6464467866168648 
1.902085240413502 2.104895157816391 1.5501146243419839 1.7931845170530807 1.3859295636499316 1.6533167025705904 1.885716177318021 2.090115036307545 1.5299845058688961 1.7758119134071857 1.363377422065838 1.634458123843768 
1.8876030336543859 2.0959734962210854 1.5324844197123964 1.7828539426608228 1.3669103045413185 1.642712228255832 1.873066335328581 2.0828915432017197 1.5145430929957853 1.7674559300704615 1.3467650368721487 1.6259876225670478 
1.882641228477099 2.111795621920303 1.5245850955462474 1.799917350091876 1.3581909114560295 1.6613323886452585 1.8707891845640332 2.101236523259997 1.5099251277734802 1.7875168936493329 1.341714101394839 1.647889402685071 
1.8745720275306068 2.1214309312349084 1.515413889074602 1.811885251554361 1.3487918089906277 1.6750188815652827 1.86653988873536 2.1143367910151425 1.505466746574035 1.8035739615109248 1.337606150494311 1.6660249468240895 
1.8694853465064363 2.1296940472289183 1.5092668255819743 1.821677146149199 1.3415062134788232 1.6853071514718883 1.864778310433251 2.125563318525771 1.5034324185217938 1.8168462541069044 1.334938802740519 1.6800841886829034 
1.86628007839499 2.1382840883788123 1.50423970876121 1.8308453274414007 1.3352055990797858 1.6947069078203492 1.864166992491287 2.13644005005851 1.5016172436057098 1.82869129649977 1.3322504406807338 1.692379611167072 
1.8667128950007952 2.1463644692275006 1.5048974182854624 1.8403748645214242 1.3355362693548423 1.704676077488697 1.8641095047937097 2.144100661877201 1.501666891511646 1.8377341634366626 1.331895018483908 1.7018248272552174 
1.867621589734358 2.1512570218460394 1.5050720907790067 1.8453017016308988 1.3352058696852296 1.7095821378459388 1.864810653305555 2.148817150034384 1.501582621330538 1.8424567132722252 1.3312712288192403 1.7065109013076623 
1.864246526582587 2.1482694996846274 1.5032988987806915 1.843788032956945 1.3348347187106124 1.7092192538335274 1.861643168352958 2.146010721705565 1.5000692495599128 1.8411557470445676 1.3311964170156259 1.7063793927715019 
1.867110475458011 2.1481041996525776 1.505275889784009 1.8423098624729337 1.3358335080259967 1.70666378826207 1.8648739961522978 2.146160559353619 1.5025009145837616 1.8400432395259194 1.332705764647636 1.7042167644184938 
1.867505199411086 2.14536794835465 1.5065648841744057 1.8397732779414533 1.3381859028653083 1.7046317709779553 1.8656448782947521 2.1437487669751416 1.5042582531957205 1.8378848865768063 1.3355885042584936 1.702593497199916 
1.8711291392990492 2.142376366545804 1.5119754278208362 1.8370416256399853 1.3447671964819785 1.7020725756365385 1.8685591584785322 2.1401321381480165 1.508793812001494 1.8344238897087008 1.341188982035716 1.6992469289464671 
1.878102004499247 2.139098288836698 1.5206426604906524 1.8332562425651493 1.354019269620669 1.6975990493941995 1.8744021033929965 2.1358505554471945 1.5160706470359782 1.8294656478885 1.3488826073473146 1.6935048386125413 
1.8835480184762186 2.1323541965409243 1.5281386514010076 1.8260309470284697 1.362767162029409 1.6900637915492096 1.8789822348456864 2.1283222313516554 1.5225074183286234 1.8213209822723972 1.3564495710735767 1.6849738040888618 
1.8941904949954878 2.1264333866668035 1.540272051597136 1.8182957156445292 1.375807208343978 1.6812515549825524 1.887715098692398 2.1206672559435744 1.5323017507760182 1.8115490531672749 1.3668782451378947 1.6739526437839425 
1.9039139044518898 2.121727711268635 1.5517845244637671 1.8124225598809016 1.3882036540670968 1.67449983886689 1.8953581903706855 2.1140536878247063 1.5412753565165571 1.8034328514822058 1.3764461120600544 1.664765516403208 
1.9068017158316592 2.1125417907105555 1.5551088834864777 1.8014726402303645 1.3911529374941345 1.6620007609801386 1.8968323416418646 2.103547709537048 1.5428686879636127 1.79091703389592 1.3774565852681382 1.6505534460593998 
1.9115563883472677 2.107438436071443 1.5579839029435605 1.7929201816676752 1.39001652430151 1.6490587842254896 1.9014610758128208 2.098285766722743 1.5455808742447772 1.7821529605595725 1.3761004087025226 1.6373458006271153 
1.912036876234674 2.0995379625244337 1.5587312116209293 1.783765015376535 1.3905093469952836 1.6388077630037179 1.9016979714405886 2.0901267460566233 1.546031419014908 1.7726781401543965 1.3762581162635334 1.6267332426004115 
1.9167652584709607 2.101392515947758 1.5645277338804988 1.785947502050732 1.3970040386775011 1.6411830288183122 1.9098591737563397 2.0950951084810563 1.5560591369164765 1.7785335216355214 1.3875133482533597 1.6331119807230763 
1.9261132974808126 2.106344947707381 1.5748664040903309 1.7908045104735495 1.4068268787354077 1.6449736991005084 1.9212373410831909 2.101887134165964 1.5688991926737708 1.7855590947298299 1.4001436900448503 1.6392617108846317 
1.9330517292576628 2.1096394371991725 1.5810600709606326 1.7926629674833023 1.4101717725107252 1.643920312845498 1.929473060124458 2.106360808775657 1.5766826724950205 1.788803459507511 1.4052621569465393 1.639710735692744 
1.9423855233092013 2.113773435153626 1.592156166197638 1.7972584320461986 1.4207398473897888 1.647324597024266 1.9386836676573 2.1103722366542734 1.5876378994094213 1.79325701271211 1.415674593980255 1.6429580548635927 
1.959370464107959 2.1162708429259807 1.6115457845244854 1.7990412670693912 1.4404954063163962 1.6475729667054628 1.9558706293358563 2.1130308998447322 1.607288747767071 1.7952288945141897 1.4357312835968432 1.6434092563018623 
1.962014944695175 2.1125532245146417 1.6135093370684939 1.7935414308030941 1.440792434185858 1.639896741141713 1.959450660289054 2.1101718824084474 1.6103902097650775 1.790735913223167 1.4372985372939089 1.636827898255406 
1.9655211434273505 2.1129556420474045 1.6154993207240786 1.7919671412333318 1.4404733476395735 1.6359314304884418 1.9628560580592658 2.1104767434539426 1.612255747286999 1.789043536267343 1.4368347172378457 1.6327284479238915 
1.9646858841815527 2.110459823617178 1.6141902909825252 1.7887594413733363 1.4371783074838869 1.6308070183508072 1.9623764445188008 2.108310070554673 1.6113785967308394 1.7862225576904602 1.4340195863384324 1.6280240224278788 
1.9623816179414644 2.103576571469306 1.6100043314334778 1.7793838048140596 1.430922010465476 1.6191450143932629 1.9601572329674373 2.101501643005439 1.6072923538530755 1.776930355516096 1.4278699392992906 1.616448372560831 
1.9656878199650016 2.113434863902543 1.612143113485512 1.789324938841115 1.431200108705544 1.6281928846296927 1.9626556062841898 2.1106149215995704 1.6084445410640558 1.78599332587744 1.4270326466058023 1.6245308531630787 
1.9682645478436709 2.120616254181376 1.6135996660566865 1.796288353661029 1.4314429483211162 1.6346182678222612 1.9648332070428396 2.1174318167766937 1.6094123410419874 1.792527838193385 1.4267211064178766 1.6304849225608467 
1.9664810143173108 2.1186381132865613 1.6117386275914716 1.794235569558925 1.428696338509496 1.6317944426521496 1.9623393620651959 2.114794469283112 1.6066827925606348 1.789695357123787 1.4229903091414362 1.6268009390550646 
1.9669818239749672 2.1201833337350546 1.609767776993902 1.7937425034401928 1.4260740148561326 1.6309037275841545 1.9614803983338427 2.115080430113212 1.6030409081018142 1.7877080370820875 1.4184762786341862 1.624264395302652 
1.9637282217600887 2.1168500418161513 1.6085077754667647 1.7922396140965753 1.4241914472910726 1.628848319868072 1.9567654481764134 2.1103925203092055 1.5999999231178232 1.7846078909881131 1.4145754729872282 1.6204472652255737 
1.9623099054760667 2.1145530878011765 1.606041763943108 1.788866888152802 1.4220870753682735 1.6257325259492996 1.9530620227912605 2.1059738509462766 1.5947292081320545 1.7787174714578733 1.4092986729822354 1.6145579412549709 
1.9641701438780703 2.1160276227171515 1.6058998580552897 1.7884414723725235 1.4212193194936522 1.6246454690491707 1.952435941612938 2.1051400552224546 1.5915263447715842 1.7755462968061406 1.4049576883671622 1.6104392730252202 
1.9625731820661492 2.1180087978960924 1.606424814725311 1.7930054261951496 1.4225889763966435 1.6303457206265333 1.9502136766429596 2.106561453545861 1.5913015348969064 1.7794685577343732 1.4054889844339764 1.6154463960049092 
1.9657013985133043 2.119818818087329 1.6117793087507855 1.7965195165979022 1.4268602636968906 1.6326604195352934 1.9529794074790343 2.108027134416718 1.5962390541636173 1.7825905170389413 1.4092823670354921 1.6173208164854491 
1.9739286661582176 2.127790891577732 1.621254212232357 1.805426520210989 1.4329815010254527 1.6384552729571717 1.9608074533215034 2.1156241557046847 1.6052528494293852 1.7910713022660936 1.4148524559830116 1.6226235458051137 
1.976931245314882 2.1317922730656123 1.6267940781494905 1.8118333586459463 1.4389286002794754 1.6452345314581294 1.9637153059194326 2.1195421556322604 1.6107078030177449 1.7974038982661216 1.4207167806083836 1.6293303279268603 
1.9835365872312616 2.1381860412707407 1.6343464729625232 1.8189311553450946 1.4474184863007102 1.6530101114890496 1.9708968900389083 2.126465778084623 1.6189828757479308 1.8051392484141051 1.4300480526069883 1.6378215980274042 
1.9956769104849212 2.151968380121474 1.6456391872590541 1.8320398228866752 1.4582284657222406 1.6657346235948391 1.9836202055541379 2.140792072547598 1.6309969722481523 1.8188987606468483 1.4416841010022412 1.6512706092832394 
2.00135261583611 2.1637063703548223 1.6538549376877163 1.8470108605836728 1.4680386701017245 1.6826617310422318 1.9890240683697218 2.1523079957928974 1.638914459803818 1.8336448867635304 1.4511864072385876 1.6679793022558882 
1.9964077364785107 2.173364717729459 1.6455275014022859 1.8562411222336526 1.457945727889502 1.6921808684272641 1.984644323996431 2.1625640889396203 1.6312357280207084 1.8435835609950664 1.4417957511281723 1.6782864278695846 
1.9832989919437891 2.180056528497656 1.6292548290078046 1.8637711430981139 1.4396569119916212 1.7005245073933073 1.971954414849707 2.169740950031881 1.6154258326042858 1.8516944123275985 1.42398783247795 1.6872797406017919 
1.9736602274039572 2.1900228716240018 1.614543639805453 1.872863222404733 1.4221162949759911 1.7097602877117717 1.96326399228332 2.1806583841574634 1.6018183339555832 1.861904256398873 1.407652502074372 1.6977488187586054 
1.9553768361318489 2.189378574408958 1.5949043582864144 1.8744598909768646 1.4029213708832722 1.7140794449735985 1.9464101369652285 2.1813739688739755 1.5838982802190926 1.8651042150188282 1.3903964265205084 1.7038433594908307 
1.9432985723277547 2.1923231511825736 1.579424534319728 1.8773527419244074 1.3861026145315105 1.7178917067181767 1.9350141000238448 2.184983072083418 1.5692202158049997 1.868775947964627 1.3744637805672033 1.708514601076353 
1.9328027563450338 2.1940589422654444 1.5657265510091345 1.8787410092226549 1.3716866588747445 1.7203756675025834 1.9242101301404064 2.1864932591103408 1.5551069939187336 1.8698999731897317 1.3595522866498957 1.7107163900936238 
1.9205322062587233 2.192599831085691 1.5508730354471316 1.8773005183179916 1.356131729913064 1.7199253858458512 1.9116827810274903 2.1848526539052924 1.539900734488103 1.8682463263919455 1.3435700089228695 1.7100381378428378 
1.9131051543775632 2.191626405596082 1.5401213656416821 1.8748943412645953 1.343658077825605 1.7171697644979662 1.904008710512113 2.1836904862424986 1.528807266762557 1.8656115964760727 1.3306745913655975 1.7070295363894559 
1.9065127055657825 2.1892214005174897 1.5320388184650413 1.872175895925316 1.3350573268904073 1.7147237999409 1.8970166638708685 2.180956640330972 1.52020540316227 1.8625047951089306 1.3214611581895852 1.7041593929570553 
1.9012033841051936 2.1866532048619507 1.5244840382677152 1.8684029312578805 1.3263862100206865 1.7106075846707332 1.8921096180647252 2.1787511875781136 1.513127913288576 1.8591487333113077 1.3133182695649368 1.700494871433913 
1.8983091209703546 2.1827097204070083 1.5206646800525223 1.863616182039435 1.3217549468639185 1.7051921722665864 1.8897783913991715 2.175294594623735 1.5100019599322512 1.8549259079001619 1.309473554295481 1.695690182255957 
1.89782764410566 2.1802790116248056 1.5200317170150233 1.8607426534939322 1.3215373905915941 1.7024476134470745 1.889696505932008 2.1732049342691178 1.509867391041889 1.8524487416205717 1.3098336507097532 1.6933785738374156 
1.900972754132252 2.179040903873344 1.5238261337676158 1.859184750032433 1.3257498858959633 1.7006277102156016 1.8935533127834452 2.1725712870129623 1.5145602735953296 1.8515978697204099 1.3150891590889036 1.6923301525273253 
1.9073257329594464 2.178371527175585 1.5307320075079405 1.8575660251009356 1.3330624238981794 1.698371715735189 1.9007013409763485 2.172573737848566 1.5224699060373212 1.8507635379997331 1.3235669843227769 1.6909289224533626 
1.9111785882224326 2.177441284553935 1.5366640182160478 1.8574130548911005 1.3400897483675824 1.6983778982546522 1.9050248282843694 2.172042022609114 1.52900369691505 1.8510805646378252 1.3312988146843254 1.691450113240083 
1.9178775236940027 2.1787530137421816 1.542456166732345 1.8568472003077257 1.3454378977458008 1.6967361715041733 1.9123112726987308 2.1738548485790488 1.535529626575352 1.851097440193422 1.3374914371653523 1.6904419077538984 
1.920221591258803 2.177648267176426 1.5441506080484797 1.8545355527291705 1.347059598212525 1.6939511731854877 1.9147872643133204 2.172857860877349 1.5373875270654727 1.8489081708880215 1.3393016348741196 1.6877884598421953 
1.91797258767577 2.17367458357402 1.5437467891709733 1.8518629801569255 1.3471850099654799 1.6914933636510932 1.913159430203267 2.1694288081372224 1.5377627604333803 1.8468775421168804 1.3403236957450577 1.686033794909132 
1.9065020427458894 2.1677212119168483 1.5293418309175517 1.8447633044361678 1.3299602823371266 1.683169500137835 1.902237640147584 2.163971638722247 1.5240224527198574 1.8403558487407399 1.3238400028682655 1.6783377391914445 
1.900537709401287 2.16479324478258 1.521143232196196 1.8406963195096282 1.319104378302297 1.6775942801095534 1.8967195341210283 2.161441925871776 1.5163700534883595 1.8367537523893318 1.3135972621455518 1.673267454687472 
1.898211820103407 2.16097176788136 1.5191529302806515 1.8369584897814892 1.3167702370498393 1.673461898215878 1.8946179351627308 2.1578155592729167 1.5146599063289057 1.833244527999549 1.3115841046003454 1.6693842370887204 
1.8963065005414181 2.1587053960639557 1.5169765984996737 1.8344614041717093 1.3133995495642747 1.6700446161092941 1.8930100746788538 2.1558102388280003 1.5128538591799408 1.8310536426428472 1.3086356160656945 1.6663006387310904 
1.9046505225564714 2.161879714016171 1.5232779773484024 1.8347768477595963 1.317551084199258 1.6679242021970424 1.901706765722476 2.1592866663772643 1.5195956060724314 1.8317208004482126 1.3132919969278118 1.6645618504563415 
1.9013255633669475 2.1555191520171286 1.5247373511240025 1.8319519389745573 1.3219028261989003 1.6669286123624614 1.89831159810834 2.1528610824464827 1.5209773224846712 1.8288236471329433 1.3175640809890956 1.6634900132891213 
1.8979747923231225 2.1529265705764327 1.5198332588458512 1.8282991113857712 1.315951928109078 1.6626827668241468 1.8947843623731964 2.150114482043689 1.5158471566401408 1.8249868789374897 1.311346233720904 1.6590399183545885 
1.8962928392242084 2.1512011672767866 1.5191052045506954 1.8274081515887495 1.3150627334439258 1.661664804614038 1.89292688924137 2.148234656180048 1.5149014154105904 1.8239150825663484 1.3102044377932056 1.6578225474437878 
1.89720255110826 2.1514765793128428 1.5204695937544066 1.8279227929351092 1.316360182902723 1.6620102534375925 1.8937444974525182 2.1484278375201926 1.5161525276935994 1.8243334230977875 1.311371355807229 1.6580617552527077 
1.9000714033293171 2.1539946086631323 1.5212927119229358 1.8285931619006563 1.3162990590856776 1.661946042851524 1.8964987212201965 2.150843749785149 1.5168281304056304 1.8248805477591787 1.311136634676127 1.657860280961529 
1.8998464978281797 2.152397115522598 1.5239493781979767 1.8291578212144517 1.3205880429982697 1.6635352136068535 1.8960732861653844 2.149067363790628 1.5192428701527614 1.8252384847219278 1.3151539721682781 1.6592246978965808 
1.90116273068483 2.1545518111999535 1.5255887877619576 1.8316918212256668 1.3224782229379053 1.6663200259088888 1.8973163675425875 2.1511585662486623 1.5207928259118662 1.8276992635400935 1.3169427930418998 1.6619302328151444 
1.9020442023578448 2.1562967201484797 1.5268056360005653 1.8338426453005967 1.3240184411567273 1.6687924466880506 1.898241444849177 2.152943097376958 1.5220656639393357 1.8298981619049433 1.3185496834564445 1.6644568679731808 
1.9023546677216527 2.156848102440772 1.5272518937628987 1.8345404880248242 1.3251410084222586 1.6700416603792734 1.8987258309198725 2.1536481226519713 1.5227294067569457 1.8307772396996747 1.3199262068018651 1.6659068541195092 
1.9032652500108045 2.1579464656702423 1.5282481722216097 1.8357169751077345 1.3266696121863537 1.6716359043460063 1.8995738428180913 2.154691421322016 1.5236484661229082 1.8318894576689637 1.3213683938700405 1.6674317884455394 
1.905193789968884 2.1598973915758126 1.5294891344942598 1.8370439236273037 1.3278411681131144 1.6728883801784264 1.9015940423066118 2.156722807070023 1.5250027989928412 1.8333103669962703 1.3226710445670156 1.6687876009055196 
1.9045063650052105 2.1595282845902624 1.529468360949438 1.8373054685449994 1.328779123837126 1.6739390304145967 1.9009979192585564 2.1564347907194783 1.525097394209747 1.8336684486093335 1.3237456532980043 1.6699462483042262 
1.9055112753169843 2.1611990707845865 1.5294119085322175 1.838180891305358 1.3288299633738547 1.6749917237885565 1.9020167669187775 2.158118621586904 1.5250558505314356 1.8345581349306321 1.3238140476819846 1.6710152111935306 
1.9046631369472897 2.160909211245556 1.528538342746393 1.8379924970591937 1.3274939341653844 1.6745229467660006 1.9011376589047648 2.157802435837417 1.5241431028961454 1.8343388869306265 1.3224306704345183 1.6705118473407754 
1.9044976339044792 2.16123434841013 1.5275670141593658 1.8377387338650073 1.3260359904420995 1.6739755431749175 1.9009469806040777 2.1581061360062344 1.523137934747789 1.8340588429676294 1.3209313507778366 1.6699348204848474 
1.9027044553032113 2.1601612742178973 1.526390363907834 1.8373568051499114 1.3248159577204262 1.6736635887270446 1.8992916093035028 2.157155790287454 1.5221340006617976 1.8338223475491537 1.319909729781052 1.6697826748324733 
1.9015112010257422 2.158801298041661 1.5247959619655216 1.8356690666964892 1.322855654871823 1.6717132769785494 1.8981208697620813 2.1558156305738114 1.5205659190664376 1.8321569013123193 1.3179776448128246 1.6678558897657676 
1.8997639438941458 2.1574502153978523 1.52326697677073 1.834620034753856 1.3202149228516695 1.6698670102496904 1.8965563607655427 2.15462628289925 1.5192647134585335 1.8312983533439438 1.3155950857160572 1.6662169183393378 
1.8970415726395247 2.1552416359013296 1.5197789017888887 1.831946421466152 1.3166271652683763 1.6672752841455545 1.894112001821075 2.1526634795626185 1.5161205286660557 1.8289125835431936 1.3124026209371271 1.6639412310062636 
1.8946620221245927 2.153851670027732 1.5174482450750175 1.8308418869146648 1.313042365988718 1.665356746550495 1.8918394958561497 2.151369219004783 1.5139226124479581 1.827920817453877 1.3089662924923813 1.662144877344105 
1.891672935750163 2.1511746079408898 1.513623636129418 1.8276165379667695 1.3085154213266423 1.6617275064972716 1.8890026245110514 2.1488267993045973 1.5102850497206282 1.8248524952471201 1.3046520714005096 1.6586870486651906 
1.887704718261786 2.147641514161013 1.5100249977228224 1.8245850113786994 1.3042886966265597 1.6583437442664923 1.885207017233866 2.145446449536275 1.5069014195453563 1.8220007843653112 1.3006711339257937 1.6555000358283927 
1.8861093246223268 2.146948398175254 1.5073240048600332 1.8231853157666913 1.300342280642789 1.656160948346292 1.8838466581936253 2.1449609021115723 1.50449177557981 1.8208444587024148 1.297058169083904 1.653583664042219 
1.8841732191895442 2.144763352892596 1.5051563729762731 1.820823118018631 1.2975771169033037 1.6533624812215528 1.8819809881056422 2.1428377352452728 1.5024112042949793 1.8185545212588732 1.294391785353681 1.6508637781449715 
1.8812971010326383 2.142497798121111 1.5027126532886483 1.8191105933817793 1.294987634826607 1.651669157838158 1.8792802690215764 2.1407270639046465 1.5001869435286421 1.8170247378981412 1.292055928175638 1.6493715633943158 
1.8802842383896219 2.141338489388457 1.5015362262484513 1.8178208788922083 1.2937288666240854 1.6503321148594428 1.8779438507837343 2.1392837155684705 1.498604460255087 1.8153999662048141 1.2903250249051363 1.6476651294776012 
1.8778800446845612 2.1394210362208956 1.4990552632323098 1.8159998871763428 1.290915141372387 1.6483782363961526 1.8755419224385494 2.1373690394558658 1.4961252363436992 1.8135819889998053 1.2875115311423388 1.6457140853819323 
1.8754658544868257 2.13742006745188 1.4964406009414473 1.8139809385839754 1.2878047573083429 1.6460964328817436 1.8730711025868718 2.1353191163725387 1.4934381996406814 1.811504907403234 1.2843147110214068 1.6433674727053593 
1.8740201821880818 2.1357928847264778 1.4947591072973099 1.812171181772917 1.2860024317427439 1.644220744805347 1.8713109196892563 2.133416077877977 1.491361023947002 1.8093693119283996 1.2820511570714528 1.641132161816424 
1.872727437591293 2.134347037177237 1.4929141922787292 1.8102822998381356 1.2841493353606699 1.642366808939845 1.8698970455635386 2.1318640155055033 1.4893621759019027 1.8073541187623552 1.2800181330775162 1.6391386886432915 
1.8704472433950121 2.1317797909549663 1.4900366298598164 1.8072413632727644 1.2807839108624062 1.6389995769139172 1.8677077483171716 2.129376533148611 1.4865962804756374 1.804405909967045 1.2767798436394584 1.6358725365761233 
1.8696947481500181 2.1308545680688207 1.4895906746686352 1.8065611301751623 1.279738404854586 1.6378379418794033 1.8669142757983719 2.1284152912859278 1.4860992026038369 1.8036833366696494 1.27567270362729 1.6346631413779904 
1.869376668528352 2.1302462168111367 1.48863207692101 1.8053823073903656 1.277970998120912 1.6360286328295603 1.866682038408834 2.1278819628725087 1.485246836090944 1.8025920169351022 1.2740261283498702 1.6329489860734046 
1.8666760411830328 2.1275074716030398 1.4864509836273647 1.8031486698901895 1.2757325467066989 1.633799905045523 1.864158255515545 2.1252987085599897 1.4832879307830829 1.8005420529959193 1.2720456318885576 1.6309226494860998 
1.865119845671146 2.12576703406473 1.4847897813213693 1.8013367644936245 1.273584449778011 1.631634393826129 1.8627639903960886 2.1237003386345163 1.4818293896114896 1.7988973801516195 1.2701318813085354 1.6289408952802307 
1.8645673310382866 2.1251467734665384 1.4841452044780659 1.8006455688933454 1.272890664580128 1.6309163438923653 1.86209898404334 2.1229814184714946 1.4810429711440651 1.798089474741243 1.269272208147346 1.6280937980273862 
1.8633150467442938 2.122362260082781 1.482700515756196 1.79746471982726 1.2713562346658351 1.6275212057063004 1.8605080411983417 2.11989829259889 1.4791713989134898 1.7945547155112573 1.267238684448865 1.6243067699679423 
1.8640088165931512 2.1221255354801705 1.482592033007395 1.7963760898923702 1.2706413043565836 1.625858925102975 1.8611266386619154 2.1195943680659752 1.478966745108557 1.7933852216233412 1.266409420818165 1.6225537714162206 
1.8652758635764202 2.1221165501547645 1.4849820163358072 1.797024260838111 1.2726969829620718 1.6260019113275235 1.8627149695647909 2.119865954026518 1.481764016110784 1.7943659617371144 1.2689407476477221 1.6230635311782344 
1.865627048094889 2.1212992098672103 1.4848623376539825 1.7955952263757136 1.2735650595800945 1.6252119911516927 1.8632463393451897 2.1192057418484054 1.4818700348826983 1.7931215395179576 1.270075036949884 1.6224785529193444 
1.8677202004423066 2.121452979573257 1.4884068247425668 1.7965352413298907 1.27710590192836 1.6257870346820489 1.8648863917515859 2.1189585299246065 1.4848492795365629 1.7935889663856235 1.272957969353368 1.6225307359616485 
1.8699637880652553 2.1212222907265894 1.4913074789175302 1.796334443992922 1.2811358025889996 1.626077606596733 1.8661047205007975 2.117821112812732 1.4864656928013373 1.7923168508596241 1.2754964538858427 1.6216382586370366 
1.8729743897470246 2.121285747995361 1.495872618055508 1.7970684598668576 1.2873671714970207 1.6276161692021371 1.8678101910762344 2.1167274434579997 1.4894014686068493 1.7916854898916383 1.279842208824291 1.6216708172401204 
1.8765567555955271 2.121119918196803 1.4998695642525752 1.7964668547377127 1.2930836951145932 1.6278052380340868 1.8700934255515713 2.1154039497673276 1.4917750745642622 1.7897143133727267 1.2836859451950116 1.6203499795696021 
1.8843883850003136 2.1238691243869265 1.5080415702241403 1.7983575421823355 1.3023137753721605 1.6296998624053725 1.87680585151051 2.1171444627762392 1.4985559703474842 1.7904106982097963 1.2913178494329312 1.62092635868015 
1.8842006222080387 2.1169155055715283 1.511073615919873 1.7928922850325282 1.3090528181586716 1.626265216294427 1.8739955077238473 2.1078373836634454 1.4983292865619227 1.7821643930819513 1.2943208485414892 1.6144304667495468 
1.8915630302371633 2.115905804651993 1.5198782708361878 1.7913895821289125 1.3203980077840165 1.6255760750453974 1.8783448824324034 2.1040974725900887 1.5033957423645978 1.777426632792476 1.3013914472440642 1.6101758834860245 
1.8947523586445274 2.1127317361626865 1.5228733601284776 1.786810610945939 1.3248767344130548 1.621372026954024 1.8779584899536519 2.097683717434304 1.5019270489571057 1.7689922975493704 1.3007459209196084 1.6017143438169616 
1.893259452205442 2.105750785198773 1.5200985544908758 1.7777667539261865 1.3227947223077547 1.612309180450589 1.8729092560413199 2.0874731369206287 1.4946763339817923 1.756078688261221 1.2935005239137904 1.5883635041656081 
1.8906333968968283 2.097559647795895 1.5154482610309201 1.7668744342656724 1.3180413279793772 1.6007794279230478 1.8677444724644856 2.0769523945005672 1.486794607476648 1.7423604791838112 1.2849932743877066 1.5736802565393138 
1.8817688069968346 2.082811605063283 1.5049552186647583 1.7498401496669032 1.3082849297405708 1.5838749308535347 1.8547756656011773 2.0584564870082365 1.4710639472525626 1.7207787411826918 1.2691526244334408 1.5517083241725198 
1.8767647161819778 2.0713582375981274 1.4979549111724357 1.7355541087691906 1.3010419024403557 1.5687540216571938 1.8464039809656012 2.0438901167835857 1.4597365436699938 1.702677281661331 1.2568499882347215 1.5323025293608372 
1.872952598882417 2.0593880410695795 1.4923627622198294 1.7205447625971255 1.2959012734234037 1.5532185218121755 1.8392947379852964 2.028825472834073 1.4498966547931613 1.6838432158667265 1.2467613267904967 1.512462056390308 
1.8678014502556342 2.045569914150345 1.4862097240891172 1.7042574218929047 1.2903036659550533 1.536410611287572 1.831021292802749 2.012041995286642 1.4397138816782487 1.6638660033779915 1.23646280473658 1.491480567623008 
1.8700309203599923 2.0365831713687608 1.4862948127146376 1.6910729260154453 1.2900981425854545 1.5215152277589732 1.82987088714544 1.999770695460467 1.4354386405633786 1.6465538137645062 1.2311640987384418 1.4718764923805394 
1.8751133128062953 2.0354190725311088 1.4938763335240974 1.6907239173866915 1.299632664972453 1.5218166541418185 1.8320026544040267 1.9957741832941418 1.439392333501676 1.6427815298156356 1.2366199309987689 1.468369748633974 
1.8806844821458304 2.0346871037199135 1.5014612940013239 1.6903737770221503 1.3090301422748563 1.5220175432773861 1.8345991762845992 1.9921675698304424 1.4433177174912426 1.638945857032541 1.2419097912586605 1.4646902123944605 
1.8877063736314106 2.0350766451189624 1.5094366727520072 1.6901185365259594 1.3172413541369896 1.5209294472488362 1.8384192524037193 1.9894438785923696 1.4473247954791109 1.6348855195605136 1.2455821047239921 1.4593068142336107 
1.8982312762199578 2.0409610884530967 1.519275610157568 1.6942368683804665 1.3258215797080881 1.523168752233202 1.847468180840918 1.9938352153023202 1.4553539366146127 1.637160733519971 1.252062124025661 1.4594176060948594 
1.9059515037839159 2.0420819741470146 1.5286775457159598 1.695376858735594 1.3352231808863153 1.5232427899504957 1.8518146371319593 1.9916488406986232 1.4606236182864394 1.6342793545340313 1.2567367497993245 1.4549346764223368 
1.9071925710193767 2.034342458936425 1.5315060172756423 1.6872096544980708 1.3388351425591951 1.5144785492807418 1.8510609653416334 1.981815439109177 1.4610112509530857 1.623489948441782 1.2575860739573654 1.4431522687130074 
1.9083482186213814 2.0337280593617724 1.5320307253822945 1.6856378731611958 1.3383889731746148 1.5118008927882667 1.850292964823517 1.9793536701649355 1.4590782280862804 1.6196191439950938 1.2542233356445731 1.4378223365893994 
1.9112566657711938 2.035482567288362 1.5366720230598396 1.688682369699767 1.343239282650273 1.5147867868894356 1.8526446952005722 1.9805503290587747 1.463130626654647 1.6220476164203135 1.2584443152777243 1.440128235239772 
1.9182715049573587 2.039340019038358 1.5453313604309495 1.693278228777353 1.352534946066596 1.5193725437993706 1.8573638089376485 1.98215601436198 1.4690417848214425 1.623953790004928 1.2646681510781277 1.4417099843142414 
1.92952905296159 2.0518296445716078 1.5593796914872433 1.708387411081822 1.3681424480743407 1.5358177894342968 1.8639663980669958 1.9902997907960627 1.4774821112699976 1.63397549346459 1.274010253146673 1.452592389227911 
1.9359109986143217 2.06228233403574 1.5675746103314827 1.7212051561844393 1.377295975219524 1.5499036208990222 1.865838605071698 1.9966498768927665 1.480166363817223 1.6419955832144921 1.2769285449765386 1.4614388593765733 
1.940595170076335 2.0710015989186488 1.573742814351697 1.7319943574745271 1.3847521645852732 1.5622664836459879 1.8660284300630576 2.001299605357379 1.4808169817379864 1.648016062422815 1.2781592408630467 1.4686146715880242 
1.9422960416633839 2.075586405780605 1.5772480704889926 1.7387514170407599 1.389811123232668 1.5707068385479355 1.8642579391868632 2.002748780606607 1.4800862225631488 1.6511209043014539 1.2784829715804784 1.4731136151095916 
1.943453087226805 2.080405392593328 1.5781897132637126 1.7440640660054318 1.390331456830133 1.5761022349871214 1.8620795848973264 2.0045989812856333 1.4768253956684925 1.6529034891884642 1.2741083305949301 1.4745944301303322 
1.9411958366105593 2.0824353725324034 1.5763773723554173 1.7473584133697844 1.3888513110027905 1.5802543367363908 1.856417369471146 2.0036419975569912 1.4707174418202056 1.6526662090011313 1.2676561590881692 1.4748721783172163 
1.940084995739581 2.083964165592549 1.5741015886828427 1.7483628525777621 1.3857589084302686 1.5809189116061106 1.851467082757306 2.0017260580093996 1.4634877448526344 1.6494766540069155 1.2587010447814244 1.4708178585106484 
1.9393906388108302 2.085249162298616 1.5715765349187039 1.7483937840392478 1.3815154144297774 1.5797508851926876 1.8480216828996028 2.0005529634146355 1.4573266262808346 1.6464595089546175 1.2500131722774284 1.4661381073511048 
