1.8376475803148438 1.9171894159516425 1.5189374231471815 1.6142606736946172 1.4006140230045534 1.5034581033859906 1.6491578803246825 1.7373509551719826 1.2845014520182527 1.3959264333900263 1.1421439166046456 1.2661592922839526 
1.835428422367447 1.9141827139482415 1.516323715845088 1.6107562137015814 1.397857005860848 1.4997673744878752 1.6407724356638416 1.7284189753581898 1.2738030865225027 1.3848726555096156 1.1301950720270613 1.2540489901029603 
1.8307388930705155 1.9074263515116532 1.510643071609259 1.602720462726129 1.3922110490155781 1.491617242070182 1.6305891719256131 1.7162434091471572 1.2606580197662873 1.3696455872381939 1.1160052679091872 1.2377956817831675 
1.8272049791243756 1.902933587976446 1.5060500423747247 1.5970801278110345 1.386891107671006 1.4852424546345657 1.6150278334867516 1.7002332508949796 1.2400901569389664 1.3491856068936217 1.0922929148066969 1.2147353688145044 
1.81211910030369 1.886155673057093 1.4872672481048772 1.576632949232463 1.3659881481497027 1.462782010487364 1.5797194801880032 1.6641277671517458 1.1931897877896267 1.3028850521076119 1.0381048228793923 1.1625270803751 
1.8043356677412403 1.876920657801823 1.477829583234558 1.565625827227958 1.35523423520926 1.4504701948276042 1.5578280687172212 1.6413507381066448 1.1641225738225454 1.2737289039207782 1.0039227669911803 1.1291877062221443 
1.7897248230554998 1.8604867258276905 1.459920213662733 1.5458534681466547 1.3361851062861911 1.4295756548644216 1.5350104061735348 1.616957903527807 1.1333618288353637 1.2420969969294027 0.9687789443732973 1.0939965986149318 
1.7798051634541798 1.8508113550165397 1.4480164243053875 1.5344535890857565 1.322922216253911 1.4170107417582125 1.5211603778885907 1.6036599225702934 1.1148874564090134 1.225059301608767 0.9467553356903565 1.07430997280029 
1.7633157591648072 1.8343795094033732 1.4290615336363093 1.5158768369887314 1.302532912182629 1.3972321587048304 1.5101995304326379 1.5925979843384708 1.1016519514433587 1.212147986063979 0.9316716924533879 1.06003672602366 
1.749579783344778 1.8194326010184494 1.4076582266618411 1.4935887166314425 1.2769651004975664 1.3711110236770616 1.5077839613448476 1.5883066597633975 1.0926503278216504 1.2013285604899102 0.9181627980313513 1.045145202854015 
1.729344044337971 1.7988372974360995 1.3892984699074602 1.4749017043339567 1.259109261854272 1.3529748453859776 1.4968972003070922 1.57666928277531 1.0863796035857862 1.1939034475397123 0.914016705474911 1.039524572507649 
1.7130899916639553 1.782885681836951 1.3695875516151605 1.4559444002087476 1.2368026534331216 1.3317975966712097 1.489717524680169 1.569478365030627 1.077195917806603 1.1850548849311622 0.9023645534589722 1.0287204782151516 
1.7050396627167475 1.7741403307397192 1.3598901887421793 1.4455846523663842 1.2264829389099712 1.3208611059294766 1.4853224986639233 1.5641600259427553 1.0715988050745673 1.1784471395685256 0.8962606055368272 1.0216147682748327 
1.699341455237163 1.768591200602208 1.3537346049678864 1.4397051205186289 1.2201718321152801 1.314904085189319 1.4823249546194517 1.5612305161146318 1.068701675065385 1.1757026510336532 0.8935016449271707 1.0190675359599872 
1.709513591893978 1.7778573896604446 1.3655555977221323 1.450200768021535 1.2334094940733389 1.3265139114122588 1.4839752076332846 1.562217204479022 1.0698073595139685 1.1759370576566799 0.8950109921505153 1.0195022575601536 
1.7069470587808546 1.7737558587868316 1.3618419487887021 1.4446989577696143 1.2287433602997049 1.3199817538817005 1.4813341465991428 1.5578486572772754 1.0655027385608213 1.1695459251267604 0.8890966414741484 1.0114516414444192 
1.7024368025704097 1.7689652653871302 1.3558455627195007 1.4384937376805502 1.2217179842934949 1.3128373381901355 1.4782242531991416 1.554378971212027 1.0607417527118275 1.164525701453669 0.8828650571554862 1.0051854319209765 
1.6935410994776272 1.7606540851172017 1.3444913493287676 1.428103056589366 1.208918542011781 1.3012706840007924 1.475624373212875 1.5521883399381309 1.0569024664650424 1.1614061199424988 0.8779919569220951 1.0013447099974564 
1.6814419630190303 1.7485988591673305 1.3291575749328182 1.4131563092175223 1.1911719619774845 1.2842279931076452 1.4703508806408387 1.5467005552081792 1.04944961584694 1.1539910707979026 0.8680871385991673 0.991930529564087 
1.6653530467321336 1.7323769596308998 1.3100104789886224 1.3942225844749467 1.169961289898089 1.2635420768063088 1.4633341373247601 1.5391802875102059 1.0411884950670554 1.1453395314316188 0.8583445969189762 0.9820817720841784 
1.6432196364126612 1.7098013106475731 1.2818755365058494 1.3661825059237729 1.1385052870725545 1.2326573072399967 1.4545461771604775 1.529364027918847 1.0289502899033363 1.1322492868145955 0.8436397908421343 0.966942524192705 
1.6297519193945593 1.6964346357199414 1.2647771802061618 1.3496149339979349 1.118819642467118 1.2139013744412064 1.4499181539556811 1.5244873917714934 1.022659596332157 1.1258915598183734 0.8354212869985119 0.9590244424780059 
1.6190073904995772 1.6857754944512184 1.2510368802286567 1.3363185858515363 1.1027692147009955 1.1986467486679508 1.446582544444751 1.5209389024849913 1.0180910583500133 1.121233022298331 0.8291658870770371 0.9529796196625875 
1.5944587868101328 1.6621236958530012 1.2204295111296024 1.3075949484133227 1.0681033098141959 1.1667052060893703 1.4368050562397252 1.511543954741654 1.0057624662096114 1.1099164364563847 0.8142202572007404 0.9398462558929731 
1.5817614258911992 1.6503138843496894 1.201805626728948 1.2906988312063197 1.0451680823854888 1.1462735401628006 1.430424041058231 1.5058816838242504 0.9942235630065099 1.1000214550986538 0.7978220661509431 0.9263297240601533 
1.554053484003073 1.6246640049259693 1.1631411656123645 1.2559252640591676 0.998190618640593 1.104914208842519 1.4183001231552121 1.4953347909756163 0.9743666554958097 1.0834395585827987 0.7699854020318112 0.9040621754625563 
1.5287413807949857 1.6006998464655888 1.1315034705006257 1.2269840638227376 0.9617440814244504 1.072446486905039 1.4004918931414634 1.4787046127861236 0.9511190446810327 1.0629286082681941 0.7411335989920846 0.8800390904243742 
1.5336011599647053 1.605281885123323 1.1337965504644518 1.2290207608926262 0.9616281598648669 1.0722528296559026 1.3960770852087967 1.474458761954735 0.9394643834893849 1.05242137031946 0.7223762370434744 0.864190280381057 
1.5390250185462517 1.6103150703546465 1.1349889619336788 1.2299254293701265 0.9594893848872378 1.0701105072894526 1.3936265536044046 1.4719754036706219 0.9283301712813659 1.0422636542695376 0.7030055781509063 0.8477814936711522 
1.536745354182286 1.6075891882943352 1.1359221644112945 1.2300714931746202 0.9616257294815067 1.0712052829970733 1.3843295802665057 1.4625748191189536 0.9192938957704657 1.0333721408673837 0.6924638234599985 0.8380112538151501 
1.5310565542285792 1.600773271811561 1.1322028275208864 1.2248363719886382 0.9589647715355815 1.0667494216292268 1.3736721888595873 1.4509707708793758 0.9081433547883782 1.021305658628351 0.6800401041455496 0.8251032897439508 
1.5193863296847878 1.5891866110979573 1.118280573395161 1.2114168179833935 0.9439968553088565 1.052667720077428 1.3555895642977671 1.4333884096409493 0.8829720770403843 0.9983080460924926 0.648242478423784 0.7982465639719409 
1.5203391413471699 1.5871236107853257 1.112270061591271 1.2019463137396154 0.9327146375565518 1.0380206386735524 1.3530560858708889 1.4276872986449973 0.869755343020237 0.9818373632696252 0.6239280903375405 0.7725390042659659 
1.4985789052999512 1.564444851827638 1.0905531355280218 1.1794299896178662 0.9118308765390651 1.016456839423101 1.328530236693919 1.4024056291993412 0.8417600583361032 0.9541011239957743 0.5921903425504337 0.7432619732032575 
1.4888536185101073 1.5516826803669106 1.0762686046478545 1.16163167680235 0.89442956198386 0.9955090579952749 1.317860171547285 1.3884485856345707 0.8236652498136847 0.9324475786609345 0.5657513373829884 0.7149186100183991 
1.4749144416788522 1.5363969194035896 1.0564971338687295 1.1407581152693327 0.870862479081996 0.971362106092697 1.306474941004549 1.37550705383609 0.8047921191667076 0.9125969749855848 0.5384288427200384 0.6892376240113708 
1.4626632276567462 1.523682413509866 1.039907571825136 1.12411393445649 0.851371527794564 0.9523958515445403 1.2960641996210105 1.3645536959897366 0.7885470499210876 0.8966776620610387 0.5150069614473672 0.6689219311991872 
1.4527640329771738 1.513178654215061 1.0245659500061979 1.108567404343147 0.8325830627103237 0.9340133084555607 1.2889810725965307 1.3567087047602011 0.775038228677852 0.8831028026068665 0.49410871912171567 0.6506379410794473 
1.4419279011236539 1.502994033046993 1.0066253174040802 1.0923046832156609 0.8099129997961914 0.914217730398435 1.2842475277916114 1.3524521078303902 0.763826007830884 0.8736504802121187 0.475494172244903 0.6371261250136157 
1.4273138827175111 1.4896968217574127 0.9854930977932502 1.0738567626802638 0.786121092324927 0.8944037526498513 1.2755507855817174 1.3449912667203965 0.7490003555393926 0.861958951200193 0.4558412646943412 0.6243099867486795 
1.4180956748088924 1.4795216160447566 0.9708090119646027 1.0585173627029876 0.7697438876091762 0.8777781735402675 1.2689757947698168 1.3372690219786323 0.736053233476824 0.848388609036972 0.43796104542720266 0.6081108013706781 
1.4108240797867355 1.47112052913488 0.96026319855865 1.04684117116308 0.759387329961522 0.8662794837938214 1.2653300717623401 1.3322279150513583 0.7298910993470802 0.8405427080417088 0.43278715704846127 0.6008957900019682 
1.401344851987526 1.4626602480897404 0.9477901289800084 1.0362980921250127 0.7474064376174057 0.8568687123135847 1.2613851434006749 1.3291727077930624 0.725004285774878 0.8374000367458441 0.43120930972317945 0.6012895109196077 
1.3975655569870464 1.4580315649191251 0.942138754789608 1.0297048079427973 0.7421100325938959 0.8505256367097425 1.2614288791194346 1.3281074411735343 0.7250094925423479 0.8356466493084937 0.4344428978318243 0.6011715143788109 
1.3956585436538007 1.4566455034002777 0.9385691410193753 1.0270663973552283 0.7376154651807728 0.8473664653361306 1.2649538499383477 1.3319390356079546 0.7301763516259946 0.8408988384914371 0.4430824375597027 0.6085025871565771 
1.3948293450375275 1.4559518386904347 0.9366431223138393 1.0254497517606886 0.7352671999877444 0.8454967239357334 1.2672518547541438 1.3342316583659892 0.733265777312577 0.8437568103346235 0.44832601639634706 0.6125708708272518 
1.39099241204872 1.4533653262058772 0.9313965346602465 1.0222085823438951 0.7281856900386849 0.8412284352169248 1.2681758013686888 1.3362936594242734 0.7354654836068896 0.8475378213492988 0.4512918922129178 0.6173129295726082 
1.3876373747497277 1.451076646512622 0.9247754420411024 1.0174947510696635 0.7186430495053272 0.834585994882682 1.2680757496310369 1.3371993333285492 0.7332722831270225 0.8472155519431382 0.44601172137323497 0.6156398345252817 
1.3826386012400527 1.4482578795245855 0.9170756710539479 1.0133060595915968 0.7084717010855471 0.8292728954964396 1.2669017434035874 1.338208284014506 0.7310118413808692 0.8486104502096641 0.4419079961248143 0.6172876647115579 
1.3788374363659843 1.444986925664146 0.9115156799113882 1.008789063253721 0.7004600442026084 0.8230667123267227 1.2661125186666151 1.3378473191438252 0.729869213437805 0.8482355852829567 0.43873968081804515 0.6158628475077224 
1.3735495102302797 1.4405066593354718 0.9035919399008833 1.0024467927974239 0.6891911568308472 0.8144971634019613 1.2651044840066932 1.3375016014905707 0.7282372499768476 0.8477916435008318 0.4345521246684241 0.6142122821873897 
1.3715705605613286 1.438603405305478 0.9003442662662526 0.9994967498479007 0.6846164714630498 0.8106008069059129 1.2664204482708405 1.338728765268199 0.7302292427714169 0.8494755453552014 0.43739531570253115 0.6161887838613398 
1.3677895057891913 1.437982815650813 0.894879969687019 0.9988776732448472 0.6767497234185175 0.8092815542856762 1.2658983267810413 1.3414339416113787 0.7296989802288613 0.8540533049564529 0.4354774732945897 0.621761269063167 
1.3628060329557403 1.4340793007224402 0.8889858400787733 0.9948060017714823 0.6690873218501172 0.8043761567578706 1.2637953463518383 1.3403439240585093 0.7281718326470493 0.8541530162450769 0.4331469014786582 0.6220606044113086 
1.3553794304112248 1.4268348736871608 0.8800633613449979 0.9865677251815287 0.6583390916403616 0.7951193092673932 1.2589519908963391 1.335576456729399 0.7227850544815216 0.8492482507311135 0.4258134269628618 0.6165398859521226 
1.3521268762368555 1.422588026013166 0.8757878107407279 0.9810779233863317 0.6525040148857606 0.7882075182057304 1.256944081668726 1.3324481328577247 0.7201844377949562 0.8450888868965424 0.4212158881642962 0.6106819358356991 
1.3462565451047153 1.41528366016544 0.867745797821738 0.9713927749017308 0.641965399408165 0.7763637855614369 1.2529527628914365 1.3268427862905554 0.7144695307969996 0.8373098971893768 0.41182947300707473 0.6001871944079488 
1.3440153038545655 1.4131766192076913 0.8648466995920608 0.9688399423409835 0.6377031994551072 0.7728883429547119 1.2515588261824853 1.3255529093458625 0.7127286806318941 0.8358667311690785 0.4082740856278786 0.59781163343923 
1.3402349708473222 1.4085068354864745 0.8594742143206638 0.9624747547921049 0.6299591677895658 0.7645327210866271 1.2492312767786926 1.3222104641138348 0.7092566043979587 0.8310876364211673 0.4014941579676129 0.5906431134044673 
1.3393223931650298 1.4059122557945436 0.8580215591891047 0.9586478989667178 0.6267926604813607 0.7587317295284957 1.2482143505958032 1.3194104225726362 0.7074288573653907 0.8265956607636544 0.39638823321751426 0.5830338151370832 
1.3392539737290143 1.405087524399016 0.8584082013523378 0.9578801518048881 0.6268541091425941 0.75737429268609 1.2480567675987162 1.31845191046991 0.7077493406206434 0.8255779031816171 0.39622034671247686 0.5810854569009237 
1.3306997310640087 1.396884426369349 0.8468922648447236 0.947497142282353 0.6112663267789462 0.7444265233273365 1.2406825253278233 1.3114181083976328 0.6969633151420708 0.8162611034670374 0.3770648175762695 0.5680688365270757 
1.3244618825834995 1.391135051598452 0.8365099303753828 0.9385128219613347 0.5960316508513853 0.7323326991100614 1.2362250222417552 1.307405736175969 0.6883326890513249 0.8092338006941059 0.3595924860402783 0.5571034099570992 
1.3219846376561781 1.3895062895542922 0.8325299484096275 0.9360504588487402 0.5891476281874831 0.7281341046201152 1.2340630090068079 1.3061377632971711 0.6843787277516281 0.8071298467476823 0.34980431072091844 0.5526729614436885 
1.3176400946235067 1.3848996598271817 0.8256396670215427 0.9292214529322081 0.5781735211503931 0.7183705655088076 1.2313238237602013 1.3030464334740508 0.6794584606577829 0.8021442816535215 0.3380348511018414 0.5440948533017419 
1.3166699913581097 1.3849780460003562 0.8236279680431966 0.9289280658387735 0.5746342430998737 0.7174599885031672 1.2306796121423988 1.3035016799003234 0.6777281692116426 0.8024087444083375 0.33340209198948473 0.5437842188800305 
1.3140252077832768 1.3832419550844617 0.8169505387046903 0.9241776032267195 0.5602018553074273 0.7074759206544656 1.2309635655411917 1.304594710745787 0.675290482451725 0.8016940160097764 0.3200549510472906 0.5377092442072051 
1.3119539253385057 1.3821837548470586 0.8124620243501313 0.92157656814999 0.550647890953115 0.7017278174357302 1.2304904832671861 1.3051113589893828 0.6730366024304424 0.8013657705212479 0.3099948822337452 0.5341401098617418 
1.306945120150887 1.3770584065319147 0.8010430844132019 0.9109634081565604 0.5300061311779478 0.6849020419010415 1.2286697290509832 1.3030017693772393 0.6657280068362875 0.7945930323129042 0.2871066963451325 0.5202062696663854 
1.3029627555252101 1.3732556860154808 0.794453362184243 0.9051383217905692 0.5185050309166229 0.6759931242060441 1.2267615357052277 1.3011775829508625 0.662108803661338 0.7915221442094011 0.27582492687545135 0.5140025556102306 
1.301704310655387 1.372276437310215 0.7913738524735424 0.9027630267112272 0.5122090943929208 0.6716149673710495 1.230450485789175 1.30488195098132 0.6677176498931386 0.7965898367395958 0.2862384355372564 0.5202316310998554 
1.302613601928766 1.376663073438753 0.7927808725807111 0.9093407137975477 0.5156285755559262 0.6813749700200569 1.2357705490623385 1.3135934956331938 0.6773685598917576 0.8106954963300546 0.31016041322166427 0.542769291476437 
1.2954418345964176 1.3753049452439747 0.7790177895417615 0.9056284348520269 0.49550294249634086 0.6773605477236861 1.2331806706328687 1.316825239738566 0.6703981921384724 0.8140810043309769 0.296796539101338 0.5489829971980298 
1.2885935521760898 1.3742482549487895 0.7670240013909558 0.9035545042938987 0.4785355730870934 0.676077819655247 1.230626237941396 1.3200476737715925 0.6650514367398909 0.8187663506946246 0.2880345283291447 0.5577175028899423 
1.281720344218489 1.3723345936613134 0.7551790894771662 0.900439144728594 0.46202852031401875 0.6737696563066354 1.2279826956368571 1.322284650504407 0.6598711368013922 0.8221466495459078 0.2803654999880719 0.5648893783384156 
1.2685657615834314 1.362767731307779 0.7346341415029325 0.8874480941969227 0.43271056407459063 0.6596326479895838 1.2201296644462634 1.3177986174274698 0.6474138000241813 0.8167137971736184 0.2582551816745415 0.560867664332461 
1.2555522470762221 1.352830209180794 0.7119371859498216 0.8721196514654115 0.3984198643869942 0.642243348017051 1.2123414921539848 1.3128252066943835 0.6326254857323966 0.8086736887843889 0.22825169615613125 0.5530252856173494 
1.2474057758333301 1.3472203083068308 0.6967098138984066 0.8627780446408869 0.3749126297984003 0.6320924532964718 1.2077634549788103 1.3106006076277978 0.6229574290289445 0.8043987493242094 0.20792035393956118 0.549738358780204 
1.24088668528238 1.342000328968325 0.6850837129220725 0.8546957417415232 0.35510226936911077 0.6223043780587539 1.2040234115543986 1.30798986724328 0.6158021626878981 0.8002358532402135 0.18965819668839123 0.5451012280403452 
1.2416389475143106 1.343122137734482 0.6835965274812659 0.8541744630182087 0.35079399764597574 0.6207787284310287 1.2045411014591594 1.308903764985205 0.6136417533907264 0.799290937264051 0.17974542526708398 0.5427874526851602 
1.2378131238057386 1.3405603385121165 0.6775703829608558 0.8508950085596465 0.3429110646592217 0.6184728692446589 1.2015830319647998 1.3071811176848145 0.6088695074527224 0.7972720795510907 0.1709048024653517 0.5423367433907839 
1.23699999388588 1.3396779882836274 0.6763842878672353 0.8497433920258909 0.34115759536271045 0.6172168438172008 1.2003359663084612 1.3058999040629673 0.6067397728958165 0.7954252192580186 0.1643957177473516 0.5399945179644575 
1.2359072048178137 1.339022568909345 0.6745202100164096 0.8488181989381363 0.33986280838094296 0.6172694303532142 1.19883218602963 1.3048806195926819 0.6039118355029826 0.7938666929583212 0.15886698795086912 0.5392156720539396 
1.2308111317998414 1.3340477876734425 0.6670236560740601 0.8424416985147436 0.3285778345573635 0.6105332513437792 1.1961493199105229 1.3021369563745615 0.6006643914220369 0.7909394216729914 0.15440384296514806 0.537241104492579 
1.2310997308127596 1.334529228520398 0.6663058000702448 0.842214422682994 0.3267908982931576 0.6100442654228041 1.1969286451945451 1.3030732505332343 0.6008286392035993 0.7914270454408597 0.154350010324745 0.5377598351078747 
1.2305781798530018 1.3348172157094493 0.6640991398355568 0.8416899727062965 0.32196241757435967 0.6091585515728448 1.198278936946789 1.305100284788233 0.6021440205883692 0.793720205207305 0.15877516282569637 0.5409472201188636 
1.231272246722897 1.3353965895081694 0.6658568085932967 0.8429816102798744 0.3243011463902803 0.6102654662276491 1.1984924593630326 1.305234416060981 0.6030904734366562 0.7943367200816351 0.15976252110570238 0.5410885037311824 
1.2307479600785436 1.3363584934513255 0.6649797810742039 0.8445777590130443 0.3226882043668409 0.6125693095638207 1.1992322428777071 1.3073910869129772 0.6046615089101472 0.7979530200077546 0.16596719060554133 0.5464966515354838 
1.2313763995720648 1.3373255787245906 0.6668970174045321 0.846701540042925 0.325935187150852 0.6151305652551017 1.1989858071483004 1.3075621713062293 0.6050047604300819 0.798863333888257 0.16587005318339074 0.5474164234210195 
1.2303840777400163 1.3375327767049863 0.6658162776293103 0.8476203546164703 0.32526292803845763 0.6172073576685155 1.1987595156060913 1.3085004112571574 0.6053847644731 0.8010241338812151 0.17022153170545404 0.5514746774423562 
1.2331318943646055 1.3482417081292362 0.671603209119224 0.8649811010300977 0.33623437078805607 0.6404646647077727 1.2000391920680091 1.31804229717382 0.6087122999408178 0.8171120478485432 0.18037002439219205 0.5741731274966112 
1.232881920236733 1.3509295785638178 0.6721085740017116 0.8699096690108774 0.3370123458370841 0.6469854853384381 1.2017048798130987 1.322538284950048 0.61304708152524 0.8251300631770814 0.1940981972265955 0.5853947447309502 
1.2317000941918013 1.3477087671125731 0.6703397291165818 0.8652104665063249 0.33210164533180575 0.6399416393329102 1.2024570021635252 1.3210361997205422 0.6149577810322366 0.8230473081008723 0.19776051894170507 0.5816726070325923 
1.230687877853577 1.3426985304750063 0.6690580243115996 0.8578375900715361 0.3262761822379024 0.6282538007364069 1.2036471378172846 1.3179579368931853 0.6179097179813091 0.8185713839487311 0.2015686651633653 0.5734776524152801 
1.229752094730535 1.3391633902620466 0.6656929431007498 0.8510084992631615 0.318154010652291 0.6182963252503917 1.2070231365778115 1.3183221243528223 0.6227051728018149 0.8178203369678075 0.21409486736990704 0.5717560524892921 
1.23626814974922 1.345393792955936 0.6724146206652262 0.8566603423319886 0.32115713612554203 0.620376842027779 1.2160936655062224 1.3268795436377636 0.634559916228846 0.8272797636376463 0.2316608971845701 0.5791306340752144 
1.2380272379468542 1.3449212707674443 0.676375685176749 0.856496263951406 0.32867645656225003 0.619782216397596 1.2183841741004013 1.3268616274362284 0.6397129210030986 0.827849264034653 0.24449287698891492 0.5795502994242318 
1.2447191748367024 1.349549756174318 0.6833933349149381 0.8596424666046698 0.33458194243886 0.6195997065768839 1.227345125010142 1.3335421913348529 0.6512117028172641 0.8342873618065665 0.26266957929337886 0.5839126887387879 
1.2485293327482032 1.3495890387687186 0.691541614028161 0.860694418922694 0.3492285686089757 0.6201013400765023 1.2297509735034462 1.3322359159190513 0.6570325456418988 0.833220765982626 0.2746316719402081 0.5813670390249812 
1.2561982101233085 1.3541296359259714 0.702277978237253 0.8653481880104699 0.3642543813284936 0.6231487640146641 1.2372186722794818 1.3365414961059023 0.6677353207948518 0.8375581092754123 0.29215980941430597 0.5839439031388234 
1.2563907440197435 1.3495877882866623 0.7095776524514317 0.8639270463948242 0.3815836318010572 0.6232780797465003 1.2350302012090573 1.3297251951183315 0.6710308048804353 0.8325574080701491 0.30395388515116045 0.5790142147931128 
1.2648058514143756 1.3524320463062252 0.7237967483845471 0.8678826712615269 0.4028413387079875 0.6257952878346429 1.240744877624745 1.3299573111404905 0.6808786547924993 0.8324267779547001 0.3193668012678268 0.5756159760257212 
1.2708792382653429 1.3588304725512665 0.7362036135838362 0.8793645293812449 0.4228625817613783 0.6403897078606887 1.2451689872920455 1.3348153511980216 0.6908744671167827 0.841780104417952 0.33782322553948 0.5877165529350847 
1.2796989464570525 1.3681727095156115 0.7514643482982342 0.8938488889422472 0.44594423414064893 0.6581287331998884 1.2537774156537076 1.3439586963531618 0.706418488718472 0.856326018933963 0.3649584557224151 0.6061863112140441 
1.2878104346341595 1.3764023419976525 0.7657553773579542 0.9068676802359994 0.46749759395383295 0.6742267362368708 1.260263575373272 1.350663529868421 0.7184635424380438 0.8673047638037179 0.3851786133894545 0.6199921416571528 
1.2976416585431412 1.3877819435453806 0.7804072008807929 0.9225509460352822 0.4883073257556089 0.6931874877914304 1.270734494804715 1.362655864527282 0.7347977146715919 0.8843034153109407 0.41150495341683846 0.6414056248043 
1.3039259166232415 1.3975327819760652 0.7885763273404552 0.9352687874070003 0.499153735878798 0.7085404241804139 1.2766847581614502 1.3721512498182409 0.7426666814404432 0.8968995932532029 0.4229132626458537 0.6570621799934622 
1.3038868374408799 1.4012502630835006 0.7896831818214062 0.941796656710768 0.5013235386968977 0.7174306275812177 1.2775877694278306 1.3768122324890855 0.7454590205984364 0.9050362237676346 0.42829302374843786 0.6684432130941117 
1.3057195328167592 1.408151946805179 0.7957188714484635 0.9545454045205062 0.5140595552844207 0.7363732975137112 1.279618547200382 1.3839841159678157 0.7521227628115084 0.9185189476822003 0.4435959358912301 0.6890324820000988 
1.3035146068263888 1.41218498851452 0.800088019039002 0.9670868367348169 0.5261743306260335 0.7562906437248542 1.2764414349705804 1.3872342442737473 0.7551776247411959 0.9302738072663094 0.4549855304399849 0.7086098676181094 
1.3076042008707758 1.4195800674618182 0.8064464930389987 0.9776168819813311 0.5366819040501551 0.7703286882460629 1.2795753675320964 1.3938048439415398 0.760158089606958 0.9397973946521132 0.4642325292295877 0.7217275545487369 
1.3150824294431929 1.432760631309435 0.8165574675613531 0.9950514198925652 0.5514268033295171 0.7921065268196003 1.2859664769076253 1.4060835715312978 0.7687874097110398 0.9562401956256651 0.4778488285328426 0.7427655978370363 
1.3206968814369782 1.4428282666476144 0.8254157329717916 1.009368261160098 0.5654942014179809 0.8107384573568469 1.290481693584748 1.415223005705235 0.7761532587558723 0.9694983421736006 0.4908018344274601 0.7605258674610352 
1.3301937182528338 1.4576150466495945 0.8315523387492214 1.0230863053620158 0.5712803655643173 0.8255831588757732 1.3052692741497058 1.4349056324996776 0.7910700613974087 0.9904635976043239 0.5105622450194491 0.7847930314288603 
1.3338779804883953 1.4606775460147938 0.8377257768696151 1.027683270191648 0.5843469582634961 0.8341521409382104 1.308706856202641 1.4377280904509726 0.7970367907893587 0.9947944875559978 0.5243515388284847 0.7932798767596465 
1.3352326845899332 1.4532804118260316 0.8441707502616044 1.0206869691522666 0.5996040937128765 0.8298811376319143 1.3009144826610395 1.4218143776869188 0.788768929913723 0.9753635518088832 0.5187072762138969 0.7734564446672095 
1.3340956622943272 1.4428824916300496 0.8426320001949487 1.006045394727564 0.6037984923403998 0.8164993985622647 1.2977214245178121 1.4093188227482594 0.7837718719452365 0.9572862663553364 0.518500027823085 0.7556063309373076 
1.3357304957916323 1.437572923502582 0.845765134648952 0.9988786793138394 0.612476357574527 0.8109051988905731 1.2965267837834127 1.4012214864423684 0.7823837975493614 0.9458141253268318 0.5214719860814767 0.7445622776287824 
1.334135282918655 1.4283575095782006 0.8471151364061676 0.988884359451822 0.6208111109898404 0.8035512787423339 1.2922384402765767 1.389305009192884 0.7794660273087213 0.9315876286042232 0.5247567712078044 0.7318865287518551 
1.338782869919839 1.4230188587333619 0.8532286989962303 0.9801236209329922 0.6321281300423197 0.7951283370065488 1.2935856254577043 1.3805820764846979 0.7803995197274277 0.9174238442022312 0.5297265052749389 0.7164169665151712 
1.3404801685582894 1.4197617595561798 0.8565603711928659 0.9759774798109125 0.6386610499302897 0.7916592122233278 1.2937875112312918 1.375762514323624 0.7814695844484673 0.9107859699282045 0.5337480478822006 0.7097347041099652 
1.3487935203193928 1.4308457458634665 0.8672703237489335 0.9900673726851017 0.6533250863510293 0.8092646393211432 1.2997668364809052 1.3847271995651635 0.7888648066782926 0.922162280304058 0.544961959420637 0.7246096364357708 
1.3565433373478046 1.441159049717525 0.8783771229390711 1.0041294491163577 0.6668170019598482 0.8254541141594245 1.3048196544897384 1.392581743102616 0.7961726412925277 0.9330704449411737 0.5540662584409197 0.7373730393923553 
1.3619026101431777 1.446828352001301 0.8863064647822446 1.0119647771314968 0.6768024671311417 0.8346227531973952 1.3073816162677216 1.395628980494028 0.8000044503343716 0.9373050096925761 0.5590434245698629 0.7423362521087058 
1.365543033666918 1.4518418851225674 0.8927002836317741 1.0198288478937287 0.6840771126095726 0.8432666118116203 1.309668535468517 1.3994172913738954 0.8046351299789553 0.9437026941766407 0.5643451000905828 0.7494147547228103 
1.3722115251218414 1.4607893207705243 0.9004534618053341 1.0304161328692454 0.6920762415205495 0.8543479935466636 1.3152866492735378 1.407451576345421 0.8110677758098951 0.9532952884375387 0.5709501065392755 0.759555787389715 
1.3744402641414613 1.4658546941949089 0.9037694405617231 1.037517781290157 0.6952366817805645 0.8619733107778047 1.316626036387421 1.411788958907545 0.8131526804316949 0.9596151449895162 0.5725138633197017 0.7664307330041313 
1.3759970472343246 1.471538919552446 0.9058706898876794 1.0453040823404356 0.6986677748383562 0.8718919528001047 1.318113082689638 1.417561644697535 0.8152643323227015 0.9678403015568117 0.5763600301526642 0.7773350642532343 
1.3782277597232362 1.4793142867801048 0.9087000658477636 1.0557437241450836 0.7005722958208738 0.8829838860770506 1.3209403790677798 1.426093435386241 0.8192115337638564 0.9797788211896243 0.5798045093406311 0.7905898244043683 
1.377665992710022 1.4837107110787096 0.9098637453320635 1.0636192560167808 0.7026148323723959 0.8928054039765272 1.31979517292256 1.4301374707242973 0.8196021876921085 0.9875128519516544 0.5810019911064763 0.800623007644478 
1.3786291370989263 1.4907057371520813 0.9102931200762368 1.0724825693586493 0.7018375533256467 0.9023088431230905 1.3207435761714423 1.4373409098464185 0.8199871101414522 0.9969775112399125 0.5799321060246018 0.8111143844847839 
1.3829598150412035 1.5006071540475874 0.9144583583842404 1.0841946642456786 0.7041430596255281 0.9138169560578311 1.3255602530623796 1.447879126605118 0.8250855856811461 1.0099555457834766 0.5833948773333547 0.8243746500583335 
1.3823711876624636 1.5071579953008678 0.9151100871913337 1.09453259156561 0.7038955340669026 0.9252264831917264 1.3255697376672908 1.4552354626449049 0.8268080192035695 1.0218545018442353 0.5845117208571015 0.837991094307887 
1.3846229457990542 1.5166704355374145 0.9200924525466179 1.1089087560449913 0.7083297681399885 0.9406591138309617 1.3279514744271532 1.4651155676032013 0.8323728357132099 1.0372815652624172 0.5899198901827688 0.8550520363306844 
1.3860886933919234 1.5249924196824487 0.9226491295985327 1.1205540729875243 0.710073127747368 0.9531861627661881 1.3295945530081452 1.4738323139112297 0.8353808866552609 1.0498672487171556 0.5922699183555838 0.868990028900752 
1.3902966581728087 1.5340812797914194 0.9277833756467507 1.1319286936050699 0.715207708659855 0.9654028391332191 1.3330022301431004 1.4823547216663355 0.8394951697100346 1.060769869126419 0.5962316784325369 0.8808931772050911 
1.3916354889233926 1.5426670497003072 0.9313960135361596 1.1448453285186826 0.7199637032733317 0.9805712754466398 1.3344693851231844 1.4913017240086093 0.84359809141027 1.074630183845145 0.6020854921280283 0.897596363646294 
1.3909700078089713 1.5456086461663217 0.9315376051583157 1.1497264171550072 0.7196179104386508 0.9858795370145836 1.334053423826831 1.494592607403131 0.8441938668481844 1.0801721202216292 0.602288063989392 0.903802764160461 
1.3881326667871805 1.5490494435561732 0.927301786799578 1.1543528411112827 0.7131278896535249 0.9905520001401693 1.335867448739466 1.5023926645793002 0.8470644271846681 1.0909445548613779 0.6051288515693909 0.9158727012973419 
1.3905062002014015 1.5562498048959041 0.9305939870848833 1.1637917044035586 0.7140649583886187 0.9991469998146117 1.3404460767589794 1.5116883432568167 0.853986745036795 1.103494142774913 0.6108821135853789 0.9282149099958155 
1.3912506655289154 1.562810175419475 0.932349905311654 1.1730616249774135 0.7161910063206951 1.0098152244815137 1.3421947200814976 1.5193037539197518 0.8574290630802353 1.1144423844572002 0.6154980177178883 0.9410818454707591 
1.3946734084722703 1.5676576438175716 0.9350071706140332 1.1775716458116932 0.715464172338252 1.0120896965287514 1.348405642453212 1.5266415258729404 0.8644780329190903 1.122389790277718 0.6204617975344332 0.9473169554693192 
1.393023067276795 1.5648241244706225 0.9337171252393576 1.174729306915108 0.7133120452966218 1.008451956478468 1.3481999834687917 1.525058841482928 0.8654233642704882 1.121213126031465 0.6212439162078369 0.9455714029015735 
1.3911414712776016 1.5613992830497938 0.9309067099921504 1.170162565931935 0.7086234065485064 1.0024172087052428 1.3492903962559024 1.5242301996182894 0.8671201087671822 1.120085001697822 0.6224605309804068 0.9434777372192786 
1.389254800651331 1.557430236053214 0.9300167699201826 1.166400973667619 0.7069756739328235 0.9976846408423705 1.3490550879829815 1.5216798840271135 0.868822146133931 1.1182182079776604 0.6242878605361231 0.9409013613832057 
1.3891505201563183 1.556384843080454 0.9303304948514641 1.1653795269226974 0.7070024693383821 0.9962163940482861 1.3503836993131138 1.5218839467878522 0.8713849880337451 1.1188862361699559 0.6274149020947541 0.941405370438564 
1.3878729345374994 1.5549333248283446 0.929369745807195 1.1641969277840114 0.7069844173825405 0.9957174944037742 1.3520611653922059 1.5230547453068553 0.8749892781981561 1.1212638401383193 0.6338020818534206 0.9451621242949435 
1.387912229682933 1.5556163889158054 0.930096754807504 1.1656422973894909 0.7078162962968922 0.9973193578104508 1.353224715841183 1.5247488723470006 0.8774945854895346 1.1241168710251839 0.637119049757147 0.9484527799123422 
1.3845716248993007 1.551354975734532 0.9175185951664904 1.1539081630425752 0.6872511625863502 0.9808046883739342 1.378364531637509 1.5458177312789143 0.9081247546875318 1.1464528975654822 0.6746586974732409 0.9720226511436295 
1.3854392159398585 1.549585293058775 0.9190774532453998 1.1517274523358596 0.6896643452173311 0.9784731311916796 1.380648578778847 1.5453036133666582 0.9118399213042002 1.145960209380784 0.6799894014497947 0.9716781079575941 
1.387910203917058 1.5501912455555569 0.9235113959974126 1.1531138114674933 0.6954847107860027 0.9800495633370231 1.3858359196301306 1.548334382424252 0.9203910910787272 1.1506163236270768 0.6913359855649711 0.9771098242250407 
1.3942295722860314 1.556778871464053 0.9396929425279782 1.1673504960537302 0.721617317029525 1.000207931700649 1.366856077250597 1.5323119428878997 0.8985779108774542 1.1345160273512622 0.6671963638366819 0.9616835978204527 
1.397689243987865 1.5593902100178036 0.9451795378441971 1.1711220957267308 0.7301880680751842 1.0056526334174092 1.3722691336175166 1.5366473829149516 0.907166859557474 1.1406639800657203 0.6802661001985693 0.9700126655973983 
1.4015663686473967 1.5582801700218898 0.950828851541354 1.1695829630613854 0.7383524931382368 1.004496494112075 1.376306244519529 1.5356001046051835 0.913184591363351 1.1391904583797436 0.6891988081123255 0.9689395232229151 
1.4030528367693 1.5531248866225729 0.9540673269567405 1.1635652603298106 0.7448190021517845 0.9991971760600508 1.3784414460420071 1.530927977027783 0.9174900663039246 1.133767027411884 0.6973513485800253 0.964333217330182 
1.4080897701433848 1.5507249678013346 0.9611713064706259 1.160121289073884 0.7544739094113526 0.9956214164844236 1.382487698369302 1.5275154209115043 0.9232582064311423 1.1289095804015705 0.7055397333548621 0.959071134130545 
1.4174982669118157 1.5573216527801828 0.9740973449804697 1.168252982456283 0.7726292890500593 1.0064320204653665 1.392002718610133 1.5341515447106262 0.9366087066742441 1.1371830384498356 0.7247939363833007 0.9701936114704115 
1.4253063846560747 1.5626536798028443 0.9847691663234437 1.174801491232187 0.7870376431539791 1.014798740934068 1.3989342043360617 1.5386374299754215 0.9461970877472464 1.1426623130747642 0.738205167728708 0.9774124526121866 
1.4311004623014558 1.5677100023918455 0.9911993087161836 1.1798907525696776 0.7953553205954179 1.0209094986331746 1.4052697449811693 1.5441661745289723 0.9535253497204151 1.1484235764557607 0.7478800765894489 0.984373266276284 
1.4344924155702463 1.5695181359667558 0.994722117140541 1.1811396103461098 0.8007344693021277 1.023129698097245 1.4090965783538616 1.5463414422204949 0.9577352280920652 1.15016323012369 0.754294615603585 0.9872077065787929 
1.4275334636711041 1.5665001306418138 0.9820850029915027 1.1749731156502348 0.7835898138061902 1.0149304733334297 1.404004514914685 1.5450888477045002 0.9475588852946395 1.1462716565024278 0.739858016311792 0.9815603668144002 
1.4181344373850315 1.5613985981476222 0.9667332153688316 1.166804786370608 0.7640762114457954 1.0053222153605081 1.3961449775354133 1.541454215375001 0.9341780480707946 1.1399775985945337 0.7224458268253474 0.9740576330471211 
1.4140371803372214 1.56247795298879 0.9557137702136764 1.164141321651302 0.7465867356014569 0.9996139054535205 1.3956354828450155 1.5458443023720208 0.9282704693008607 1.1417189979920803 0.7111181388321071 0.9734090679544957 
1.40466606639171 1.5562113505794641 0.9397032849109126 1.1540144164057742 0.7252696665877871 0.9872806586135272 1.388956396317883 1.542046328899479 0.916054243193251 1.1348402469389072 0.6943552419852247 0.9647985342403667 
1.400108694307999 1.555328193378121 0.9297699349176923 1.1503102038653963 0.7093038191613308 0.9807412202598857 1.3874844895482075 1.543973653265123 0.9106486615247671 1.1349107533091973 0.6840473380818392 0.9626329487280445 
1.3998459867190747 1.5716935506750354 0.9250793402370957 1.168941237374018 0.701623763090661 1.0014627979278612 1.3910754491160788 1.563887059807549 0.9117532036321563 1.158423814945765 0.6839576182290098 0.9891662419601167 
1.3971467037355276 1.5839542242120035 0.9208779896159154 1.1852882959006428 0.6959272603936779 1.0203954255086847 1.3945681200999291 1.5816802187038472 0.9169610687477687 1.1822477211815845 0.6907358985886357 1.0168619150302807 
1.395558523879418 1.5933804883556533 0.9178851993427609 1.1974101328586209 0.6901337296296276 1.0332290897339758 1.3979853663728028 1.5955064624414719 0.9215707949975954 1.2002376919979225 0.6950280971244975 1.0365046275306733 
1.3960974748620527 1.6035927713344809 0.9162598125620265 1.2091127578006116 0.6857674889612366 1.0453222784750167 1.402244971278628 1.6089476611860936 0.9255997214110427 1.216205764349191 0.6981975716630644 1.0535186120976696 
1.40115059573619 1.6157317055909624 0.9228154731753688 1.2243179121665582 0.6919504918214018 1.0612075365600642 1.4077170820629692 1.621429411245485 0.932755481748502 1.2318273991318265 0.7051523766760486 1.069862527080877 
1.406004215936709 1.624729070975158 0.9281445559996566 1.2346452995382113 0.6973936466815567 1.0720329273263018 1.413437013988172 1.6311655009078017 0.9393660916340337 1.2431031143681524 0.7122599495351398 1.0817628827759804 
1.4034206608473454 1.623214550468668 0.928072408863231 1.235538069689963 0.7003077329954311 1.0750194632904093 1.4117551735670033 1.6304258939470997 0.9406282554193235 1.244996964033728 0.7168640315242494 1.0858775093228517 
1.4091607372170571 1.6273351217601493 0.9342161407908343 1.2390502059699275 0.7061354630055906 1.077549491816557 1.4186615835477183 1.6355691070187526 0.9484864274380103 1.2498448376635076 0.7249096477728241 1.0899447750386806 
1.410048422595242 1.6265542830361768 0.9370041639519698 1.2391202866805668 0.7117293955312861 1.0788887866983001 1.420567639214455 1.635681723069415 0.9527605506019495 1.2510775149379556 0.7323486847010309 1.0926009690565583 
1.4135771187598574 1.6260870649142438 0.9443634708529445 1.2400730773149702 0.7230685579399924 1.0811045330963236 1.4243386577079975 1.635450850328869 0.9603971606795909 1.2523264663183558 0.7438874112669337 1.0951380518644305 
1.4193481847191831 1.6247730676822656 0.9540599194314998 1.2391806090581146 0.7360968076724964 1.0803595523091558 1.4298456391742573 1.6339512856464355 0.9696079683385652 1.2511905787151851 0.7561400615399505 1.0941142740434564 
1.4233016814741701 1.620069283434261 0.9623579398992871 1.2348965993666028 0.7489659087616738 1.0769339530013897 1.43377107472818 1.6292747777361558 0.977775343689541 1.2469488479353112 0.7686753220490429 1.090733036708433 
1.4319438053531326 1.6161062389426042 0.9744888057280134 1.229213059786305 0.7646704671224135 1.0705406284439698 1.441054355494341 1.6241840934294396 0.9878274273825414 1.2398142361455646 0.7815980534067432 1.0826965553418972 
1.4390487817049047 1.6128161462381168 0.9864342287889091 1.2261186782552371 0.781774071792081 1.0684031190362417 1.4471395782184835 1.6200393465241423 0.9982004059538194 1.2356045386313415 0.7965690566714037 1.0792760478609584 
1.4411819055522799 1.6055284016769371 0.9907424473046968 1.2174919961097486 0.7877867153559395 1.058925905146956 1.4485916153945182 1.6121829399579006 1.0014903794801526 1.2262541106521518 0.8012616877096397 1.0689885199997706 
1.441106413799224 1.597982197739781 0.9919421224513354 1.208597775396455 0.7890986837482749 1.0485400045268944 1.4490629506592392 1.605161313816546 1.0034664485538418 1.218074021467193 0.8035374737828098 1.0594488567992604 
1.4417268172142494 1.5920139367086992 0.9939077544091957 1.2015759582626184 0.7919875712880411 1.0407576433900112 1.4500887634744053 1.5995904416927258 1.0059989218457095 1.2115964633303986 0.8071093603438941 1.0523106379556988 
1.4456633548835014 1.5943758967549089 1.0001188057691046 1.205126379328334 0.8004048948207525 1.0453420302240888 1.4599467238063928 1.6073382969533887 1.0206564193464027 1.2222239937315171 0.8259236625457705 1.0650079158640182 
1.4520797920640482 1.5981810987121483 1.0098763132783986 1.210577246556687 0.8122995344826746 1.0514169655663588 1.4693328669027894 1.613873035749953 1.0345305792294253 1.2312191604750025 0.8427537510808064 1.075119056998233 
1.45621161266363 1.5998120531788758 1.0152932085148654 1.2122980837633992 0.8166148771951254 1.0515256546068716 1.474986674941984 1.6169205409964986 1.04204305556748 1.2347874611836687 0.8496430356663967 1.0773762725698064 
1.460987855232671 1.6009570425646529 1.0239047287405991 1.2153019511781258 0.8268718122764616 1.0546539398956227 1.4793154511521063 1.6176996454896564 1.0498902725605948 1.2372742312912526 0.858839731741237 1.07989982119517 
1.472479492763434 1.6013721495357847 1.0406387733545488 1.216193225317778 0.8471494889385579 1.055395263069178 1.4903030083002784 1.6177762395488628 1.0657092739339655 1.237712875124461 0.877763895674036 1.0801233083536619 
1.47266549345224 1.5963877184960205 1.041301098052302 1.2099661437267284 0.8476042814928025 1.047923236771153 1.4914366457898671 1.613720347695018 1.0676832815048338 1.2327439644001223 0.8798139751134498 1.0741427851849723 
1.4735094509715843 1.5947506423584157 1.0417402730539795 1.2071546320594473 0.8472167437572159 1.0439232347747511 1.491983957287269 1.611836107674282 1.067711957038311 1.2296374800739363 0.8789551965843196 1.0698419260818768 
1.4703003539360417 1.5901676954662518 1.0390006542752752 1.2026522891112168 0.8435123640969644 1.038442717391985 1.4887955180025396 1.60728412651418 1.0650123582496354 1.2251944711532328 0.8753525415650827 1.0644680553893808 
1.4662446516369636 1.5820492118938652 1.033316449135501 1.19195185072804 0.8365786930432785 1.0260946545294929 1.4846968242890535 1.5991657170080904 1.059336663036827 1.2145783202634566 0.8685132072996933 1.0522934579545762 
1.4668506870690623 1.5881559931804496 1.0331407651210844 1.1991531849913837 0.8350809918534728 1.0334160747128815 1.483655296992863 1.6036899827631836 1.0568642025799624 1.219651779490761 0.864258274530814 1.05713333388697 
1.46753623732914 1.5927058313116613 1.0328509398137613 1.204089000487161 0.8340179853421447 1.038573664741298 1.4832473949932188 1.6071938563764392 1.0550551126619736 1.2231886804472032 0.8613630052156697 1.0606580429026926 
1.4643936822939043 1.5891826254909471 1.0295326428736002 1.2004124387735657 0.8296047665860533 1.0340680002602827 1.4784956884219513 1.6021866498951673 1.0494942146969177 1.217575733620829 0.8542509658655939 1.0539436764373606 
1.464773101613028 1.5901695347569234 1.0267534461637078 1.1988751182959174 0.8263685855652124 1.0324553013419273 1.4763204034385795 1.6008125573186418 1.0431607419803766 1.212956406334972 0.8466680185344488 1.0487733995811725 
1.4599218502801339 1.5850226339851965 1.0240917371629215 1.1956959594501315 0.8222598392998224 1.0281226505847296 1.4682858793863576 1.5927298468118725 1.0359804538722581 1.2058940426610336 0.8370202255652904 1.0399652875578926 
1.4581452661847825 1.5823007925477033 1.020890060142173 1.1915136154056694 0.8200591030511704 1.0246878126029848 1.4624755292985556 1.5862921718892424 1.0270655146567282 1.1968089873480603 0.8277342502259345 1.0308405161794378 
1.4597603221326372 1.5834039642090014 1.020390022527063 1.1905728511404836 0.8194457871468862 1.0236011498004385 1.4596944961096416 1.583343278563679 1.0202958502183475 1.190492140995807 0.8193285189548696 1.0235072729457177 
1.4548282239106203 1.5816860853174786 1.0185216012863594 1.1927245967476858 0.8200602803982948 1.028447652963888 1.4536613934637357 1.580612905883958 1.0168542363814637 1.1913010742238628 0.8179884774536436 1.0267964066196034 
1.4562007149052976 1.5819945318333752 1.0229619219163046 1.1952561526094312 0.8225744861656602 1.0289873478088543 1.4540520325802306 1.580016927159548 1.0199009192322066 1.1926374393379993 0.8187646649988627 1.0259443227147855 
1.4629495034262563 1.5885407498566506 1.0320789242955841 1.203506281809584 0.8264698919955462 1.0326146167642263 1.459759077428577 1.5856030488477026 1.027551565876443 1.19962606045181 0.820809232973856 1.0280896173559628 
1.4638566845708088 1.5905575337480375 1.036396518405306 1.208765741805516 0.831392695278615 1.0383692450003705 1.4600253089870188 1.5870320658646564 1.0309778141563668 1.204122970664807 0.8246279910860654 1.032960889328652 
1.4680757916193563 1.5949750341302522 1.0420756177642772 1.2143395005923179 0.8389621781336749 1.0452542111366019 1.464203505056179 1.5914115538661895 1.0366132197781388 1.2096552388919746 0.8321675976741705 1.039808511303307 
1.4765806799906633 1.605192204105692 1.0501100261028318 1.2243702767225648 0.8473910250419754 1.0556623782827963 1.4725151911004821 1.601453244906541 1.044385728752404 1.2194642504074031 0.8402868753120507 1.0499683521048098 
1.4795408252340114 1.6137495422010628 1.0564728969235984 1.2374496003288942 0.8563331304662573 1.0716589764258684 1.474216570193857 1.6088694873277136 1.049003538713831 1.2310787771926457 0.847100863318023 1.0642962012776986 
1.4752555104277292 1.6214592785967152 1.0477402629694919 1.2451951773707526 0.8454990101989357 1.0805646428360405 1.469693038762646 1.6164000121527407 1.0398934877127464 1.2385999503017024 0.8357555763423777 1.072957946280925 
1.4629842254317715 1.6253590114378424 1.0314070353949503 1.2511073274752251 0.8272982663237003 1.088986452469543 1.456792279668656 1.619787892997784 1.0226051901404571 1.2438611044253294 0.8162985505942051 1.0806536891632768 
1.4532960585107666 1.6315678711542863 1.015305852875344 1.2572948180052799 0.8086220601015842 1.0971845426285087 1.4475101637788004 1.6264162931866275 1.0070065617675636 1.2506024547964594 0.7981765948979774 1.089509137705109 
1.4330259472669746 1.6258453154714352 0.9927870530684866 1.2551636375550441 0.788629203073542 1.1007931886782414 1.428309380190584 1.6216896465848238 0.9859667604642715 1.24977601074769 0.7800258585075305 1.0946460451855704 
1.4189585625576244 1.6236419087272906 0.9740347479713442 1.2536001498785807 0.7697857222991342 1.102424466245012 1.4143502251477884 1.6196160671268978 0.9673090754126108 1.248381549405309 0.7612576537386011 1.0964865985937082 
1.4075473029774772 1.6215401568752992 0.9579425020945516 1.25134204259234 0.7539030338970457 1.1029836149096548 1.4020732345776985 1.6167907797112062 0.9498809306008674 1.2451814536681671 0.7436327921220056 1.0959894158974208 
1.3909155340861286 1.6126275315652092 0.937282961203339 1.2427473121926678 0.7344899970469986 1.0979057738996094 1.3840756583229474 1.606731763724767 0.9271023429816688 1.2350871576379134 0.7214533670044794 1.0892274754898996 
1.3799392099890233 1.6056954766471536 0.9217571702271319 1.2343670529162425 0.718666166217062 1.0911034776432205 1.3718289795106131 1.598730899646695 0.909570671594643 1.2252936574899627 0.7029676978532725 1.0808280736015003 
1.369803658881272 1.5977230278256993 0.9089807610090106 1.2258070132139562 0.7064084256890768 1.0841446737610807 1.360135826292551 1.5894421272020318 0.8943452498697133 1.2149939241512775 0.6874738292942648 1.0719034824668312 
1.3616976504479033 1.5903252375081458 0.8969036086644652 1.2162853090682877 0.6931256705932483 1.074866068426825 1.3517406762154272 1.5818080558510694 0.8817133591680122 1.205127510911331 0.6733539631838072 1.0622238133064708 
1.3575588208850804 1.5841522275851174 0.8905850805862907 1.2081862910010566 0.6849008244723391 1.0656741844310997 1.347772786935131 1.5757740362129622 0.8755954081668598 1.1971798723679286 0.6652929222552197 1.0531794720762884 
1.3550074144220612 1.5782348156528418 0.8858969946549994 1.199830623604332 0.6788224194432295 1.0562101672199335 1.3443289310056374 1.5690762616707832 0.8694760875025603 1.1877578486117277 0.6572480952720668 1.0424754668282414 
1.3548624355122592 1.5734743247229077 0.8850513630079387 1.193098967631022 0.6769029554982088 1.0480299817095933 1.3441370323602466 1.5642485714112737 0.8685436418293614 1.1809052837387977 0.6551715452934521 1.0341271610214144 
1.3579645390685464 1.5699998139005142 0.8873655398806346 1.1866968137008078 0.6778151911602823 1.0393580517067493 1.3474087768704974 1.5608786430301522 0.8711258944536376 1.1746029330236027 0.6564115751475214 1.0255280992092073 
1.3592711480112936 1.5671043739444863 0.8903532491185395 1.183607609487173 0.680890066468839 1.0352822550570158 1.3485194760610393 1.5577878040143787 0.8738510351976132 1.1712445076652185 0.6591646274762777 1.0211249047672573 
1.3627121012304544 1.5648002537831849 0.8911736244076797 1.177202613078955 0.6793466470366363 1.0262199716629568 1.3512729466839482 1.5548485906479512 0.8735815556889466 1.1639417072344818 0.6560992092968257 1.0109805813367139 
1.3613168445222807 1.5594637422460644 0.8878227606792359 1.1691761486534438 0.6754948390477161 1.0173676276450416 1.3491104463386605 1.548819746975128 0.8689906211347163 1.1549408261119267 0.650544942967125 1.0009756915230759 
1.3532897346203066 1.5492988784765513 0.8809809463482737 1.1597677943660534 0.6693875931242675 1.0084709509196088 1.3410209218832865 1.538593845674907 0.86201591338484 1.1454280177945273 0.6442233750250762 0.9919464027600987 
1.3401103405268762 1.5380154725772626 0.8622717455576635 1.1459094345920449 0.6456786519523934 0.9932254480665808 1.3279923594761605 1.5274683551311496 0.8433152110729771 1.1317139277781554 0.6201361976429532 0.9768135813588282 
1.332501763605332 1.5309766989642004 0.8507961368102935 1.1367421735694159 0.6296615462383899 0.9822435367928465 1.3204902912673457 1.5205338904777228 0.8318579961335467 1.1226381556366771 0.6038272287097692 0.9658861345372548 
1.3213209544247186 1.5174579345543155 0.8390567517169799 1.1228560687558533 0.6193416832426588 0.9697286420137594 1.3091350356177356 1.5068590046921608 0.8197327061194093 1.1084905177861692 0.592899314792866 0.953057771607708 
1.313354477184606 1.5081510924044876 0.8298609827801581 1.1127843391784635 0.6090970684060546 0.9594889126617618 1.3015149465068965 1.4978520924179561 0.810993479616729 1.0987857656344344 0.5831298414425812 0.9432179741506467 
1.3157308594234307 1.5059356931685761 0.8294399947187981 1.1066459787841456 0.606363418453917 0.9509843388611191 1.304553786012336 1.4961802024218605 0.8115932423320933 1.0933335303186855 0.5817125418960124 0.9354592983765354 
1.3039454960807757 1.4921919364576863 0.8230063370043637 1.0971336970621857 0.6059892777511332 0.9452967381882474 1.2929077464186454 1.4825563595456803 0.8054042554825125 1.0839921278447275 0.5818587360771856 0.9300121005822128 
1.2988514984124166 1.486590283006108 0.8151892828835398 1.0897105218947736 0.5969115838448606 0.9376773930985967 1.2878344312869492 1.476974264165825 0.7975185730803891 1.076555306989929 0.5725432266721702 0.9223563308224105 
1.2906202252253178 1.4774433675646081 0.8066992047601448 1.0806951214661098 0.5880322509528282 0.9289350175123391 1.2802273272511604 1.4683733680643523 0.7899652211589129 1.0682618542476605 0.5648569481210707 0.9144406544115642 
1.288110951767902 1.4743134826299358 0.804258370465866 1.0775908070619433 0.5856272781081923 0.925921017076732 1.278268465606662 1.4657219010318465 0.7883983590574059 1.065805983077788 0.5636486094761611 0.9121788070134111 
1.2867287312805213 1.472142264919658 0.7994279839377529 1.0726682253906752 0.5803024169368761 0.9210227550732827 1.277965823777295 1.4644892171002082 0.7852457706621412 1.0621407348382699 0.5606038832747949 0.9087401907051212 
1.2797058212273358 1.464619645205925 0.7953319971452991 1.0677156465665987 0.5796421848719518 0.9183946748120493 1.2721731270715986 1.4580425856205743 0.7831541751425003 1.0586756719048236 0.5628166120888135 0.9078690737563043 
1.275821237453355 1.4617531649485185 0.7912426254550561 1.0653954090557223 0.5770060959270794 0.9175720789327724 1.270083762331056 1.4567481761227676 0.7819576879454605 1.058517978608304 0.564206494235054 0.9095776236457281 
1.2723611837606728 1.4593817947956114 0.7875075209424098 1.0635132047045115 0.5744208293062326 0.9169795691185599 1.2688027400036856 1.456280410525686 0.7817451673281134 1.0592533916305673 0.5664951016918505 0.9120356030774565 
1.2687519231577622 1.4563666511824966 0.7831986504818047 1.0605057785210412 0.5718602012000135 0.9155853154548296 1.2677679280201561 1.4555094982433197 0.7816036098410242 1.0593283641423559 0.5696737369025536 0.9142212788359937 
1.2658669381680843 1.454092451265407 0.7797807924968659 1.0583117858301685 0.5701604892896736 0.9149036753817529 1.2674182199838537 1.4554431270328085 0.7822965700723993 1.0601668148112542 0.5735963935966125 0.9170488397174056 
1.2649599778165475 1.453604673863441 0.777625504647089 1.0571396444546197 0.56879752590675 0.9145345416536437 1.2692646197691166 1.4573522145993536 0.784608408696746 1.0622867585532825 0.5783074917357028 0.9204794171504543 
1.2625423182949156 1.4519055921255692 0.7754848784376778 1.0561219340802936 0.5683238582758073 0.914881823431584 1.2696992475486073 1.458133369135176 0.7870831407326038 1.0646673721803914 0.5840505813929988 0.9247333802699566 
1.2633264474622303 1.4532411931257452 0.7743022407674796 1.0561534985964587 0.5671463014580452 0.9151891497376594 1.2732587586415967 1.4618837570058503 0.7904037662217583 1.0680142162899986 0.5889389449319343 0.9288516207648776 
1.2637909192584547 1.4538303580542435 0.7740717333685102 1.0562396843520556 0.5642069560011911 0.9136655359594834 1.276372122094544 1.4647801939062837 0.7944465714320441 1.0712612086975473 0.5918511600564198 0.9309903426245247 
1.266237008803968 1.456424394015982 0.7752890098955485 1.0577754496512104 0.5633388458688251 0.913874448863092 1.281277174363463 1.4695193263665574 0.799617461005461 1.0757341386071282 0.5963771376778455 0.9346023450456457 
1.2657518071972482 1.4563945472512247 0.7756695571073419 1.058593737778143 0.5629257199871933 0.9142443907747533 1.2831898951297505 1.4715752603258523 0.8038108803463038 1.0793837923570557 0.6011106684821855 0.9382384961208422 
1.2653967188693436 1.4557093296552372 0.7752404649689669 1.057761114262242 0.5625417148312648 0.9134078920423777 1.284984234154373 1.4727678969699538 0.8068168344954758 1.0811171077849522 0.6053171126156107 0.9403561044334747 
1.2650048093743598 1.4550009910787896 0.7754249589355893 1.0573904592156391 0.5601039958260073 0.9113216789039202 1.2871648489840997 1.474307995216827 0.8110733922773328 1.0838038401667804 0.6085003425309307 0.9418404234052921 
1.2637095527445061 1.4532392907493659 0.7730810304862744 1.0547970810434204 0.5578214102181092 0.9089044659246207 1.2882062581503475 1.474590779171537 0.812507113530534 1.084025097503614 0.6112922832309599 0.9426668860301183 
1.2635769422057568 1.4524646581015492 0.7724883849444275 1.0534539377846808 0.5526083612053385 0.90465623030743 1.2898793714429464 1.475403567514343 0.814800840005734 1.0848628037839854 0.6103589967175465 0.9410446317970524 
1.2633949987726403 1.4510023251131337 0.7706252119699434 1.0502875996048513 0.5478006861292892 0.8996257089944241 1.2915466012667602 1.47557902119938 0.8159588945796964 1.083987888402689 0.6099272842263411 0.938750295128433 
1.2628539700999082 1.4493098211759625 0.7701079024377686 1.0482199145966935 0.543672082230732 0.8951414083579755 1.2924697727827525 1.4751870801756297 0.8177677819265685 1.0837171924063491 0.6093088681096803 0.9364593449355396 
1.2643265016649023 1.4498153616278902 0.769975064539242 1.0470456914634672 0.53985999778851 0.891567101912251 1.2955401150455397 1.4771145079824415 0.8202220960765504 1.0845309432617447 0.6093861699220045 0.9353045408273233 
1.2635691750934137 1.4473812836451387 0.768562487405058 1.043548665394312 0.536277180053608 0.8865092971008538 1.2960192792725924 1.4757952067432154 0.8208210578720858 1.0826138411484725 0.6088120611865783 0.932178977367678 
1.261197500315799 1.4443507879399724 0.7664961664632249 1.040695170077588 0.5332867255077891 0.8831335093986752 1.2942804682999816 1.4733268457619373 0.8197921498909463 1.080550430494949 0.6074022780849772 0.9297674931093364 
1.2590877190813354 1.4406165619280655 0.7631298298071174 1.0355874329584345 0.5285957906959153 0.877204482490508 1.2937234512605233 1.4709842155854154 0.8190150310839478 1.0774320467210172 0.6064915448227122 0.9262322538658648 
1.2575389787087516 1.4377299654844264 0.7604564898610898 1.0314830311991807 0.5232072848994458 0.8714407803470354 1.2929692068150154 1.4688201184800849 0.8177158184674245 1.0743939363435788 0.6034160668824206 0.9218319372053942 
1.256029712733222 1.4348765846610991 0.7576405475347133 1.0272679169567696 0.5172736986051968 0.8653509422244249 1.2922108762383562 1.4666523523346289 0.8162214826067127 1.0712038473645902 0.5998086267041346 0.9170771846517064 
1.2540934993713868 1.4315162015169687 0.7540435358555699 1.022286546916064 0.5114265565705108 0.8590956016681554 1.29069215329821 1.4636851999749025 0.8134601301757635 1.0668671489110395 0.5955609558941637 0.9116912757208824 
1.2531523382911791 1.4291567985720286 0.7512034750749295 1.0180397992734125 0.5067391231833693 0.8537463973011248 1.2906151235301135 1.4621168793994037 0.812159636453727 1.0638146676111635 0.5933642667743398 0.9078433372695148 
1.2530963151560939 1.426884633051243 0.7489959593067109 1.01328393258641 0.5003014281988208 0.8461979083156492 1.2912128652076622 1.4604725414254731 0.8111567267043898 1.060058779623932 0.589306208416117 0.9016824209541738 
1.2554743557264083 1.4271657434533103 0.7501341071346108 1.0115766802801653 0.4948884515591771 0.8399409389276367 1.2943092661827929 1.4614454070975897 0.8134628432366409 1.0593903901426707 0.5864598862041971 0.896951168975569 
1.2597716530455232 1.429492180355335 0.7524986505084577 1.0112751825774475 0.4911332815204545 0.8352455783163716 1.2990695176537126 1.4642420863972767 0.8165850922574143 1.0598275750220172 0.5846100359188593 0.8934160117084592 
1.2612648028772904 1.429482045069853 0.7539684331436496 1.010494142673321 0.4889251613254221 0.8316717066109018 1.300602511852522 1.4643076548448042 0.8180748065043257 1.0591866706285016 0.5829457987129593 0.8901998755544117 
1.2634577076699163 1.4300413323504044 0.7555040351120039 1.0096926167059557 0.48655453452878233 0.8279058812633957 1.303270798364837 1.4653353223854666 0.8203509869991746 1.0590885586345082 0.5821724056244164 0.8874781929887179 
1.2647899320229585 1.430248994247729 0.7559818385031747 1.0086759407989467 0.4845735322390607 0.8250637075684761 1.3050028987502824 1.4659301412914054 0.8214910430105979 1.0586624330477774 0.5815070951816839 0.8854767727877677 
1.26646165147441 1.429977973800747 0.7568332409819815 1.0068308922332936 0.48286229367728634 0.8210163735001209 1.307175133031259 1.4661578084624076 0.8231514249609788 1.0575869511842937 0.5813240992899658 0.8825245601768201 
1.270945028442206 1.432984656345615 0.7601715620318614 1.0079705172880606 0.48303236136097555 0.8194290830340111 1.3128660931115403 1.4702928750565176 0.8283579641929931 1.0603398874143894 0.5844966853986087 0.8830516039518643 
1.271264757940835 1.4321220163597685 0.7617823368800106 1.007557300475943 0.48288616959110553 0.8173361840407959 1.316329195027737 1.4722710126340088 0.8348178206545246 1.0638515773557746 0.5914283707114244 0.8858029705540448 
1.2843868329853316 1.4454611847940055 0.7772897747597673 1.0217083213648062 0.5016065900146148 0.8314551528170897 1.3352099699770406 1.4908031942299056 0.8586707873953148 1.0849073790541246 0.6202784038849732 0.9079943823207773 
1.2901765127459575 1.450089270149021 0.7846212352729945 1.026564143247425 0.5053454379346072 0.8328129856104071 1.3446974067206794 1.4988043811656409 0.8713702797555812 1.0942986894816789 0.6316879714236452 0.9150044538696629 
1.2951681342239778 1.4540629633166575 0.7896516735303103 1.0297516064028354 0.5096239349846315 0.8345988021134586 1.3520981307246969 1.5049943390223166 0.8799196694637641 1.1004986279360915 0.6406445303826609 0.9204694561413866 
1.3019656979868286 1.45993999690889 0.7977432651764162 1.0357144553274953 0.5174470751046236 0.8390837809029145 1.3616848709500777 1.5134384043013873 0.8918886287952829 1.10985379308012 0.6533165270941261 0.9290492992378445 
1.3077200446208088 1.4642240147815668 0.8033210824465207 1.03881904673675 0.5242433479816887 0.8418143134106536 1.3713620700832623 1.5213330265339835 0.903231406486206 1.11787621140404 0.6673329754051196 0.9376318842824459 
1.3200080580480182 1.4745570443735638 0.8167961026545733 1.0483573232022088 0.5389364278945152 0.8499115701716856 1.3884405574930818 1.5361199124715819 0.923310230470615 1.133313277735552 0.6897814013814086 0.9527305943926121 
1.3235464610593954 1.4755186388598587 0.8245378745593497 1.051305248547181 0.5523535992304658 0.854678019854758 1.395446202740489 1.5403409115461584 0.9356054599791783 1.140498836379437 0.7075234050848423 0.9622730318276878 
1.3316462313201844 1.4801709840384152 0.8350742705827131 1.0559230530626984 0.5681708100468116 0.8604897012685566 1.4055180203004336 1.5469665031891446 0.9484451789055867 1.1476814514442804 0.7245807680233103 0.9708973921013744 
1.3357257194833454 1.4813424372741437 0.8391666886199071 1.0556575912999915 0.5756184368914011 0.8611322800065621 1.4117259609107216 1.550220115818815 0.9555143757732272 1.1503129752764245 0.7349446073748006 0.9748619362193295 
1.3369757708441017 1.4793453640121297 0.8388004743824243 1.0509732299274708 0.576616215367015 0.8564138917744036 1.4162190793179494 1.5513332894075922 0.9600825509424593 1.1500943434449975 0.7420636957998821 0.9755085970016769 
1.3403462900086118 1.478799822815735 0.8400997735625513 1.0469423901819288 0.5775532892641596 0.8508163966214156 1.4248316527435267 1.5557846822358967 0.9692185981809521 1.1531285400508697 0.7531167661524009 0.9785221521661378 
1.3414004374506554 1.475908308667178 0.8402607119179201 1.04162770028106 0.5793132782811128 0.8453130049826573 1.4339219125715355 1.5604750088844133 0.981231359951775 1.158345882607095 0.7696627782040716 0.9855612584475963 
1.3466828164346154 1.476569953994821 0.8444446956907646 1.039129955799691 0.5829554700663405 0.8405601114972492 1.4474141210456213 1.5689843398715833 0.9972662000701056 1.1667236582680012 0.7882195822245652 0.9939790393978476 
1.351034780319299 1.4753118427208587 0.8477917855419549 1.034408510827524 0.58755864867468 0.8345509099344485 1.458817066169167 1.5746102019821973 1.0107438679242216 1.1716881932435848 0.8050325586871726 0.9996636815381541 
1.358556311920808 1.4767961461758585 0.8568757449361413 1.0341603584357055 0.598935682573569 0.8330519530976846 1.4749475806468064 1.5845257872170677 1.0315188584101926 1.1829128285532569 0.8297704892654757 1.0118155313869555 
1.370117631680394 1.4809391412348758 0.8685578676412367 1.0345777809529315 0.6121989335514169 0.8311112739227474 1.4930225462957656 1.5953290378939047 1.0518016773838557 1.1925792149570158 0.8524561767900402 1.0210974237297301 
1.3810895991463386 1.488997633325921 0.8858549005735612 1.0461569557433503 0.635477244966485 0.8447110748949572 1.5099653659512173 1.6092547584370207 1.075790793031895 1.211210675956992 0.8811459892504726 1.042172598734103 
1.3917340437946264 1.4967087222826434 0.902524938523553 1.0572438769541033 0.6587418922893419 0.8585768639772113 1.5260233850937355 1.6223318780548397 1.0983510312522782 1.2286530586593365 0.9087159093209181 1.0625337427832318 
1.4010708332177666 1.5027181541105858 0.9164040700987346 1.065344446971742 0.6770194677359923 0.8680539906558384 1.5391545460744112 1.632225195155842 1.1161512696321796 1.2413524993737786 0.9297056505698599 1.0768077672925316 
1.418507496794091 1.5180160778796243 0.9383145108443318 1.0828866124858305 0.7024192509185933 0.8863419759331257 1.561001726233843 1.6519490559775254 1.1423646493589679 1.2638062693091205 0.9581000338717444 1.1000749834193293 
1.4294888931336107 1.525898451009226 0.956367463683471 1.0952471468998928 0.7263614496876574 0.901403651419471 1.5745458096848612 1.6625649142202403 1.1620648591176637 1.2787972176995677 0.9815074970656898 1.1172665545858584 
1.436860662056447 1.5276453854233616 0.9700736923374899 1.1000794653138886 0.7458948015406 0.9085653066264918 1.5844793101669996 1.6672451966604345 1.1777304830678752 1.286926941278055 1.0011818901414922 1.127606774805513 
1.4452054695704133 1.5353908319500407 0.9816098781472394 1.1101189622901855 0.7598280966615003 0.919861345005995 1.5941588106610451 1.6763497460757522 1.1900762232765758 1.2981092306767712 1.014919800185334 1.139679059370768 
1.4525396868376461 1.5426723956039425 0.9943187284962538 1.1218896167441816 0.7758478754487937 0.9337593395294137 1.6018045938560692 1.683966904430846 1.2019052162705706 1.3094054861724105 1.0285165729818877 1.1523076495530205 
1.4642638219404152 1.5533720402027171 1.0120119265322678 1.1371298494382918 0.7983019846170696 0.951936034449559 1.6151541504641442 1.6963546459398022 1.2201731553191753 1.3257898340240628 1.049733512926758 1.170827315705246 
1.4723058289822766 1.5641639561680192 1.024275115999207 1.1524165657327166 0.8137325435640318 0.9700953974610892 1.6248833387554902 1.708557956958203 1.2335724233968546 1.341873821000018 1.0652333373328065 1.1889686668222963 
1.4773456528622366 1.573838216473011 1.0322196591961172 1.1661449217103972 0.8237232251375144 0.9863754382743662 1.6311268778218782 1.7190088554608869 1.2423776150401888 1.355698599229544 1.07542766616493 1.2045585161182284 
1.4802774782916075 1.5812451887475771 1.0366848118581466 1.1763631808830812 0.8296533405810892 0.9987189793617426 1.635250638780906 1.7271825571818866 1.2480138773400562 1.3662553100476356 1.0821958715654765 1.2166605272767588 
1.4851750485049509 1.589670804255297 1.0450921532102722 1.1889179744211469 0.8410447150429535 1.014231016042047 1.641736699394176 1.7368384298309625 1.2576852047065208 1.3795218067640984 1.0940341302435144 1.2321603058602735 
1.4886315299438622 1.596994728364187 1.0488330318706613 1.197672350529561 0.8442414024098815 1.023284845985224 1.6457464195212466 1.7443765670998346 1.2619461851311264 1.388119773163326 1.0978164650646316 1.2407938271312455 
1.4889331615864578 1.6018868293895936 1.0508103737934098 1.205538011085443 0.8477623037572769 1.0333539462216446 1.6472152508132765 1.749982153340955 1.2651476453409876 1.3963230353366822 1.1023144045651612 1.2506864119401975 
1.490004954636753 1.6061474769404187 1.0514183023145796 1.2104029904466003 0.8482405602434211 1.0388007512906758 1.6498843478008007 1.7554809352305918 1.267865940357289 1.4025259340055258 1.1052219887054695 1.2574222032229558 
1.4937088208299565 1.612488312672442 1.054673539359559 1.2170820809235583 0.8506596192515657 1.0452627922705462 1.6544375541075036 1.7624176966659235 1.2721375136522068 1.4097114494538303 1.1088820346823276 1.2643464255975174 
