2.402920335055719 2.6658749962862642 2.1429057841688444 2.4341135057807572 2.0333201280232016 2.338216008461213 2.34319989630938 2.6121732548328964 2.0757179040669973 2.3751775042013783 1.9623838463624514 2.2767990073048363 
2.409987211592867 2.674529888044095 2.150127816396309 2.4429738821447025 2.0401929746083236 2.3467976341476824 2.3465927666216735 2.617550262050599 2.078823917305446 2.380458073808728 1.9649037192598422 2.28164817357128 
2.4160202000793456 2.680944569212769 2.156477564731764 2.449633781443961 2.04680455520097 2.353660779125029 2.349651430019236 2.6212920513730325 2.0818510327570126 2.3842008930858656 1.9680236590527667 2.2854818526060185 
2.4271398790603333 2.6903775474317744 2.1684688453664744 2.459548838410209 2.0589506536401037 2.363556885146835 2.355979968515227 2.6263596416418316 2.088514005901088 2.389354328693216 1.9745661330137845 2.290422399655795 
2.432126000191563 2.693497565584163 2.173887863347098 2.4628196640046163 2.064488199047844 2.366813000430708 2.3559798923012503 2.624944477113337 2.088346909526243 2.38765262748328 1.974212728185038 2.288494734782628 
2.4417241952477453 2.6993922789506253 2.1844301040908243 2.469096294124279 2.0750371547657283 2.3728634228834684 2.361040112949852 2.626635118351662 2.0938548777215313 2.3893367027186123 1.979462695520744 2.2897541774081884 
2.4444634645374617 2.700852882601807 2.1871225474258384 2.4703663091651995 2.077830591135497 2.374149243299269 2.3620087090014064 2.6264595571602642 2.0945616604431794 2.388805813246127 1.9801675377094965 2.2891631967595694 
2.4473665271032945 2.7054619010412324 2.190224751751664 2.47527890210086 2.08059906959165 2.3788261114225313 2.3642993846435014 2.6305574998896413 2.096996214928782 2.393180792465467 1.982221266818021 2.2932776392372647 
2.4509988601770423 2.7094312765946214 2.1944066689174 2.4797264080114076 2.0844391486894405 2.3829622310454606 2.3696667278647348 2.6360847541665193 2.103175127550999 2.399368260011197 1.9881678885720793 2.299224648256268 
2.4619465898319177 2.7188596322695684 2.202538417005481 2.4864014493208875 2.090415237598743 2.387645818454867 2.3839573852745377 2.648446620871376 2.115005267606918 2.40920401186886 1.9979758930490152 2.3071463668360987 
2.461524952996821 2.7192322586763344 2.2056416356756596 2.4899747001578145 2.094347496435584 2.391946993189021 2.3866389515018813 2.651634301185968 2.121743484878886 2.4159706947779807 2.005799547917488 2.3148111821109727 
2.462375209500323 2.7205539171943935 2.2064350378748427 2.491280297429769 2.0943346151849185 2.392563358484318 2.3911536605332917 2.656263874746212 2.1266592891861547 2.4209092664289917 2.0101148316157857 2.319198909167077 
2.4701053786186047 2.7275642465174967 2.214432662665668 2.4983791055163267 2.102099296769912 2.399376500443513 2.399170725138284 2.663495129667137 2.135020281955317 2.4282705248304937 2.0182717954627813 2.3262861341117436 
2.4715777407374038 2.729229333842909 2.216470252385222 2.500547261682652 2.104321779317177 2.401700726382996 2.4014336844369883 2.6658732094660107 2.1379727762412246 2.4312391532197344 2.0214740570060776 2.329453496283755 
2.4853151470776917 2.7424172741021393 2.230698762158129 2.5139765497104003 2.1188426262216384 2.4152753879617554 2.4102606651550804 2.674587369856107 2.146760829993367 2.439803923718832 2.0302854893816806 2.3379735442031437 
2.4892450208148675 2.7447672920762534 2.2348961488292045 2.5163798421644556 2.123071439789912 2.4176101944795834 2.4134488313970137 2.6762178490869553 2.1501523862674503 2.441426222143854 2.033673234954822 2.3394942916304817 
2.494799751114674 2.750356320035977 2.240742181992797 2.522173589418825 2.1288674862851 2.423326404585614 2.418822294580947 2.6816292401750546 2.1558295435311763 2.447046200986373 2.0393019072128187 2.3450344043876714 
2.4950726312682763 2.7524262180309216 2.240926530188797 2.5243245362084488 2.1289357698399454 2.4254546300650524 2.421396014885628 2.685818555171589 2.1585928146141877 2.451527195383319 2.0420917554566445 2.3495960052962297 
2.497017793003336 2.755412390364689 2.243092922857912 2.527580946869012 2.1308805369084514 2.4285492469734375 2.425469563172305 2.6907437975911512 2.163162176970384 2.4569229101205536 2.046571915637281 2.3549216947226186 
2.493471144470858 2.7515962517980013 2.2398885820300998 2.5240809108483053 2.1276180699337957 2.425003553834264 2.425495879367518 2.690151268131369 2.163962285352684 2.456952656651896 2.0475327992559267 2.3550528972039695 
2.48775190148878 2.7449748010429964 2.233721756298452 2.517039932055318 2.121337202276206 2.4178603476547273 2.424980863380377 2.688216755167083 2.1635932032064256 2.4550178581755855 2.0473627402492798 2.353225727626026 
2.483912430461108 2.741451989767322 2.2296668656548695 2.5133945933337265 2.116963339644598 2.4139742814287 2.4243840802643484 2.687633944315931 2.163153147199525 2.45458134683681 2.0467904113121134 2.3526769939452397 
2.4816105477078167 2.7387122305373177 2.227221252434228 2.510511557132269 2.114175116705021 2.410786219326527 2.4249508368696238 2.6874784338548077 2.1639108479867395 2.454519083086275 2.047371992295169 2.352421273079014 
2.4761634989759864 2.7331926914253595 2.2218887425928866 2.5051439478123805 2.1086584871099916 2.4052852699962637 2.4249475141662344 2.6868805446578747 2.1646649526568766 2.4545327400670374 2.0482737580853296 2.352526727342539 
2.47647493825195 2.733754115642078 2.2210236270220087 2.504681496076896 2.1068070115200395 2.4039798727921995 2.4277785975228463 2.689719755586072 2.166593351459844 2.4565443605988473 2.0493454034373997 2.353784193079306 
2.4702149158366766 2.72904564696562 2.2130391732687427 2.4986537965916766 2.097330454273241 2.396773549424726 2.428145590244127 2.6910257189818902 2.165980530711668 2.4570714422299567 2.0476142975233396 2.3533917489916547 
2.4635454904935288 2.7231347415306133 2.206940082406181 2.4933894529597658 2.0912948981267565 2.391635588406185 2.424914942411589 2.688237138857173 2.1637330291722687 2.4552285144831223 2.045646705844145 2.351824160504139 
2.470121737763141 2.7269662904352154 2.2119084834979046 2.495472478143167 2.0950534311491915 2.3925076027402716 2.428428176695782 2.6892577338682138 2.165248519078122 2.45420962820416 2.0457299160373053 2.3494370898515244 
2.481970609950287 2.7337243090072194 2.2214468385844843 2.499579273729281 2.1029246312355085 2.394861685704834 2.43734981056413 2.6932776663494984 2.1714792301693793 2.4552785047845385 2.050070241493447 2.3485864863906967 
2.481890263135137 2.73137275256326 2.2233820315557558 2.498808814904614 2.1054092329627987 2.394444794403287 2.4348051723793014 2.6886602728208335 2.1706968022837736 2.45204862159073 2.049693876520345 2.34560500141115 
2.4808431557807116 2.725043818653931 2.224168081144948 2.493632832472335 2.106951746667208 2.3896708377481612 2.431808237008831 2.6804798733778994 2.1693391139201816 2.4448544417171343 2.04898857995451 2.3387251336538033 
2.480754852721244 2.7189113664295865 2.2245967884765094 2.487401304675223 2.1076240422096157 2.383361802685442 2.429607706873684 2.6723263252267677 2.167413168110778 2.4363936916065105 2.0471756332322832 2.3300777782082727 
2.487139427243475 2.7149434067304234 2.2273346915425623 2.47912787071361 2.107907836161012 2.3724102969235736 2.4352509232826502 2.667489874497933 2.1692405023300205 2.4270680930186113 2.046426146859202 2.3179549490335223 
2.478964948310484 2.6989083525292217 2.2220501135104938 2.465024500355321 2.104354580139003 2.3594802985725476 2.426683010809611 2.6509676564137856 2.163568794134358 2.412440467110432 2.042506161300866 2.304489205735622 
2.4751406836903227 2.6851500464702154 2.2169847963526945 2.4492306864113473 2.098500152599232 2.342522627096481 2.423361515221986 2.63749699553554 2.1590232089208765 2.3968918591916073 2.037170223584421 2.2877438422732124 
2.4717594342010716 2.6719944128987247 2.2127865780870057 2.434416538343839 2.093956986129849 2.3269325950190307 2.4211664326026825 2.6252630985030816 2.156125375288274 2.3830308592131155 2.033988213722489 2.273118451722655 
2.466036552336968 2.66192086743051 2.2067973312159865 2.4237245899775823 2.088055153644654 2.316130555832723 2.417034854829777 2.6165901315379907 2.151900479358188 2.373849637205777 2.0299496389472327 2.263886473227401 
2.4635996943212994 2.654370584123475 2.2036793331744073 2.4150698431846642 2.085024909457918 2.3073119895367418 2.4163547000099133 2.6105803531513825 2.150732244111293 2.366856339083553 2.0289838480037243 2.25679755393788 
2.4600174894227886 2.6456510836589926 2.19931958793305 2.4051590920490065 2.0810702370333396 2.297528441535817 2.4145668586448377 2.6034432436805686 2.1483607044595656 2.358651590351148 2.0271409418355697 2.2487961237662253 
2.4443518468984777 2.6312541008872556 2.181488830004866 2.389044936252979 2.0629466981567894 2.2813134969652897 2.4001182336368347 2.5902142242362887 2.131807941498483 2.343767755439092 2.010338444997757 2.23385381245864 
2.4410332333153515 2.6226911586669903 2.176763838855745 2.378690076018732 2.0582806159875284 2.270767438939972 2.3984185764686696 2.5830751703250914 2.1288657148702455 2.3349378791629554 2.0075575996593473 2.22489397130515 
2.4420776426237967 2.6163826982693106 2.1776664263846746 2.371486090155917 2.060000436068643 2.2639162987626107 2.400934161322005 2.5780225092506464 2.1314250394989265 2.3290959426788325 2.011055302820636 2.219472604517343 
2.443288298004556 2.6125447177351817 2.179264301906953 2.367472300274282 2.0626438393396955 2.2605821823074694 2.4033677302830707 2.575249238805052 2.134411309323018 2.3262510252262114 2.0151968508723903 2.217374696068754 
2.4479225950241976 2.610547412178143 2.184001465574142 2.364845695099365 2.0678650081738894 2.2580297721752918 2.4092000307218164 2.5742722365806614 2.1405097893796237 2.324739752839014 2.02187671454765 2.2159914730950567 
2.45550402680244 2.6123062956787817 2.1922180109749574 2.3665299415902177 2.076596944436498 2.2598449120333455 2.417833079772671 2.576928590093835 2.149938739509338 2.327419330598377 2.031913296782862 2.218854614985623 
2.458372170758935 2.612285136267096 2.1953379625838934 2.3664210684411175 2.0801417956384607 2.2599623433061886 2.421553797701385 2.57766613399835 2.154028280956868 2.328148994021216 2.03649673585842 2.21985559403354 
2.457676208757777 2.6109418793404804 2.1951996899357473 2.3655330961316094 2.080323602301815 2.2593342914438312 2.4215533151871758 2.576968297921804 2.1546809021045323 2.327980871934733 2.037521632153632 2.21998638547492 
2.4527267031063613 2.608160856337469 2.1889656074344797 2.3618224325573247 2.073364092708032 2.255099428701759 2.417523902080598 2.5750838024287677 2.1494473632845725 2.325243802256228 2.0315984342214386 2.2167604675135744 
2.4467568570029594 2.605890046316421 2.182113031098756 2.35916533898983 2.065957773937067 2.2521601496987285 2.4122103888116806 2.5734806733470914 2.14330518664305 2.323316797014776 2.02492502732595 2.214580136841067 
2.4430518882966856 2.602914905583738 2.178058809791416 2.3559719131836014 2.0614298699955818 2.2485899105239264 2.409381268066555 2.571338478635203 2.1402232932360117 2.3210383929849154 2.0214125444624114 2.211961155108742 
2.4391421951958843 2.599721887776652 2.1736648537401067 2.352436639271077 2.056426284695126 2.2445552587951583 2.406472795521487 2.5690952806357723 2.1369407019346602 2.318545839310709 2.0175692631443907 2.2090099540257846 
2.436121423177835 2.5966601712326547 2.170247621370889 2.349027712579398 2.052785377886836 2.240956104894962 2.4040123508971414 2.566560312882984 2.1341421069989694 2.315711335479014 2.014575787223206 2.206008172891932 
2.4353672990709962 2.601317029772488 2.1696107737067405 2.3543677107419647 2.0519809788066654 2.2464332497059334 2.404118044802368 2.5720847539193494 2.1344743149882035 2.3220286409397195 2.014794190319289 2.212517127017181 
2.4331252335497324 2.600727873218658 2.1678685430939857 2.354430098460441 2.050252696166119 2.246602587583403 2.40311131380476 2.57267002449526 2.134127363710151 2.323399809102265 2.014542554163709 2.2140616005288654 
2.429564618202274 2.5979720667513653 2.1646055028157813 2.3520611404511493 2.0468733355096407 2.2441847243977846 2.4003538123160846 2.570675601840956 2.131767147955039 2.3218754916447093 2.0121144703769613 2.212527800390395 
2.4274576288943313 2.594336270354576 2.1624344013350534 2.348223303622824 2.044430125995332 2.2400278310050727 2.398893852553149 2.567629618815239 2.130320097031732 2.318683647981606 2.0104317237392793 2.209041841934482 
2.4234421204258227 2.5887421457638475 2.158142909692036 2.34224144888054 2.0397673019866773 2.2336438463761428 2.3955085364978372 2.5626110384984315 2.1267275932836367 2.3133275691596316 2.0064994601629 2.2033053056337906 
2.4220314713035336 2.588091841489548 2.1567602924721974 2.3417083275217605 2.038164946805032 2.2329575191625928 2.394465429298314 2.5623129442175405 2.1257570894400795 2.3131852790696987 2.0053290489355504 2.203026900994348 
2.42113881672427 2.586421215009071 2.1559804059056287 2.340066888413449 2.0372227005040466 2.2311292797704483 2.3936514433076925 2.5607086448186562 2.125066016115499 2.3116156913399335 2.0044775862176656 2.2012705252305995 
2.418551283343731 2.5814532802597085 2.153293907984604 2.334777373147943 2.0342592062378895 2.225471016698175 2.3908434556749234 2.5555123082355933 2.1221255319946577 2.306063204151961 2.001237776363321 2.195327621459633 
2.4187317205668526 2.58009295182873 2.1537077364573607 2.333468130932216 2.0345684780995423 2.2239796303195516 2.390805397479328 2.5539316656121183 2.1222969459093814 2.3045088046298043 2.0012886360083817 2.193575325494041 
2.410710560352331 2.5757698210815057 2.145396154511854 2.329332399035022 2.025803345291504 2.2196720386566686 2.3833177130828047 2.5501506008262043 2.1145691228934207 2.3009709561170584 1.9931274694545378 2.1898908362962413 
2.400987532415204 2.5710326775856527 2.1338892439893056 2.323564331800015 2.0130029211139386 2.2130631845506015 2.373845583881405 2.545704372961097 2.103303361598904 2.2955071181142634 1.980551056073347 2.1835865872717872 
2.3950088204696534 2.5694056073199962 2.1272063058686714 2.3218063210628572 2.0056101728220868 2.2109387350461427 2.3676521379390683 2.543925032521092 2.096357809126925 2.2935766803591804 1.9728612626050115 2.1812747388367746 
2.388773370874684 2.5652573705965644 2.120181319934689 2.3172129788605966 1.9977982284004558 2.2057889566774063 2.3617306720708013 2.540094275297671 2.089665614255065 2.2893251274993687 1.9653832479697186 2.176473861869239 
2.386620320745183 2.566826727964675 2.117711418535075 2.3189102070140275 1.9951303388485273 2.207529833319097 2.3594216635510152 2.541557294737587 2.0870111842617995 2.2909078067949045 1.9625134649305822 2.178095956571666 
2.3809571969143524 2.567065101305039 2.1114162710224265 2.319255210264332 1.988183131790995 2.207654462622774 2.3537886903114837 2.5418865551865704 2.0807312884267994 2.2913552224476783 1.9555654401318943 2.1783255613976182 
2.37176997990521 2.563717048813999 2.1010359679880684 2.315535447273386 1.9767798461082 2.2034089109331387 2.345460485921594 2.5393970071297556 2.0712904654392537 2.2885795727960954 1.9451351144379558 2.175063880031931 
2.357374093445807 2.5571285383510625 2.0840739220213473 2.307608688155217 1.9583635026341355 2.194739472841695 2.3313624138622124 2.5331688554001763 2.0546051203989153 2.2810295802486737 1.9269731956541172 2.166776278707481 
2.3415618971156604 2.5477221237065653 2.0664587452992835 2.2974393675620455 1.939545950480135 2.1839904751678496 2.316561582817062 2.524764042159958 2.0380866505092197 2.271953585922012 1.9092888579216845 2.157164769919973 
2.353020991718113 2.555944056716831 2.079415563726041 2.3065366505360565 1.9533247312892164 2.1935404576770607 2.329296265674697 2.5341198327794388 2.052530728755623 2.282328772566759 1.924679404910358 2.168071273110294 
2.3677300537321835 2.5706729187795574 2.0959029393907076 2.322718833467927 1.971077029277803 2.2107370497973315 2.346115131924819 2.5507782851997565 2.0714535322441123 2.300681069650161 1.945059191964761 2.1875714635747583 
2.3569810156810362 2.578722239265177 2.0829217763230594 2.3308822375402856 1.957478486288115 2.219497894407834 2.3364230670023804 2.559945629700133 2.0596301527266516 2.310092042543069 1.9326756748147915 2.1976542364577756 
2.3397776179910688 2.580309886360931 2.063414325735857 2.332620519427016 1.9374251102047686 2.221948664045135 2.3210825274453213 2.5633696392077288 2.0421908522985697 2.313867603215871 1.9148056964642546 2.2022535419910128 
2.32687867481463 2.5839672426149463 2.0485701681189954 2.3364849833258265 1.9221346415137233 2.2264599533131264 2.3096196256671986 2.5684363256399974 2.028945090845755 2.319297420614072 1.901204888502838 2.2084162586946983 
2.3095315336085713 2.5817783692510012 2.0291771563696357 2.3343529242880905 1.9021847542056372 2.224848417832631 2.2950506470691145 2.568832636785114 2.0126801782231474 2.320026970320035 1.8845764529496702 2.209812673104297 
2.296088107671036 2.581292455571116 2.013545768188138 2.3335416652779872 1.8863067732975884 2.224680513239679 2.284284622201962 2.570798782135304 2.0000755479802157 2.321928582155007 1.8719211735616326 2.2124961068956392 
2.282405276950895 2.5782010180459727 1.9975902599515474 2.3298312144559508 1.8700618612905002 2.2214585312927384 2.273377579803516 2.5702124934629995 1.987269135963544 2.320987992203598 1.8590328499392608 2.212182130466045 
2.2727221493109186 2.5768664376658017 1.9869795051707102 2.328746921322375 1.8596040277350554 2.221058713669776 2.2649438823088843 2.5700088442665794 1.9780779499323178 2.321156402659769 1.8500897172862836 2.213098875244493 
2.265267916488829 2.575127659412954 1.9776433340402004 2.326137761499443 1.849546663340409 2.2182575568841503 2.2582082339841114 2.568919647796256 1.9695529572046648 2.3192633701314818 1.8408934120240747 2.2110477795003978 
2.2596773597408015 2.574875973270394 1.9717535563363795 2.326296755473205 1.8441931796113875 2.2192099926156517 2.252855739821163 2.568891490905204 1.963932101994659 2.319671056172655 1.8358283411161185 2.2122635931654164 
2.252372665378625 2.570505849350437 1.963842411535307 2.3218515704378713 1.8362291499006356 2.2149616675565316 2.2465904757665136 2.565440793237063 1.957208001057836 2.316242832089246 1.8291319342805237 2.209081558205765 
2.2499133010302863 2.5702787999267707 1.9610540322370007 2.3216279125977533 1.8336778050009221 2.215084093156059 2.244476642060015 2.5655211252205663 1.9548141732535602 2.316359578984446 1.8270029630936564 2.2095617380722814 
2.24433826329603 2.565386175041614 1.9548113818204147 2.316341841243352 1.8271669756469002 2.2096812312853276 2.2410698059486323 2.5625272412473277 1.9510579626281326 2.3131751253492765 1.823150786944031 2.206361434338137 
2.2430051892017193 2.5646297862237035 1.9526209746865468 2.3149475873949803 1.8245155693459674 2.2079652905754292 2.241019228865705 2.562893061706992 1.9503393489713117 2.3130233975785544 1.8220735353288682 2.2059477849092075 
2.240534318340938 2.562753144737801 1.9491967664818988 2.312374901192168 1.8206232881251108 2.2050802267635277 2.240521566658864 2.5627419963514644 1.949182108850656 2.3123625456799566 1.8206075953547733 2.2050672700540206 
2.238516626274438 2.560586911922165 1.9471209202581874 2.310179327564657 1.818261551622068 2.2026628696891155 2.238766966816129 2.560805767547998 1.947408720250346 2.31042190326942 1.8185697445264755 2.202917284672098 
2.2365783462304645 2.558729941714639 1.945320639593124 2.3084818835388337 1.8167922508715741 2.2012610700748336 2.2374345286124018 2.559478362015784 1.9463049508817987 2.3093114076769727 1.8178461579096843 2.2021309837580056 
2.2359523713208294 2.5573217875768472 1.9449968715695252 2.307254764609934 1.816469370513921 2.1999937937219824 2.235832389588996 2.557216884179995 1.944858940369517 2.3071384909309716 1.816321678980692 2.1998718507984143 
2.2341432220989526 2.5542054258909346 1.94377475640844 2.3045237521992887 1.816079015475563 2.197888170779098 2.2333554754294465 2.553516418672629 1.9428692818691355 2.303760071541889 1.8151098405415276 2.1970874252133643 
2.240411260835162 2.570954192372357 1.9516190398940567 2.323613504539212 1.8247622354917914 2.218134364207227 2.2371275932492094 2.5680932050992618 1.9478485895153659 2.3204475795149953 1.8207291031004584 2.2148176693527164 
2.241223228736031 2.570593772890995 1.9535416517253887 2.324047282054726 1.8274801473684907 2.219133721348481 2.237447043607057 2.5673020969776736 1.9492082230859689 2.320405887155512 1.8228470591209676 2.2153198832552286 
2.2397175295495995 2.5622250710216226 1.9523117698184784 2.3152071071443605 1.826300577936655 2.209985634200313 2.23667145520565 2.5595628339487506 1.948816521104991 2.3122604817216765 1.8225636853980602 2.2068985227535403 
2.2352390546506293 2.5470537485957063 1.9482660371303095 2.299332450568086 1.8223498542912775 2.193660903201641 2.233641127682654 2.545651557867934 1.9464325334507333 2.297779096013244 1.8203895317418852 2.192032667200797 
2.2336349864109937 2.5330693820184322 1.946062827485084 2.2835226668722255 1.8200037924463892 2.1770918781988144 2.23301619834681 2.532523757771927 1.9453525690936437 2.2829174009760496 1.8192443195127035 2.1764570144340643 
2.2355419006762633 2.526397599523725 1.9474101169705471 2.2753996143269517 1.8205446266651195 2.1678145628441654 2.2358976168866143 2.52671236875099 1.9478184533470362 2.275749100493998 1.8209814115468723 2.1681813905665823 
2.2375912100690805 2.5186497205801386 1.9503403926951857 2.2672912558774643 1.823900323860493 2.159489380149486 2.2384333575245012 2.5193979216627156 1.95130651617792 2.2681223758162634 1.8249333862030173 2.160361973299477 
2.2401245698977634 2.510230736936276 1.951938953620128 2.2568043651720546 1.8246071546115454 2.1476246256409985 2.241580746201136 2.511530311531127 1.953609948720481 2.2582497859492072 1.8263946511473472 2.1491434772345097 
2.243007834201878 2.501011771321958 1.956141910570652 2.2473243891995205 1.829268893380905 2.1378027084581492 2.2438427350621075 2.5017605712159985 1.9570991926039416 2.2481576870164153 1.830292533911178 2.138678679860768 
2.2455970680193027 2.491256077382831 1.958726915396041 2.236126512587535 1.8316229268866695 2.125674762868697 2.2458275615364798 2.4914638442804846 1.9589911621436402 2.2363579822016177 1.8319055080862905 2.1259182584842935 
2.2454346607921685 2.477010526680668 1.9617307609065116 2.2230591336459855 1.8362791783078194 2.113179016100349 2.244934969491731 2.476557560535761 1.9611587849143781 2.222554411717931 1.8356681132619916 2.1126480434390484 
2.2491716802882697 2.463993882502706 1.9666396691338144 2.2091093666477355 1.8414183253706258 2.098407504421093 2.2467303384898596 2.461765589874625 1.9638471311919263 2.2066237015609977 1.8384355891601858 2.0957905480011023 
2.2568504443909014 2.4666836506425804 1.9764852278596494 2.2130630718412454 1.8519095721841847 2.1025516325520783 2.254275378476953 2.4643278568419844 1.973544377410199 2.2104369960728145 1.8487705691100262 2.0997873514257126 
2.267169437139183 2.4704296688831278 1.988543373300668 2.217491880413094 1.864309673390663 2.106802328292334 2.2645484684364785 2.4680245659429727 1.9855546471195398 2.2148121249663593 1.8611214542576204 2.1039815968059226 
2.2755324313527154 2.4736724759227924 1.9984130395236115 2.221409991095295 1.8744355488887847 2.1105725050180104 2.272771488279893 2.4711329203298633 1.9952686707152998 2.218581695664597 1.8710828465725402 2.1075954760669795 
2.284848115295728 2.4792706852158033 2.0080072524695822 2.2267342334841937 1.8835876570976036 2.1152197716952346 2.282576128371284 2.4771770228246583 2.005421650878049 2.2244028903079673 1.880831022131026 2.112765380824487 
2.284308684480852 2.482365868198046 2.0064029370977905 2.2292884253937713 1.8811994381230925 2.1173061808804694 2.2828171233094077 2.480993380901013 2.0047046162651094 2.22776002659053 1.8793879797621988 2.1156968866249812 
2.2717504176071897 2.47496150683166 1.993029777775144 2.2218803287977598 1.8675472016252868 2.1100514331879308 2.272342767792403 2.475505232217949 1.9937049404408969 2.2224859706955273 1.868267712277456 2.1106891635526157 
2.2716885338402006 2.479622801593226 1.9938593345522246 2.2278769017567015 1.869011764858916 2.116876335684501 2.2723388087653302 2.4802185599702784 1.9946001887649165 2.2285399606964735 1.8698020869121523 2.1175741516228044 
2.2520039548221247 2.4669722740506206 1.9760016344463103 2.2178847688134047 1.8529358289305353 2.1089811697913494 2.254529489377881 2.4692779525348074 1.9788794468775732 2.220449110804949 1.8560044698422713 2.111677764355748 
2.2399769482464347 2.4579042374908364 1.9632861649477922 2.208684920371262 1.8408239248432778 2.100578309484179 2.2442487209076023 2.461797886361797 1.968158570363529 2.2130170966568263 1.8460195868125044 2.1051329713097484 
2.237006475694248 2.4609210772997168 1.9593475841458043 2.2115554553069656 1.8368094780618918 2.103759405231026 2.241888994196189 2.465360184374283 1.9649201626269703 2.216494038317721 1.842752655322466 2.1089504321102477 
2.2275017576382203 2.455044579082294 1.948680468389151 2.2051837503667038 1.8260199165073092 2.09757682588299 2.23444789917361 2.461348658585646 1.956616697700743 2.2121999698764485 1.8344868681245337 2.104951751067316 
2.2283935437808577 2.4616085089153006 1.945489730624197 2.2087799702922446 1.821247044737262 2.100171293767299 2.24173775335212 2.473694973112936 1.9607602252198533 2.2222419593744087 1.8375503168088243 2.114324911645372 
2.2129094122354487 2.440984476755278 1.9271990430571098 2.1852993617718006 1.802317151990803 2.076001990692745 2.229777804939371 2.456287077766001 1.9465449247834583 2.202379234646077 1.8229887846611232 2.0939735571396882 
2.1991713955160477 2.411595508134812 1.9124728380962697 2.153367229354065 1.7877004128365581 2.043357735213294 2.2101381785888408 2.421600470031339 1.9250735825043155 2.1645660918659893 1.801174257992824 2.0551561438625536 
2.1754062572976594 2.371787908580742 1.8842235294916072 2.107909819724224 1.7585592722139933 1.996375769460702 2.188352005000523 2.383667341889344 1.899155186547379 2.121267527114345 1.7745486263807508 2.01047465201375 
2.161923968361709 2.345720927599198 1.8680371281580137 2.0779928145633324 1.7418025431652233 1.96529069721933 2.175481125162165 2.3582216925337702 1.8837105916612666 2.092093931528133 1.7586014273668833 1.98019453729598 
2.1478422196083304 2.3179010672873943 1.853034258164711 2.0477243758211308 1.7275303191353952 1.9348902193489017 2.161738714463901 2.3307838653577555 1.8691238672736594 2.0622956113545023 1.7447776571277043 1.9503046506153958 
2.1244688184519536 2.2764816918601913 1.8246995406846136 1.9996323528525537 1.697532381716072 1.884308180679222 2.140124880789586 2.291099220499767 1.8429040014538576 2.0162579922655333 1.7170855924427995 1.901942182237578 
2.1027611620021327 2.245212568739219 1.7994471898959856 1.9640226993659111 1.6708679044211006 1.846936525283032 2.1205880784595013 2.2619170570347094 1.8202470940244788 1.9830971881641504 1.6932480173041868 1.8672074931577798 
2.0987885655269354 2.2440336634700047 1.7939787531591922 1.9619208462082791 1.6654032817268645 1.8450858329049655 2.1167775756811604 2.260867299269599 1.8149913578049375 1.981153015015905 1.688017166058038 1.8655228738631457 
2.0888012941211906 2.2366916638469325 1.7825743329023784 1.9537835103005552 1.6534248269341911 1.8367123920533557 2.1070521842807692 2.2537452518158214 1.803926083098296 1.973283574675054 1.6764222974186307 1.8574419162068998 
2.0698454062088816 2.217239330880636 1.7613086207715019 1.9323815105729019 1.6315385712890793 1.814885217969448 2.0903924166156003 2.236432583433717 1.7854098989991094 1.9543742610472565 1.6575278457522244 1.8382842011625977 
2.049951292839566 2.1983244228763437 1.7395801876931714 1.9121896335391553 1.6089809929935808 1.7941989301676136 2.0736615853061964 2.2204509306838123 1.7674589943686414 1.9375864527743296 1.639082640739816 1.821241847853988 
2.0433058809150455 2.194326933021151 1.7313157800303243 1.907203737460162 1.6000346425568446 1.7888774757881016 2.0681492953126015 2.2174790356848946 1.760567213968842 1.9337964424680305 1.6316413337808067 1.8172025776181395 
2.0301477393792697 2.185170474014959 1.7166245720327902 1.897437766596512 1.5845951151340711 1.7788793763790618 2.0584657324587066 2.211504313472339 1.750023213933678 1.9277062551402275 1.6207168188510785 1.81113035524966 
2.024785636144686 2.1855268630556433 1.710462618924436 1.8980129524157205 1.5785781542697974 1.7800785898206404 2.054497782451429 2.213081999135558 1.7455333386956091 1.9296780646775877 1.6165126831849603 1.813803752255971 
2.0144203497913464 2.182688063982916 1.6982505499641358 1.8948067894784129 1.5649479848395889 1.776316422896971 2.048292505486824 2.213987359275904 1.7382945011802489 1.9307784989049082 1.6083143466479088 1.8146384975067322 
2.004839625190504 2.1801322443223485 1.6882040862212129 1.8930472040427306 1.5545453582105608 1.7748819540279293 2.04006090618246 2.2125648421987547 1.7298842779024266 1.93030937803607 1.5997118018361935 1.814572271620505 
1.9937236432141467 2.1780827469843955 1.6758772922595169 1.8914743418590405 1.5421162575860128 1.7740442607531217 2.032997283286697 2.2140886253831598 1.7224136225225026 1.9328267315647025 1.592566023827926 1.818069588176176 
1.9888343406453566 2.180778587140439 1.669485542833555 1.8940737021906642 1.5345452228364762 1.7762776394838307 2.029403299280419 2.217839255385802 1.7176139538121629 1.936628747574054 1.5867718038616172 1.821586662536331 
1.982963972609699 2.184997218091602 1.664201579577438 1.9004298523934107 1.5292330621157915 1.7834294167889124 2.0251784806549864 2.223379096085065 1.7142837161065376 1.9444370356758895 1.583589441777142 1.8302519625745632 
1.975257014785934 2.1865930527789206 1.657687004250513 1.9045931607724103 1.523149255214682 1.7887237231224502 2.0220638329639944 2.2289663632681944 1.713192363449312 1.9530942061715917 1.5833778840760155 1.8402810730377683 
1.9698924172700294 2.1904574396271568 1.6531029198504126 1.9105959601176699 1.519179144017571 1.7959768736868413 2.0215186006806762 2.2369991310007165 1.714295943207578 1.963781617211537 1.5855493019449 1.8524562742742299 
1.9695512567562796 2.196595097370073 1.6527902166307256 1.9177104497265067 1.518940988778116 1.8036295617976106 2.022946484796432 2.244595809750664 1.7160698783995483 1.9725094920811512 1.5875648190704656 1.8617894412500682 
1.968730961630959 2.2046560451200454 1.6542207831134152 1.929003130449601 1.5221666135099536 1.817029960480663 2.0274415380188797 2.2572385492199003 1.7236774611522772 1.9888867911684567 1.5973755945563837 1.8804827752692552 
1.972094593446046 2.2131256176952823 1.6591376311503292 1.9394601293398956 1.527560523416053 1.8281709621638575 2.0327986227875905 2.267385753463033 1.7308526322038873 2.0011543540184813 1.6051648849906746 1.8934947114283485 
1.9792250067814177 2.2273092369199436 1.6686942878397177 1.9565570361399902 1.5386474921400621 1.8468922314171183 2.044269812798424 2.285303891590548 1.7453504136186815 2.022331049981408 1.6214633961699236 1.9164337594915466 
1.9837093787999633 2.2368006041529354 1.6744843680186856 1.9677581004633005 1.5440462486398963 1.8580239129620846 2.0505439235595357 2.2962805633560843 1.7531472789377782 2.035116562963148 1.6290200431077992 1.929217547102176 
1.987462379848549 2.247166799797749 1.6796181246084652 1.9801184205277362 1.5498976281397612 1.8713456582131631 2.056721935307556 2.308648313185717 1.761026817619555 2.0496261530277313 1.6377670974760903 1.944744965381131 
1.9938978629535797 2.253395305553567 1.6860679112926777 1.9861990627051591 1.5551679636267117 1.8763552729402961 2.067689780743923 2.3189443168374813 1.7727203228351767 2.060266744427248 1.6487145709894278 1.954589842343619 
1.993660918318216 2.2503512403688077 1.6860834633046584 1.982996291733656 1.5545877373855204 1.8724689265858143 2.069866586653215 2.3181338473745283 1.7755397135923014 2.059596592137264 1.6511834733134387 1.9534082293118946 
1.9920673452088666 2.2445771008917252 1.6842518416933678 1.9764863572125917 1.5521995183118378 1.865239233623264 2.0732164880743884 2.316898931853416 1.7794939069363236 2.058249892219966 1.6550581993463254 1.9516689517496302 
1.990796321749778 2.239242954458592 1.6841126195989524 1.9715918263911638 1.552153908699922 1.8601399868537971 2.074173265913059 2.31368402151816 1.7818978808642334 2.0557478133828684 1.6577413847245432 1.9491140328437546 
1.987896663979282 2.2332421441617027 1.6816812553691498 1.9656269158871325 1.5501395236106843 1.8543381219346056 2.0757193631558093 2.3117630073993225 1.7846370982863602 2.054401835177325 1.661267669757032 1.9481908526579115 
1.9858212711654086 2.22879480136979 1.6797151755619164 1.960990366272359 1.548535443899493 1.8498654455427292 2.075417343719812 2.308981874379485 1.7847448278712001 2.0516710862643164 1.6618763644185446 1.9457320463550472 
1.9815321106851258 2.2237891698801504 1.6756169629352198 1.9561341909174457 1.5446874205729293 1.8452176006304106 2.074972152385725 2.307439749934167 1.7851420486830312 2.05073179630498 1.6628587296509134 1.9452166771792416 
1.99750343359791 2.2333826365035256 1.690869717995872 1.9639293360595846 1.5600425760970242 1.8524877524657053 2.151914664933403 2.372491255822757 1.8707637908499941 2.120786456707851 1.7534108466515885 2.0180256764856686 
1.9924244496379906 2.2232637975542286 1.6859429929612835 1.9533434161752639 1.5558677204425992 1.8422462076267792 2.1509235150082047 2.366351346147746 1.8705936371684926 2.114773576867096 1.7542637040693883 2.0126072317805206 
1.9879712068478355 2.2138834494290887 1.681748222076075 1.9435862447691998 1.5520218315655356 1.8324907023109394 2.149962550375248 2.3604214404245782 1.8704508898166878 2.108989554174235 1.7547310946170753 2.0070704080365593 
1.9655844131761653 2.1921903079160554 1.6596853621458165 1.9226886804995473 1.5310620226891822 1.812822985876197 2.0751986156031164 2.2909878993571944 1.7881506396836622 2.034615189907195 1.6694544396901312 1.931127750046871 
1.9632034968698482 2.1857693306298356 1.6574844765855277 1.9159004114833318 1.5298113380812681 1.806583052816006 2.0763221211849574 2.2879102140429377 1.7900280363508279 2.031654490193153 1.6725036056529146 1.9289084756727055 
1.9590920135495653 2.173421001268206 1.6535214971549934 1.9025905163102466 1.5269665502406038 1.793695675624405 2.0765583391211746 2.2798710198109213 1.7911410775742067 2.023339736913623 1.6750163771658146 1.9213009121357567 
1.950529064942422 2.154542037182185 1.6451288877121937 1.8825346780299053 1.5202493746702084 1.774442424533735 2.07230730404184 2.2653797295785 1.7878319234159457 2.0084398779114996 1.6736343956746227 1.9074957004368736 
1.9438696109746894 2.1369434278124655 1.6383492344646455 1.8633535261111591 1.5145938345546273 1.7555320085008106 2.0696168968316067 2.2519352230583567 1.7857416524376895 1.9941843942952944 1.672925437325552 1.8938261979524125 
1.9426583864446574 2.1294219824224037 1.6377335695477941 1.855448090792022 1.5162278731192615 1.74913216653967 2.071994459544658 2.2480385702171035 1.7892486352611143 1.9904590052507385 1.6787454831461974 1.891745958098962 
1.9389435398764348 2.120526215878634 1.634046593102094 1.845870431484442 1.5139684296670655 1.740468266711163 2.070963241476912 2.2418782591721076 1.788713214897391 1.9840928270997202 1.6797282824161055 1.8864295598162577 
1.9308523611406465 2.1095266768928074 1.624761056931883 1.833510417783987 1.5057199685606915 1.7289027108898898 2.0654199204622796 2.2333542951897285 1.7825871926619492 1.9747225272028497 1.6748018482920328 1.8779971222135592 
1.92594477310979 2.101183248997793 1.618927691118081 1.8239064246470873 1.5008632412944627 1.7199704200563801 2.0619087069870288 2.2264714893186754 1.7785193605774778 1.9669364231588475 1.6717639534183408 1.8709629854032177 
1.9053718318329365 2.085471528058439 1.5945311335757606 1.8059012189880153 1.4756355018575555 1.7018371870253628 2.0437049712574464 2.2125730917514113 1.7575032654144345 1.9512989019477256 1.6503903557469062 1.8554077727395666 
1.881362466484335 2.065622739639555 1.5659024758572995 1.7830656567036502 1.445803554254872 1.6785769239793629 2.020254250730838 2.192874782064863 1.7303043290693172 1.9290478592860312 1.622421161349919 1.8329001601331207 
1.8669018621465485 2.055928360908096 1.5473683572072459 1.7708381335362784 1.426005043078828 1.6658358998371507 2.0034829936603527 2.1807024024809643 1.7096696686454522 1.9142855686094096 1.6006598407801234 1.8175892792889845 
1.8533823965524978 2.044559227200494 1.530007981237575 1.7567357650855406 1.407068177968175 1.6507686037511982 1.985282662355837 2.164842575138128 1.6873782516823783 1.8953737071962036 1.5767567342652067 1.797597820629153 
1.8453429460117732 2.038349426961778 1.5185337587276122 1.7480053130340907 1.3932232284868817 1.640319713469118 1.9708756408092851 2.152656170765645 1.6688334187495797 1.8800486104182013 1.5556770768817705 1.7803676489802351 
1.8507612765360233 2.0594229733605602 1.5214854403264102 1.7694133563430705 1.3945679286163333 1.6615430743755186 1.9728529077164498 2.169805123960502 1.667857679145691 1.8967485121558023 1.5529491299734355 1.796540197369725 
1.857023130193504 2.077741498048706 1.5284826603117483 1.790177105627731 1.4015294144875017 1.683080368346586 1.9839251766116786 2.191901898588 1.6803819337262824 1.9214989643072098 1.5657933771713557 1.8221371316763402 
1.8656038272706343 2.094413737380186 1.5380866180832728 1.8088122367252053 1.4105973660569624 1.701727414166805 1.9970801392750464 2.2123336876897297 1.695158366373726 1.9441330073034715 1.5803912083679912 1.844919411380031 
1.8759999097574391 2.1116353464672635 1.5492553774668396 1.827517551119529 1.4217277896313063 1.7207376566025165 2.008457550731386 2.230141230534497 1.7072546079275697 1.9632489580615902 1.5924308397823497 1.8642596800150777 
1.8746591786976132 2.11520171491402 1.547395550683538 1.8314377545456493 1.4189293936892031 1.7242656067947335 2.0142913442884103 2.239888586107624 1.713900689560282 1.9741293858750015 1.598869352910115 1.8751305197706134 
1.8757096005088982 2.1176688927311678 1.547538660402786 1.8333332864597343 1.418367521286796 1.7256886912885678 2.0218852410167227 2.248167022630047 1.7218040910165273 1.9826357107752421 1.6067046548265334 1.8835431722265488 
1.875495615520431 2.115441324252781 1.549380745148319 1.8325361895352463 1.4216403423638344 1.72588222528548 2.0274143690514674 2.2512257142180037 1.7301751106279273 1.9877409554457441 1.6167827569084103 1.8898663115565504 
1.8834013192857357 2.118215496470378 1.5569721871270692 1.8340661796912483 1.428273759993948 1.726152453721064 2.038234440683223 2.2569971190028686 1.7410805544796744 1.9927362738674803 1.627011075311797 1.893885265581643 
1.8934408492008747 2.1206755117232174 1.5687879000752556 1.836638737482832 1.4408033805563236 1.7286008093317933 2.0535635176693536 2.264789062518302 1.7587212249536677 2.0013112510807836 1.6455756600966513 1.90264700606879 
1.8948286336819617 2.1158045805369285 1.5709607808666166 1.8314396651326108 1.443206041776797 1.7231068309948312 2.0609762807807974 2.265805971821296 1.7678137497884356 2.002852697015197 1.6553221311699575 1.9042964133613889 
1.8995742757773728 2.1104766099379377 1.5767951136387792 1.8253799391620174 1.4491757490363724 1.716344791554171 2.0744408486614243 2.269148282174422 1.7835933493358653 2.006722284646067 1.671835146476808 1.9080780510490472 
1.9019473253390011 2.1022900653297536 1.5805868999723427 1.8167209028313018 1.453815073647326 1.707570835656366 2.082380729694784 2.266832458260685 1.7936445644007009 2.0048393236925945 1.682998557160457 1.9064899773731254 
1.9071233384800785 2.0928043137607015 1.586396548715169 1.8053710082128271 1.4601766028037155 1.6955312379591831 2.098309281372839 2.268394213494515 1.8117495472320118 2.0062768725715303 1.702321392538847 1.9080378903510802 
1.9080329334566033 2.0821452211877562 1.5879354042136002 1.7933984205733566 1.4623320897645 1.6831976080410196 2.107431796845395 2.2662762023449416 1.8226952436309833 2.004234766217523 1.7143786757758654 1.9062616008604407 
1.907751776002549 2.0715945208077953 1.5882765750463237 1.7817433874272917 1.462942281445471 1.670983883417455 2.1131078567458124 2.2621255124419775 1.8298443797877675 2.0000793669354424 1.7221812024989935 1.9020765268623867 
1.9140372570738375 2.068360506630007 1.596771261473208 1.7788353002419137 1.4722039197973695 1.6679211448347129 2.128309981009989 2.2681005134664423 1.8481999933088247 2.007590540719581 1.7417086826638777 1.9100067275239476 
1.926503148275284 2.0718890171808386 1.6110962075290787 1.782397461037964 1.486594389709103 1.6707102078800442 2.146340595696447 2.2777374018825305 1.8684203387713858 2.017995114348541 1.7621936476830746 1.9200615019146081 
1.9452920438920038 2.0869226033874684 1.632325919058302 1.7987697803025071 1.5082870933709969 1.6870135661960546 2.1786742490398905 2.3060152427790954 1.9044548441560725 2.0489102151947822 1.7992749382541653 1.9515314806401485 
1.9732345787797456 2.109142787999921 1.6626811580372467 1.8219048357617584 1.5375397502803236 1.7084662949476292 2.212260383230708 2.3342931693538578 1.9403478898414273 2.0784076912126936 1.8342491063135562 1.9797217939124878 
1.9889139734983514 2.1208978099609137 1.679145827251761 1.8335646799327807 1.5521128001459819 1.7179880298468324 2.228578952080675 2.3471243835759963 1.9571193271890703 2.0911108978667294 1.8492808050853176 1.9905447049430969 
2.0084461126453057 2.1350186194972727 1.7002313549043966 1.8480355457620505 1.5713555463357234 1.730204314871524 2.248911758028767 2.362636834894445 1.9785183770185306 2.10688957622369 1.8689319305421588 2.004334123643072 
2.027217326825173 2.142662250635923 1.7209540639366874 1.855552295221075 1.5917775253408375 1.7364178990957795 2.2635714897524664 2.3675192331510635 1.993948015676487 2.1112129497850756 1.8835873988801795 2.0073098712805155 
2.044357369623807 2.1534900759500077 1.7386445078667376 1.865745742917606 1.6077727186188882 1.744435601337914 2.2820241303796878 2.3802849796012175 2.0127398743094376 2.1234981172855254 1.9008340778813837 2.01774444469937 
2.0500292295761176 2.1562905561441505 1.7435979730764914 1.867378647226226 1.6112754765453516 1.7444706307979077 2.28855294068467 2.3842071392218522 2.018660103117028 2.1264895326138924 1.9055349331661307 2.0194139005950342 
2.058400585729233 2.162110267652982 1.752365435441606 1.8730970229783748 1.6182730879954872 1.7482893426119286 2.2977490986072544 2.391099905547748 2.0281574317962723 2.1333378556408853 1.913490458860574 2.024636652417033 
2.057656060902086 2.157254002533566 1.7506693767148296 1.8667189485959288 1.6155462197557486 1.7406280345458904 2.2987472809700265 2.388312255180861 2.0285792721427205 2.1295375624409845 1.913185873083713 2.0199199368903433 
2.062233429699761 2.165524507312545 1.7538735868275226 1.8742364396658282 1.6166601122596054 1.7465049647141688 2.3025504565179977 2.3955016756435885 2.0310106953955804 2.1358122852936394 1.9137716177253856 2.024650952142428 
2.064083909405848 2.1701888990380835 1.7546608432025061 1.8783269542622578 1.6164508790149268 1.7499116882597618 2.301678390850496 2.397290321873454 2.028821259871882 2.136678070498251 1.9105482129766131 2.0247152754271722 
2.061987036897056 2.1673554500892327 1.7524370409037524 1.8752798961839003 1.6134121061686317 1.7460634957044088 2.2957433761706687 2.3908318125563537 2.0222963905499856 2.1296294978074237 1.9030884722554282 2.016775852674635 
2.0630343459014857 2.168329524760748 1.750447232100748 1.873394706928887 1.6099752520983575 1.7428604441977478 2.2914872345202295 2.386724944678203 2.014663382793555 2.1223597153991522 1.8938910596888012 2.008075088623224 
2.0594748379379926 2.163781684454261 1.7477477145457008 1.8695284548729716 1.605541285454759 1.7373190234322884 2.2797582541181245 2.374407771866433 2.002619075815398 2.1097387830486785 1.879793581332727 1.993524135369251 
2.052118109789054 2.1556676160587003 1.7381653925113685 1.8592829440739245 1.5954625181821729 1.7266194662762842 2.2624948694227354 2.3568192906042245 1.982148639573783 2.089169060599022 1.8582774132416826 1.97203171347831 
2.046780352091853 2.149814691713974 1.72924451993038 1.8500486503628086 1.5846966301817047 1.715708835644688 2.2465031521698897 2.340762655996812 1.9615690690641638 2.0688515199765427 1.8354100393942632 1.9496469966917729 
2.0401366591724317 2.1455278753256155 1.7242477778147924 1.847745294947128 1.5805551969163398 1.714434894126706 2.2407746611070136 2.3371357165469124 1.9575351575538178 2.067142029169561 1.8322303960635655 1.9488972522837755 
2.038484314096432 2.142561403810215 1.72402900683753 1.8459217444673 1.5790442850082451 1.7112953936410862 2.2393643862348975 2.3345029288088717 1.9574500177366467 2.0656141077696963 1.8310421648714699 1.946244198402965 
2.0398092893344515 2.1436922697101655 1.7256659907569367 1.8473001169314962 1.5773155063129 1.709537603217642 2.240227761040185 2.3352119885987053 1.9584998330699748 2.066474342084876 1.829131676762261 1.9443038088979612 
2.0374925272296656 2.141603360278632 1.7249849224027232 1.8467978061381622 1.5765864665525737 1.709009666665677 2.2357903379782122 2.3310614727279777 1.95523799558947 2.0635030345596124 1.8256526294442568 1.9411585915727567 
2.0421291067771525 2.145939286323462 1.7302928467593137 1.851668833076382 1.5826548146536723 1.7145146234974054 2.2349648383736263 2.3301999829642197 1.954146840840383 2.0623903625178355 1.8247117039046057 1.9401899222000019 
2.0501289670702865 2.1550095148793846 1.7373921027852866 1.8599915447175235 1.5896332205954553 1.722780021831191 2.2353851002144305 2.331948492969062 1.9525493805434677 2.0623981941081797 1.8223203726734438 1.9395589107476678 
2.045269897581258 2.154230827634785 1.7337130215673093 1.8610057350615687 1.586968887014503 1.7251236921253068 2.224284162923445 2.324870220509534 1.9416673053414815 2.0561258301504917 1.8118447317118678 1.9340017674790397 
2.04318792832657 2.1613210899261173 1.7296977778963063 1.86776506717505 1.582662306134641 1.7324872058862137 2.2105349139697887 2.320163043662971 1.9245004801972432 2.0494862872386874 1.7935070868773897 1.92700794341368 
2.0317624546194395 2.1619889348702066 1.7163272210162055 1.868667068287235 1.5686439708235933 1.7340073211209952 2.1920148857526516 2.3132372861125186 1.9033259618260898 2.041760808581948 1.771303049893273 1.9192842356100386 
2.028259468590397 2.1703569807583727 1.7097786846041216 1.876154605123629 1.5611204145505881 1.7417548337026656 2.1838122850754824 2.3163870679242273 1.8917036699352783 2.043319780858248 1.7584926992303949 1.9206534110157927 
2.017186059682113 2.1685939298346866 1.6991187720038439 1.8763700686474005 1.5521651727106398 1.7444130120231993 2.168773185322949 2.310267768574857 1.876577238318703 2.0384558284436407 1.7446358512239308 1.9176846160189767 
2.0094215113071847 2.169025457790676 1.6894213846474333 1.8764437751619554 1.5424138548729553 1.7452613346270094 2.1606345763835333 2.309813498770853 1.8667382187827113 2.0375495586375436 1.7348220261064389 1.9174212079519852 
1.9933860398959005 2.159507099213119 1.6699279783427368 1.8650851080719775 1.5224922074190923 1.7343199039254147 2.146161235567323 2.301280308122385 1.8496160676886053 2.0275508884740376 1.7176736205262804 1.9079532683354328 
1.9758444838713523 2.147248897041247 1.6498835875433304 1.8517106290791903 1.5024623657332818 1.7216589563107005 2.1290710050265704 2.289030306886488 1.830600385787365 2.014401691283258 1.6989335126616492 1.8955451674504753 
1.9614099805536425 2.1353169719775655 1.6321017495902148 1.8374453951112235 1.4838543898292178 1.707124280541824 2.1122685622750343 2.274670951626947 1.81060914842918 1.9976873998139548 1.6782053561991273 1.878516083661633 
1.946084654014221 2.1212897626372618 1.6145152279832018 1.8218902815124873 1.4659318681949889 1.6916208259150896 2.092538967333619 2.256400697192245 1.7883325391575386 1.9775636644845722 1.6554244444883763 1.8582397229339516 
1.9371769105653929 2.1122191497351026 1.6034559173322103 1.8110456185606367 1.454392964376437 1.6804982143720593 2.083953398295576 2.2475936287388962 1.7779983864637445 1.96725535097701 1.6448301669983072 1.8477774844249184 
1.9321758173177979 2.104828988603991 1.5967744337343641 1.80185745120631 1.4463213043538077 1.6699841309628365 2.080348178302781 2.241617769649344 1.7731987328462933 1.959906994836158 1.6390211924705853 1.839399943353185 
1.9272186253826238 2.0974405939910885 1.5896949235692017 1.7922654282560075 1.4378130163625902 1.6590333587127444 2.077730776790316 2.236526457728969 1.769158981217259 1.9532047808977147 1.6340440082267338 1.8317164726348043 
1.9261335641006312 2.0925632342643796 1.5874797046749922 1.7857553570954225 1.4343678463891332 1.651133399030799 2.07649659584479 2.231741135345899 1.7669010777502514 1.9469899335114704 1.6307233746270395 1.8243051025513797 
1.92779297653296 2.089146664997412 1.5878586787147684 1.780293012700384 1.4334819589969767 1.6440859327510255 2.0766025980456178 2.227201467696582 1.7655559389070088 1.9404473197976309 1.628116432141697 1.8162904900124894 
1.9273350134020837 2.085622563884849 1.5879731164870552 1.776755425990198 1.433341725997541 1.6400212585773424 2.077237541612805 2.224885846371811 1.7669052518699495 1.9383383074648268 1.6293446700700285 1.8138261435390135 
1.92901182662887 2.083529503888546 1.5876924129295478 1.7722233957303606 1.4319787180241368 1.6341883658789307 2.0786264800762186 2.222767781387442 1.7664565136096757 1.9340054758903995 1.6279325739335921 1.8083619747091704 
1.9305952638354962 2.0829610244419 1.5886372186072093 1.77067692393165 1.4329538275687916 1.6324476189281083 2.080779988817667 2.2228751468456456 1.7681107152732405 1.9333246126980461 1.6296637570566666 1.807576420974795 
1.9223327243833206 2.072228526662781 1.5815052921931685 1.7606609420087103 1.4262443252244685 1.622633920117227 2.072261950583227 2.212021147122016 1.7607002805233487 1.923235149771083 1.6226766048214902 1.797733942304867 
1.915885002625797 2.066764305417154 1.5742144995160126 1.7547223829843996 1.418259058735903 1.6162790936426943 2.0647203681870456 2.205440896888069 1.7523145111555887 1.9161172972619525 1.6136646532679737 1.7901991408964673 
1.91287296778399 2.063603936674557 1.5700616984305837 1.7505633246068906 1.412597240149764 1.6108411403545444 2.061538981062141 2.2021174326131496 1.7481286326923227 1.9118922388614714 1.6081949329725953 1.784844295455133 
1.9108503454668369 2.059219681848134 1.56836291921568 1.746081012356165 1.4105375464590546 1.605818428500162 2.0599049308185875 2.198236788735629 1.7468890999747895 1.9080508858389313 1.6066970626757024 1.7805931895159912 
1.9110601280484216 2.057619788915447 1.5686383682086988 1.744211774107849 1.4098448735291587 1.602907031033444 2.0592390661495448 2.1959312180203754 1.7461217164781069 1.905410567693076 1.6049851357431477 1.7769709251072314 
1.9197602926285249 2.0622070761281854 1.5750585544522337 1.7458602159489058 1.4138678151627755 1.6019490136808847 2.06660108655569 2.1995587045207863 1.7510482345592768 1.9061448957078684 1.6076015266704495 1.775274939898933 
1.9151559469921322 2.0551512341478255 1.57433144455014 1.741936793118318 1.4149327522180444 1.599330793556896 2.0644460554103445 2.194940046930515 1.7528932402457744 1.904851439251715 1.6112572444210547 1.7753800161146713 
1.9145293490245638 2.053531206599116 1.5726657494446872 1.7392082531072637 1.4125806209474983 1.5959172280780793 2.065443674525263 2.194908964134144 1.7532576832389526 1.9040694031564132 1.6112166071129046 1.7741439465940807 
1.914962759467139 2.0528368264784222 1.574291790153909 1.7393824497637085 1.414094123793038 1.5958442458291473 2.067622329862492 2.195932322487649 1.7568080058293223 1.9061560889250386 1.6148194697073723 1.7761471182720197 
1.9172746490675872 2.0543300168953476 1.5772573501991487 1.7412841488732504 1.4170622772331636 1.597621743691929 2.070823466391387 2.198326537918614 1.7607124971889192 1.9090411824047275 1.6187752304002059 1.7789780731974298 
1.926068830267187 2.0616310112643363 1.585221630853809 1.7474292279250712 1.4249089861906303 1.6034172590460694 2.0808110719444977 2.206888308185716 1.770017287239537 1.9166487640688916 1.6280046674155484 1.78633157191122 
1.929565390641012 2.0637029251613717 1.5921256648768654 1.7522874476864805 1.4335381922919253 1.6095586088488982 2.085043311175957 2.2097630588005583 1.777370851983232 1.9221587634843278 1.6368307064200622 1.7930036051384837 
1.9372831267778903 2.0709926912324725 1.6012243454614097 1.7606431263428486 1.4433637710910996 1.6184077945741364 2.0927667079486714 2.2171191460402664 1.7862043514386363 1.9304068998370059 1.646179077833976 1.8016243698780054 
1.9472072586559706 2.0801966302641923 1.6125709934643189 1.7708718534559467 1.4552252024214327 1.628889898723207 2.1021260891446305 2.225878704481109 1.7965809738117846 1.9399239953829377 1.6568036625570635 1.8112427470282662 
1.957994762808177 2.089731403483292 1.624799553047775 1.7813498912634342 1.4683865172304769 1.6399368315591456 2.1117790789721 2.2344674367518205 1.8071637930149693 1.9491215514442013 1.6679407517008062 1.8207855993236133 
1.9675828932468333 2.0981330894196346 1.635736117898477 1.7906458797086542 1.4802934752938621 1.6498632646730396 2.1201573639278712 2.241840151959452 1.8164023379795513 1.9570634819896824 1.6777823395832905 1.8291346582845067 
1.9788067254779633 2.108090680344852 1.6479975881040663 1.8011846962920877 1.4934415167648245 1.6609448587345759 2.129490086771202 2.2501329492758466 1.826184005859437 1.9655325698183737 1.6880223745130927 1.8378764367108091 
1.987849962094798 2.115940294554714 1.659242529288678 1.810729584813892 1.506278722614208 1.6716852121497905 2.136748498209438 2.256402003837146 1.8350020282823367 1.9730403701192456 1.6979464841390879 1.8462605778492616 
1.9974595591691562 2.1245218356506106 1.6695767883257842 1.819679914643298 1.5177909387383495 1.6814986391181648 2.1437429277122386 2.2626051533036518 1.8420846076432646 1.979147301581224 1.7057193155136163 1.8528968462805047 
2.0060546971678113 2.131885486518692 1.6801448154337886 1.8285422829207532 1.5292614667312583 1.6909526643963275 2.1497828284803653 2.2676521975887396 1.849377560810404 1.9851643866514026 1.7134618160989288 1.8592018918958315 
2.015660044615721 2.1402624859021966 1.6910350398085339 1.8377806177452873 1.5410627230130023 1.7007975803605349 2.1567504974521854 2.2736338318560114 1.8569563265355085 1.991513216566802 1.7214998138426416 1.8658509324595707 
2.024759082551801 2.1482013462001204 1.7030980845435795 1.8481511753685111 1.5547100400962264 1.7123793359580142 2.1633636992369105 2.2793117769660234 1.8657535309831281 1.9990387489531087 1.7313626025694357 1.874229479817242 
2.0335621335385943 2.155468801407722 1.7137586143217605 1.856781998793084 1.5666041955012249 1.72189416290376 2.1701823305800922 2.2848111849433073 1.8738423053080107 2.0054814354767885 1.7402773061676233 1.8812857053733332 
2.0409104602223023 2.1618397744293656 1.7229645095139976 1.8646292941774807 1.5758438423412424 1.7296009710637914 2.1773738663456053 2.2911116641283136 1.8826173663930783 2.013078203126945 1.7489783482492887 1.8886929253599722 
2.0534996750540304 2.17288967794663 1.737733669883567 1.8773137576140568 1.5922919642600126 1.743554512060638 2.1895030411138983 2.3018497353491623 1.896518114610828 2.025183842550352 1.7642155058402047 1.9018530406230154 
2.0619067781144813 2.180432019805809 1.748112352463205 1.8864572691143682 1.6027663934692542 1.75262213365986 2.1971034845073727 2.308698324379874 1.9057022214486816 2.033353188256885 1.7733201267775764 1.9098399156459263 
2.0694871589387187 2.1868178011238726 1.7569965755835295 1.8937877285779021 1.6123966361327629 1.760459572529926 2.204555537112243 2.315050779251343 1.9142426653411133 2.040519535832051 1.7824452102132762 1.9174216859398066 
2.077127302815251 2.193241747701461 1.7669310838005425 1.902077019118984 1.6229233492992083 1.769104781933665 2.2107176163636457 2.320156010069271 1.9222018629947688 2.047122745186658 1.7907246424005452 1.9242001654351244 
2.08455108372203 2.2000600347823895 1.7749997774215889 1.909328454155201 1.6309942731495688 1.7762469577867515 2.217112793307253 2.326048166794207 1.928953116964404 2.0532342933641767 1.7973253007306969 1.9301008192958962 
2.0932000341853163 2.2073248730337385 1.785162037887152 1.9177070197278336 1.641628551138597 1.7848644239586966 2.224859493431756 2.332551495147194 1.9378640003657144 2.060610005778243 1.80650427132443 1.9375898416108115 
2.0995769725418048 2.2130300861054306 1.7934642146493502 1.9250435287566383 1.6506924107258174 1.7927811169263834 2.2295891311691958 2.336738409023956 1.944057128643037 2.066067960597572 1.81318219300428 1.9434269637441512 
2.1013980823171035 2.214347541413949 1.795546062557572 1.9265115614929489 1.6529000408875307 1.794307576466755 2.2329467242113057 2.3395538478449263 1.9478610924719455 2.0692085369449837 1.817210972332602 1.946719510295718 
2.105520266746974 2.2178816529928396 1.8004473504332887 1.93064603039559 1.6578804931846713 1.798430193997601 2.236621245021662 2.3427031452325005 1.9521448874717906 2.0728369677044673 1.8214902496808074 1.9502846363242083 
2.107702650494144 2.219631393907565 1.8032018905546987 1.9328450843303608 1.6606649190309404 1.8006001874986128 2.238987760328323 2.3446575982049147 1.9550429115750985 2.075221879226421 1.824407767276833 1.9526435320406128 
2.1072400751775984 2.2186978420268253 1.8026339959166668 1.9317475774579065 1.6600187444828718 1.7993947904266285 2.2392761828846592 2.34446522751234 1.955348156220393 2.0749809136024577 1.824708009746899 1.9523623384542352 
2.1078976665086375 2.2188951494184126 1.8033079588557692 1.9318857901316424 1.6610745366998316 1.7998421397757527 2.2414629691504073 2.3461499000943142 1.957764864347238 2.0768019587126165 1.8275919364214102 1.954572945098893 
2.110278916441142 2.2205396458464777 1.806148104994715 1.9338278596545246 1.6642195916332676 1.8019839241169717 2.2440467931787875 2.3480343318563293 1.9607753267460297 2.078980301873012 1.830872948616588 1.956940205416609 
2.11155291296569 2.221432759971341 1.8079898762586837 1.9351835043410974 1.6657512302423463 1.8030072001725035 2.2461051500439355 2.3497012890735474 1.9634561450294452 2.0811698239869543 1.8333193398461407 1.9588689605672682 
2.1152671802172534 2.2247494276893858 1.8117873811527252 1.9384860811479276 1.6692872327146848 1.8060106969794643 2.24990467924849 2.3531310711484497 1.96730509492154 2.0845728840230677 1.8369092757412517 1.9619863556111317 
2.1185903929714116 2.227760878826711 1.8163606515201653 1.942590872116607 1.674158504918444 1.8103314557369763 2.2513076836342827 2.354332084993695 1.9695499611816805 2.0865330885540154 1.8392302011414339 1.9639910928593234 
2.1221478454615266 2.2311132864103964 1.8204302540874782 1.946361047903754 1.6780670850704986 1.8139085315409376 2.254249224020494 2.3571157338571647 1.9728391713459563 2.089605085846845 1.8422912983556645 1.9668228813995936 
2.1233413882324337 2.2326483677688342 1.8217591813905698 1.94806226751119 1.6794410912505504 1.8156713529988955 2.255425553411338 2.3586191956525835 1.9741257029330324 2.091246607672285 1.8436073754953466 1.9685091409746716 
2.123155072861151 2.2322526443160595 1.8215591276200835 1.947624722593149 1.679242641018873 1.81521906448121 2.2558798913098275 2.358846855702175 1.9746605470348668 2.0915182716524474 1.8441969710462165 1.9688135698069635 
2.1265790016489134 2.2360898090761223 1.824883766011986 1.9513995345531088 1.682546637883803 1.818989437202451 2.261360983358051 2.3646380021166222 1.9803070484786165 2.097468805549701 1.8499671444255679 1.97487665930156 
2.131693826618225 2.2415436962598454 1.8319852992975272 1.9587163420572797 1.690233765856738 1.8268250477378096 2.2744042069171106 2.377669882099332 1.9962379775072536 2.1131411771678317 1.866999225827973 1.9915033720890987 
2.135500180718597 2.2458207824688863 1.836157661381277 1.9633708061823574 1.6957266327592901 1.8327135013878084 2.2868035638963744 2.3901507285042003 2.0101205126681236 2.126954263863979 1.8827103683384654 2.006974911694005 
2.1366874671612623 2.247590099654296 1.838044435894848 1.9658675621882593 1.69707096030897 1.8347418805009084 2.296981125809267 2.4004895784118725 2.022151405885328 2.13900075550805 1.8949244851244098 2.01915000137781 
2.1348573883283373 2.2460869227525655 1.8357921798776924 1.9640324141317247 1.6949121826513873 1.8330351068542277 2.301908725492844 2.405425986506359 2.027634247022892 2.144432567314741 1.9010247286398172 2.025138369336794 
2.13203659165008 2.2440654475961455 1.8326056458864493 1.9618086446682026 1.6915627090163963 1.830746870404232 2.3063052720606807 2.4102476455532305 2.032709382360127 2.1499202631946357 1.9065278330868634 2.031033747453471 
2.1299913120025185 2.2421174012005283 1.8292300890828934 1.9586500888025433 1.6880804863531271 1.82752378369372 2.3142703034879504 2.417865688818593 2.0408495209608692 2.157613083656616 1.9153589159231255 2.039320285871302 
2.1297927900057063 2.2416614396826944 1.8273134608928732 1.956553900652954 1.6854357419849295 1.8247526742439069 2.3238117962004345 2.426752963521481 2.050160583993432 2.1661456788407123 1.9247798773263112 2.047878477341927 
2.1239984493608395 2.234504504937784 1.822322609882029 1.9500001703044156 1.6815154760177649 1.8191028738879091 2.3252426089522893 2.426601359965672 2.0533493302619625 2.1674603668319405 1.929476113790282 2.0504923904728956 
2.1191396884595317 2.2282098327770568 1.8161438417714497 1.9423039138312932 1.6755314287724836 1.811510863474012 2.3248302861078614 2.424665316880736 2.0524281458809615 2.164861966427504 1.9291159656185422 2.048329672802784 
2.1113610275223516 2.219455289178009 1.8063684448473516 1.9316064171202785 1.6658892065621411 1.8009228858172246 2.322256778597113 2.4209528987281517 2.048901685230465 2.1601237251278547 1.9261926190649366 2.0441023452509026 
2.1036164206882493 2.2106391054600567 1.796646554943192 1.920849305018288 1.6563494925254272 1.7903119422573375 2.32133893720612 2.4187471282854767 2.0472789891436975 2.15709862282401 1.9253327134262381 2.0417221325609516 
2.0979723312253786 2.203389161607012 1.7888373470461896 1.911380377917292 1.6483176046464014 1.7805580082342867 2.324722605771977 2.420283266208162 2.0500698391487178 2.157828130386489 1.928677841679955 2.0428495078902045 
2.0927429839300764 2.196325965495231 1.782747324325172 1.9032767986576624 1.643072039804877 1.7731216196044082 2.3317547274077866 2.4251504404280904 2.0580804003703452 2.1633237123252176 1.9383479151041385 2.049748079620654 
2.0912517482165174 2.1926603444078245 1.7799634070448305 1.8980767218262387 1.640251074201337 1.7677242709027445 2.341652184125268 2.4326447465543835 2.068398125946415 2.1708745516355017 1.9494677897874177 2.0578751601928236 
2.092083578950375 2.190362692444749 1.7798214849006093 1.8943704867986646 1.6406503755870139 1.7642586766270443 2.3518473028480846 2.439684561383666 2.0789748802507955 2.1778456271861444 1.9611490737610462 2.0656671350083995 
2.0939469129349866 2.188687100156155 1.7817058654530944 1.892145168635314 1.6432483159248816 1.762385478829748 2.361138726926048 2.445549761503527 2.089219520440578 2.184164772353487 1.9724673486245494 2.0727674711819364 
2.099848005982328 2.190001378161201 1.786231710900901 1.891393167257395 1.6477591213001859 1.7612082528616428 2.3724827030829876 2.4526350247331865 2.0999848221422837 2.19013256250574 1.9835379124251595 2.078741695869874 
2.10763652985975 2.1963530131331916 1.79617645124282 1.899495896362835 1.6589544737572668 1.7703007547587077 2.3837548416729537 2.4625437988996763 2.1133871503345643 2.20187194530001 1.9980704064670116 2.091439735086634 
2.115241009046733 2.2023890392010763 1.8058669669588177 1.9072043561173615 1.6702779643978543 1.7793542176848993 2.3941224771412677 2.4714561273049216 2.125731265130435 2.2124661274679527 2.0118166883573263 2.1032544642037587 
2.1234289506923205 2.2086221148440695 1.8156463253173205 1.9145842149611203 1.6810575982512586 1.7874607089886732 2.404296871319823 2.47985979099188 2.137349881380746 2.2220093728376327 2.0242647024137654 2.1134589475497956 
2.1352644961892753 2.2193999931978103 1.827558437228873 1.9251887446706206 1.6927118166676927 1.7976804931373205 2.4163926139364107 2.4910510082706936 2.1493181796761593 2.232924203506792 2.035895893774149 2.1239712689691546 
2.144863855765277 2.226859909569592 1.8397121491603763 1.9346847001122147 1.7059902179579722 1.8080007524468262 2.4245412822157286 2.497371523471886 2.1592823486446346 2.240750846981496 2.0465488250145145 2.132328818510009 
2.1522395315299456 2.2299152358688974 1.8499664751233305 1.9397842450025828 1.71798096528461 1.814344387143808 2.430268955091234 2.4993187376083585 2.167129011406621 2.2442894443810584 2.055609590870854 2.1368008208909504 
2.1588352107079505 2.2365490909059966 1.857397498704152 1.9471794568638094 1.7257239493593524 1.8220059051584987 2.4342893851373626 2.503467031864498 2.171432893688506 2.248711448993054 2.0599316719232315 2.1412381609789324 
2.167092693596167 2.2451323048760154 1.8682921545191722 1.9582757462619738 1.7375881003960316 1.8339958370721265 2.4394213151151014 2.5090047182892845 2.1783023629969027 2.2559542345530614 2.067292436168113 2.1489593622025267 
2.1753678872911797 2.2527816364924695 1.8782107428767651 1.9673523454932238 1.7481830751547993 1.8436224453281345 2.446076120536254 2.5151715734950746 2.186032602011619 2.263081570274852 2.0753811714135044 2.156387410304023 
2.176544641175099 2.2565049580419805 1.8798450886783304 1.9718736288281862 1.7498155959494817 1.8483296974479526 2.4496246698276125 2.5209381336454966 2.190235605004183 2.269713650676675 2.0797040817933787 2.1632468926287727 
2.178073919807553 2.262659357443325 1.8818820453327674 1.979166844969327 1.751875950216179 1.8559877996974656 2.452224100066273 2.5276519548042686 2.1933711654313868 2.2773885125348814 2.0828985529175057 2.171195004928355 
2.178152528058483 2.2671470915420464 1.8821126751306787 1.9844282857003326 1.7522736910333272 1.861738592683613 2.454291586647267 2.533605078043451 2.195802103716899 2.2841090993837314 2.085584293450533 2.1783639145669764 
2.1799836766648872 2.2724197219979763 1.8850638593229039 1.9912378853681345 1.7559238585215933 1.8694467522038065 2.4565120400530014 2.5389001487505096 2.1989971182621773 2.290666036009038 2.0893518538832465 2.1856243345381565 
2.181768768104686 2.278217016703422 1.8868438957892197 1.9975829656855406 1.7575297256880293 1.8759180564185205 2.458718883621517 2.5446918018489075 2.2012186348195946 2.2968502989957877 2.0914335580833163 2.19186043022749 
2.1810244428619434 2.281950413541287 1.887073464484425 2.0028670275036355 1.7585343045733426 1.8822521005065316 2.458758793041979 2.5487104331134303 2.202197412213821 2.3021953678741625 2.0931005905978934 2.1980673674528837 
2.180245884354618 2.2844832715835874 1.8857873933837956 2.0053891878997576 1.7571516695622065 1.8849333388067733 2.4599860208231368 2.55282645797658 2.2032369821345252 2.3064355402536725 2.0941922300126246 2.202506026812469 
2.182604611815434 2.2896366285325715 1.887590731890258 2.0103909496209935 1.7585078705305814 1.889715039342705 2.4630597887014436 2.558385530352687 2.205878374325747 2.311833125793901 2.0964852877895424 2.2076964377191897 
