1.5550943487516022 1.7156202526197835 1.0628399352297457 1.2863371041834912 0.7518414076912564 1.0441742766411983 1.6309287644772137 1.7846464782917568 1.1709991157977746 1.3770524125388872 0.8982626028056439 1.154084104941737 
1.5547397327380876 1.7160523520145006 1.0621170533206308 1.286744991540476 0.7505305545775601 1.0444693158032456 1.6347434445669142 1.7888561059667432 1.176122071876257 1.3823469775184882 0.9046914426225662 1.1602097416650579 
1.5547030019719297 1.7163213772311205 1.0617179257884506 1.286818790483155 0.7504398733679668 1.0449007843525289 1.6381750882431736 1.7922821388778414 1.1805766173105963 1.3865131787835736 0.9108656316606364 1.1654758017824867 
1.5579531062781222 1.7188981044848615 1.06657992319453 1.2903431887686507 0.7574556777539198 1.0493483292032488 1.6500677515549627 1.8028079201516867 1.197120894447027 1.400175434780103 0.9323329915441424 1.1817942373195303 
1.56391072617167 1.7237242922331868 1.0752747121711737 1.2967746075686402 0.7696662743259576 1.0572581756764996 1.6726553998701588 1.8229604392072805 1.2280777800753502 1.4260377660198205 0.9717744085510793 1.2123341854929277 
1.5695935560469279 1.727068645764852 1.08386776517435 1.3015035568080633 0.7811793735014001 1.0627245125544247 1.6916622512735928 1.8387124158997894 1.2541397743409783 1.4463778031980579 1.0041605722114566 1.2359128734599538 
1.5743557058308553 1.7307152639074317 1.0903402340930881 1.3059943576915523 0.7904804132185503 1.068474950535655 1.7067912036925228 1.852003145041112 1.2741201476321493 1.462929112035908 1.0292713967667468 1.2554596944713798 
1.5795102856620624 1.736802406582928 1.098032594649289 1.3142699250581098 0.8005153935510859 1.0781719493254542 1.7191885274606302 1.864735651493865 1.2909035708960797 1.4792098858350864 1.0495624544314883 1.2740530611996699 
1.5856019569411517 1.7428479692318577 1.1082861611766206 1.3235118786983404 0.8148027885664175 1.0896279467119088 1.7273579439582318 1.8727388885147898 1.303046474902415 1.490407861545158 1.0646762348036187 1.2872144199610298 
1.6017503917839164 1.7578313767537346 1.1247424174360678 1.3376891780604079 0.8325578740123295 1.1034126359163783 1.7409042126550012 1.8855010764144184 1.3153663617562712 1.501517731217294 1.0762415033996457 1.2971748552758529 
1.6021755674355294 1.759255924738456 1.133648069590982 1.3465410522993202 0.847959800042054 1.1167142348548085 1.7384218528560207 1.8841776451086982 1.3192050391381016 1.5060932225886152 1.083595778917286 1.3046818278520476 
1.6109261298659412 1.7679698520859624 1.1469402782555245 1.3587149825790763 0.8652623925057993 1.131067376368384 1.7461979678446713 1.8920469721719015 1.3302617595439101 1.51665116322273 1.096723919181514 1.3166008343096476 
1.6150258690862633 1.7718567994106746 1.1532175284038306 1.364213556455821 0.874260131664392 1.1381997793084655 1.749951763557453 1.8956526935538165 1.3356396537905875 1.521545676139182 1.1037904668812102 1.3226947321955431 
1.6165851931645205 1.7736791172359136 1.1571947650930547 1.3680970903114917 0.8810435187655432 1.1440400369387298 1.7514172656790756 1.897380394828293 1.3391095833122733 1.5250588186292258 1.1092125286520929 1.3277583958984294 
1.6138073354290003 1.7718002136088735 1.152449372373663 1.364932759129346 0.8753036706677574 1.140639468431831 1.7517023458580085 1.8982526147866754 1.3387406576646763 1.5254928480803998 1.1091634273110749 1.3285877425087325 
1.614102709649002 1.7712151732063075 1.153252698976356 1.3645026274054035 0.8768737298472625 1.1405188164148148 1.7527303346768006 1.8984043980659784 1.3404207759118962 1.5259762412948144 1.1115950732601552 1.329480815730806 
1.6162867890966877 1.7735668313904835 1.1566207270356517 1.3678186382004303 0.8817094463645492 1.144800361900921 1.7554541814039124 1.9012563487884742 1.344249941271518 1.5297595318900548 1.1165338983696285 1.3340930503561135 
1.6205074482123216 1.7786701922986201 1.1627448267404201 1.3746267840296178 0.8900326929453828 1.1531615055019873 1.757906650340572 1.9046939529939213 1.3476523786613557 1.5342066995589643 1.1208700174915955 1.3393927203668123 
1.6254232649472105 1.7838080040160291 1.169902316534013 1.3815359695612888 0.8989772356581951 1.1610901236302247 1.7611015518736135 1.9082580750442666 1.3520907203333843 1.5388695594401918 1.1258942916684718 1.3444731908712981 
1.6311181927667198 1.7885215716995335 1.179350231599829 1.3889311798770196 0.9116702576998824 1.1702160110144495 1.7644308912208972 1.9108844087371086 1.3577690451231277 1.5433080164227004 1.1330544867280523 1.3498427032638174 
1.640393696048034 1.7955756257351372 1.1921863980242897 1.3980374663556516 0.9282675353765907 1.181050789311844 1.7697697563903982 1.9144934944611667 1.3647351099147886 1.5478056305409056 1.1414351185389953 1.355018258007666 
1.6462957978007962 1.8007148008101004 1.2006331120940152 1.4049212824413189 0.9387629977031264 1.188932254527801 1.7723990251905917 1.9166852231121727 1.3684401048261339 1.550777953317805 1.1455934778517902 1.358185685573427 
1.6526028189972024 1.8059528530051663 1.209586084641147 1.4119023075544215 0.9498416894185577 1.1968996887281322 1.7760159051138873 1.9195317463218733 1.37340267730098 1.5545431946194033 1.151232232356921 1.3622427400201111 
1.6623212636388975 1.8142874992365519 1.2241755120676203 1.4237039125766355 0.9685796328366709 1.2109804504970427 1.77939318991785 1.9221257166652814 1.378961139817225 1.5588011327510705 1.158047773594 1.3672606892125658 
1.6736322372947439 1.8247399192356728 1.2376456107110023 1.435408501038018 0.9839514468266257 1.2234342470489412 1.7898919761014098 1.9319275848882664 1.3908397025222605 1.5694158101829514 1.170824013296708 1.3782089018912227 
1.6949719119235842 1.8449297530176834 1.2647334099366119 1.4595843961792307 1.0157969355190486 1.2500717681676878 1.8061485837023183 1.9475648173475228 1.4102459084889734 1.5873340964554028 1.1920932591076463 1.3971121464542098 
1.7057916153010955 1.8545895502648342 1.2816402776253253 1.4738993067206188 1.0377284074513524 1.2675399846756392 1.8166375702025763 1.957025658133158 1.4258502122844183 1.6008829416892167 1.211332850322949 1.4131895270598067 
1.708840480917982 1.8559830454247153 1.2818012346787626 1.4722607380841208 1.0351642484282386 1.26336942218181 1.8295353003492445 1.967672912580747 1.4387765744631793 1.6107809618020694 1.2241848909474418 1.4223803720889852 
1.7149019690876501 1.8590446903398261 1.283893519564882 1.470898013691194 1.033776753259958 1.258512126552899 1.8446991249688118 1.979412351876359 1.452724567032822 1.62036016513635 1.2372228876240126 1.4303422215542334 
1.7084061649424882 1.8513219564445025 1.278980458182806 1.4644221981428376 1.0288840558651398 1.2519360057181437 1.845166061879933 1.9782262656009553 1.456632137471057 1.6218873406970968 1.2428147777981642 1.4329444978482244 
1.7023951943259974 1.8420674822503789 1.2745400525931894 1.45585560999855 1.0250543466881403 1.2433019042711428 1.8449679714792477 1.9745809751145305 1.4595238140517783 1.6202694144136185 1.247595219526049 1.43232574621985 
1.7018215313096876 1.8375710602393722 1.2749822039657064 1.4512237930206529 1.026413521164472 1.2385457575032301 1.855858481923999 1.9810809125144913 1.4743112971585242 1.6291300371453625 1.2655192202923076 1.4429171057026282 
1.7130162310767079 1.8416007658372238 1.2828054662856132 1.4500547014275873 1.0314327126537386 1.2332567508561425 1.8759050957690395 1.9940132148840561 1.4933804554540848 1.6392845871087331 1.283919296970121 1.4510401558648367 
1.7071055499834362 1.8303223575709964 1.2822848259198305 1.4422638276765627 1.0357902252793516 1.2283045081022255 1.8806562943037333 1.9931730158579437 1.505627149497594 1.6440145033253966 1.3021213957631792 1.4599283212350702 
1.711774298954982 1.8279138330246367 1.287573503673798 1.4383821667981078 1.041873756346142 1.22335548985682 1.8940628474638375 1.9996429182588624 1.5215611545195347 1.6511347847292235 1.3201529243776342 1.4676176185038183 
1.7167583326106006 1.8261723657880515 1.2941123537730137 1.436096487415776 1.0505218111909576 1.221164367629489 1.9067164962174974 2.005795137577098 1.5372167734408604 1.6585179364504712 1.338620446634493 1.4763302601816197 
1.7210200149771793 1.826963402652623 1.3007356779730654 1.437984244222464 1.059867159578053 1.22441977223175 1.9185398550335226 2.014120293833526 1.5526746559894802 1.6693363861223567 1.3572780405473486 1.4893250357232468 
1.7266669836509472 1.8288214079429022 1.3078894428927317 1.440063771001222 1.0695876949695429 1.2276916172028949 1.9310498064602737 2.022909346646621 1.5678486143216315 1.6796898961267404 1.3753517076843509 1.5015995436701024 
1.7316495415063666 1.8300929943036255 1.3138343214420949 1.4411075107011309 1.0780710522962806 1.229986758871497 1.9410841579228886 2.029393491006416 1.579670281336966 1.6870057590118683 1.389760687075012 1.5106505223046163 
1.7288577834098733 1.8260824206253397 1.3094383739821054 1.4353594068793016 1.0738372666549154 1.224236189187732 1.940615251335746 2.027711844759235 1.57850155961814 1.6844271861309115 1.389303708235496 1.5085730228851701 
1.7342334432360744 1.8276107122028067 1.3146094036018647 1.4355462945368394 1.0804586306001958 1.2247392098558985 1.9535702240253485 2.0369172540676392 1.5928179018953958 1.694008308220019 1.4057958020276098 1.519492387844852 
1.7391388228920226 1.8281442702397013 1.320075814372133 1.435307557010082 1.0878783691618517 1.2251477354222429 1.9614737964118332 2.0408054982114905 1.6016790453802692 1.6979055898165394 1.41642329647964 1.5243892489552169 
1.7423679741107876 1.8285401837823883 1.3243454100826302 1.4358286150188435 1.0943979592483395 1.226955557347914 1.9674662268122747 2.0441713235800294 1.6090270232805073 1.7019638680497686 1.4257573740461347 1.529868339481189 
1.7470175359313054 1.8297598790583125 1.3297299288394957 1.4367089572392489 1.1013441861886275 1.2283769619345235 1.9726049319241525 2.046245625923606 1.614707908648338 1.7038874887772049 1.432500946963558 1.5323217374988485 
1.7520698981693423 1.8322288277371717 1.3361139149305834 1.4396228474121722 1.109399449824602 1.2321041710793492 1.9782477879353564 2.0495799227137086 1.6213931590058996 1.7076970823864315 1.4403063985385647 1.536813609645337 
1.7540120977729916 1.8328665282594938 1.3385966791883246 1.4403757637554202 1.1129644109018086 1.2335035675724697 1.9796442734324795 2.0498372424692675 1.6230446943119003 1.7079564839345323 1.4426097151114747 1.5375188003448965 
1.7529549786647602 1.8315538191561749 1.3384828356111147 1.4398869873936533 1.1137040563927072 1.2337240211917615 1.9775870825239454 2.0475812326268206 1.6215843527135954 1.7062456002010877 1.4416435887436152 1.5362533880208598 
1.7521969027793367 1.8315268521945018 1.3366272906496786 1.4390514717373735 1.1110882602698582 1.232401617294257 1.9759810817944337 2.0466552860238822 1.6189131427008367 1.704457798776344 1.4383408398601145 1.533988590508254 
1.7490933663889414 1.8300142060065543 1.3324368681276422 1.4370150999157245 1.1058998556586395 1.229893849316192 1.9717372176803378 2.043862041681336 1.6136319465063276 1.7010092441329645 1.4322829825093224 1.530051937623622 
1.7483262763300218 1.829435248382954 1.3313862179345255 1.436237383173826 1.1039243787986566 1.2283475052386437 1.9691561514785973 2.041510349820936 1.6104410705474448 1.6981486982081397 1.428138723831127 1.5263580097821088 
1.741095791296197 1.8254937771598485 1.3162180409298947 1.4259883966040292 1.0780126289006684 1.2095967113254442 1.9505583757450917 2.0262504665438894 1.5829382028333672 1.675322753969912 1.3911774332518947 1.4954556585767864 
1.740615815694368 1.8249652212865235 1.3150420167604417 1.4248123198882616 1.0759151982593098 1.2076208655473661 1.9419529732115992 2.0179038607489135 1.5718694087504121 1.664790701327158 1.3780534990214894 1.4831675856845612 
1.7415619915522302 1.8293964567636427 1.3152950233386311 1.4295643476316027 1.0743285467767159 1.2115424268342276 1.9409438562924406 2.0201277877598165 1.5697852978287732 1.6666970651199244 1.374193112076818 1.483933938852862 
1.735197433883332 1.8254369293611052 1.3083171417341057 1.4258343493811967 1.0662100319145849 1.2075237805837615 1.929591945659833 2.011127774477619 1.5569549401171827 1.6569304554130508 1.3598598362902332 1.4732714016349124 
1.7327071280395803 1.8237659023348283 1.305472509384694 1.4241160583741657 1.0619245142472085 1.204795314117369 1.9251703237322069 2.0075180821948204 1.551858645811264 1.652910563684306 1.3533995927955536 1.4681752391111798 
1.7303263183698154 1.8208376036987042 1.3019807863571722 1.4200613997441236 1.0565409448020648 1.199040941354064 1.9211118619703642 2.0030205184179315 1.5465431084205963 1.6471842632818103 1.3464473202480816 1.4609383276522114 
1.7266283104928055 1.816427481116502 1.2969491090228793 1.4142985763109712 1.0495091139171875 1.1914834668409127 1.9157966981376808 1.9971080241577421 1.5398404649168174 1.6399000362690526 1.3380960526790444 1.4521241399257987 
1.7228929677139666 1.8136680606434683 1.2921518451785146 1.4109174486830334 1.0431085675989051 1.1870581871998693 1.9100516794993372 1.9923175134396223 1.5328384230434202 1.6342047873991312 1.329666395739262 1.4453526835891095 
1.7192330650652838 1.8102393718880856 1.287430350742816 1.406656020331115 1.0367632150176673 1.1815592306498097 1.9040659657674075 1.9866231282036786 1.5255103336240532 1.627386257012689 1.320826572262146 1.4372846223047715 
1.7145534024891522 1.8047072462167177 1.2813719736232443 1.3997103305138274 1.0287790917330737 1.1728858828322253 1.8980651323237379 1.9798803299955097 1.5181804936644152 1.6193044450945993 1.312000112859419 1.4278022169415232 
1.711063663038905 1.8011870642362817 1.2769770518580652 1.395423366714244 1.0229466862804315 1.1674570246360743 1.8918522048352815 1.9737377602762014 1.5106410218645976 1.6120087711734434 1.3029911085422323 1.4192680544351428 
1.7053096760345061 1.7977565385660297 1.270405763359452 1.3920410498102822 1.0147589841814224 1.1634359787959596 1.8907725149120693 1.9745551863462596 1.510255082940267 1.6139138441462457 1.3025649342535335 1.4214509800647057 
1.699732074903539 1.7951721696193628 1.2619309979772628 1.3878126083070041 1.002898719141614 1.1573071472067777 1.8830795295164486 1.9696554283944918 1.4997897291566875 1.60714754263692 1.2894592777144573 1.4128903782685653 
1.6942259241530755 1.7926044554201974 1.2546437252353126 1.3846155165938097 0.993169850766898 1.1530028638266006 1.8758147973167134 1.96512350893076 1.4907751503940299 1.601699035572021 1.278540583725187 1.4063055413928873 
1.6896237039596982 1.7897244367450789 1.2487001011381755 1.3811362138045944 0.9852786124657786 1.1485030442634838 1.8694921136454388 1.9604300705412805 1.483045665036141 1.5961546739218258 1.2692306512933296 1.399725596208946 
1.6862061212905237 1.789037041616979 1.2442176140360786 1.3803767325906477 0.9797765963104204 1.1477476340544697 1.8638313396757853 1.957352731512037 1.476026304087306 1.5924873949760585 1.2611654760409645 1.395672171664117 
1.6804184656518912 1.7874250147135842 1.2372862674837444 1.3791153944553938 0.9714012537071672 1.1466047092280132 1.8533863975620022 1.950928779373521 1.463595649989387 1.5853057087476397 1.246938376451642 1.3877814230590697 
1.6751118879318232 1.785879070925721 1.2308764967658277 1.3778320540510431 0.9635150146679171 1.1453058117247623 1.8433574151255954 1.9445644187782818 1.4515590491256345 1.5780962872963475 1.2330157769868626 1.3797434997775915 
1.6668339143041153 1.7816712483773147 1.2192320000206602 1.3720582383027258 0.9488888459004979 1.1385987797702837 1.8295474109183338 1.9347508543008787 1.4336788694815792 1.565711416646752 1.212146225831677 1.3657655773294257 
1.6588060753710532 1.7769586004653897 1.2091663512056212 1.36675803892566 0.9363632062869174 1.1325724374925943 1.812364206220349 1.9210955957652698 1.4124835167847856 1.5495334643913683 1.187351032504169 1.3474964736386943 
1.6658416607748199 1.7837908192927245 1.2193021359667215 1.3760737432975783 0.9500600395622425 1.1443318255615413 1.8107902151748583 1.919854799611942 1.4108970420881213 1.5483900385862115 1.1859792761144732 1.3466358422353868 
1.6751394381244815 1.7958565451505317 1.2325952008506293 1.3922282581387304 0.9685874876127624 1.1649765297034973 1.8086692667317603 1.9210135632056333 1.4087169014461363 1.550319935374632 1.1846324748292203 1.3499491449754704 
1.671090225909425 1.8033684312225309 1.2257367531121894 1.4007232929918787 0.9603509320711949 1.1755292715751542 1.7946625155867084 1.9184391312866855 1.3894968836424257 1.54605845466852 1.162129474048401 1.3454144603251492 
1.6653425328013078 1.8087836879950778 1.2173108894432327 1.4071881466090719 0.950338808824029 1.18383973998049 1.77774275695475 1.9127733760968848 1.3670586526938318 1.5385649282058507 1.1358465608985548 1.337340677727659 
1.6613849013580935 1.8145365034136518 1.2110462287050159 1.4138514419204873 0.9427367743228443 1.1920971258335629 1.7642650479416753 1.9091815238862548 1.3487269319579265 1.5334299034349894 1.114084374986312 1.3317383100101317 
1.6587207881258001 1.8202479784690535 1.2076737937707667 1.4214162100949448 0.9395319107729528 1.2019435350800285 1.7574449883346777 1.910644115784694 1.3400500834754931 1.5354746094881138 1.104526344376935 1.3348881959110568 
1.6607996193896395 1.8290988756993898 1.20935079450289 1.4317390353988297 0.9424669928250916 1.214739212294051 1.7624111066946813 1.9218325188009415 1.3454987467109627 1.548455423549794 1.1117920515099806 1.3503439884417496 
1.6612586704167838 1.8349958262663542 1.2088100054330044 1.4382805503847085 0.9425679861076017 1.223055076770846 1.7651530334605383 1.9295581214140558 1.3480380153151987 1.5571242092764919 1.1155354185031239 1.3608264335744438 
1.65824503535946 1.8366354392350968 1.2048144659217435 1.4404968020284865 0.9384014052069062 1.2263972996766979 1.7642512358199713 1.9328827078879611 1.3469906172992803 1.5613573781976684 1.1150798281254557 1.366329448724683 
1.653848588976182 1.835456924359302 1.196988342657734 1.437521498405679 0.9276110767226253 1.2223539894721611 1.761079193008227 1.9326372887757568 1.3412553303702126 1.5596963894189497 1.1075410053115453 1.363940630807114 
1.648225958037012 1.8333411533391777 1.1891642493562553 1.4347831152223063 0.9182268211869147 1.2196849883994745 1.7574462654610599 1.9321253457690126 1.3364431073498888 1.559028914088198 1.102319854843877 1.3636715286912118 
1.6439395392054106 1.8305835493915317 1.1828877582268311 1.43098650283743 0.9096569510331343 1.2148969879388531 1.754901059079086 1.9308486864321859 1.3328030488999107 1.557197126216491 1.0975501296783203 1.3612917431237501 
1.6413354600961072 1.829495264735304 1.178738221391374 1.4291587125609595 0.9043692921417111 1.2128291914729377 1.7586016978056458 1.9353942137572129 1.3372066532607814 1.5624315871886678 1.102987604429397 1.3673523637471432 
1.6405124928981771 1.828808705238192 1.1773251616078677 1.4280597246456437 0.9021785593523003 1.2112746154175742 1.7634682950331124 1.9398660955300477 1.3433665636701666 1.567767127282299 1.1101645559046605 1.3732171649768263 
1.640521862318496 1.8291831719827698 1.1759552358593193 1.4273996681605845 0.8993894889006357 1.209752267476671 1.7709746640482882 1.9470363007969183 1.3520022177130284 1.5755980111122718 1.1197949511856835 1.3814991236410348 
1.6402868773877635 1.82944325497964 1.1743409611056324 1.4266738506016365 0.8964036288026169 1.208247097571726 1.7772468970659367 1.953184096850704 1.359096091499972 1.5822337908762094 1.1276546274150165 1.3884979444675098 
1.63769805635662 1.8268095229372574 1.1708000392015068 1.4233589993723472 0.8910457562854166 1.203802578953148 1.7781481366281748 1.9537115716231632 1.3603413556141892 1.5829424225455107 1.1285913395885379 1.3888471914124498 
1.6361439401804494 1.8254746264271124 1.1681537111995175 1.4212577921437073 0.886944864683936 1.2008587809268854 1.7759068796131192 1.9517263803610396 1.357004548650153 1.580143020045086 1.124077152626636 1.3852581217221596 
1.6352683616815096 1.82408204723267 1.16663344865323 1.4192273615726725 0.8837323759580888 1.1975623627337864 1.7700813701150941 1.9458573321671166 1.3491178768471377 1.5726702597647508 1.113583564187497 1.375950963787783 
1.6335220431000048 1.8211945484032217 1.163673600496984 1.4150941899158567 0.8791453529955183 1.192162685850222 1.7589950658889337 1.93453326662056 1.33409355932094 1.5582557373106682 1.0947903581150202 1.3590148071531871 
1.6341217314068657 1.8298768659000453 1.1642076829570283 1.425999663518955 0.8786189760392 1.2041872015414266 1.744583495484287 1.9291622751899782 1.3147612972384655 1.551351920105871 1.0701350591005663 1.3502905450369458 
1.6344032302148268 1.8295401914351759 1.1644992955500917 1.42548307688189 0.8780424703490486 1.2028723842854903 1.7345831442847184 1.9195629913020986 1.301369807101986 1.5393202291845125 1.0528358586392563 1.3358168805553627 
1.6357635348442063 1.8259196402706264 1.1667647075250491 1.4211263397481637 0.8806948072550522 1.1974487606265303 1.7357316740239583 1.9159918149642532 1.3032198529066434 1.5351358818717036 1.054829581406406 1.3307612996364198 
1.6371022681048102 1.8197066664915842 1.1693606620003572 1.4137301275964638 0.8834457535321077 1.188151890657888 1.7364343795381136 1.9095635287368455 1.3048007035719722 1.5276561759381309 1.056208747190589 1.3216676713462858 
1.6403079912854508 1.8144346123117554 1.173376323382618 1.4065470672376772 0.8889497658894514 1.179743337491215 1.738671751795292 1.9038230265891076 1.3073565506360192 1.52011309005972 1.0595285935220957 1.313074063627376 
1.6433456467386744 1.8124228410872978 1.1763182267800463 1.4028600111539826 0.8911129146494018 1.1740416802204903 1.7429067202523927 1.9031593406073366 1.311816866601795 1.5182737341273318 1.06358880564857 1.3097758540074527 
1.6415511902800288 1.8052048050982414 1.1754365479726159 1.3948925250175297 0.8912818669252616 1.1655288260484078 1.7454864347767873 1.9002097179074156 1.3166942173450067 1.5158356573289136 1.0707081535085925 1.3078570365409898 
1.6426747678073854 1.7997068952446251 1.1755064945762945 1.3864992011505266 0.8902070797241775 1.1545705525393621 1.7491306681500522 1.8973725544191493 1.3201868126379115 1.511111424171973 1.0740327491576074 1.3015801405457323 
1.6382031203660024 1.7887346390722427 1.1712283444217473 1.3739133816281532 0.8855329954196551 1.140188945489697 1.7484596205527045 1.8902309885681452 1.321051632565248 1.5036753510459986 1.0759043949642118 1.293612156924674 
1.6352112005985815 1.778800999865655 1.1664936473736385 1.3604869554402403 0.8785360938305578 1.123406869626074 1.748642017417703 1.8836045847360465 1.3208106086334461 1.4949106964760985 1.075015768572096 1.282917078083636 
1.6267651532135878 1.7627156595690718 1.1599380564969957 1.3439709549279804 0.8727374210551692 1.1056546652956463 1.7429623533592535 1.8704864067957372 1.3179564470905811 1.4825015444199805 1.0738824459071987 1.270442891438898 
1.6227682945412027 1.7493412628895952 1.1550118220036383 1.3269778540910786 0.8654358440509407 1.084341789496358 1.7369541108466753 1.8557552369499497 1.3106048048085144 1.4644121245971586 1.0642423810331763 1.248771300866241 
1.6231242615495047 1.748333626866058 1.1574965213038981 1.3273794857653276 0.8689184686900294 1.08496885099556 1.7400207669025751 1.8573665151639365 1.3164110671261564 1.4680177792016778 1.0715219111395835 1.2531150419862598 
1.6262917795185743 1.7493072690438611 1.1626818987709802 1.3293156762521428 0.8751752757760537 1.086822309639295 1.7469531626571135 1.862014049871185 1.3262162712460182 1.4744831526734008 1.0830291610652465 1.2602393158117595 
1.6297173097468116 1.7513695449014708 1.1681980584166303 1.3326678043715114 0.8818401315932413 1.0903938695757533 1.7531373440567586 1.8667638630117054 1.3349901651796483 1.4810521645932613 1.093231016357652 1.2674663026078385 
1.6379696843011156 1.7589890043856147 1.1779330953366989 1.341127886500574 0.8923873528291939 1.0988415801877434 1.762999100154477 1.875970004559107 1.3463831243540956 1.4912562316401217 1.105249441504268 1.2777613074457594 
1.6420729772324723 1.7665108483327 1.1815153281092527 1.3491239325121749 0.8951118804692042 1.1069698249171542 1.7680295436301723 1.8841670260009102 1.351111866260198 1.4998867256793478 1.1093917627011276 1.2864318862143906 
1.6421407939976778 1.770499821121517 1.1819238153583853 1.3546169696970884 0.8952700951731397 1.1133515943273817 1.7674958187111287 1.887348589540714 1.3506883382784212 1.5041283909431808 1.1085682771761614 1.2911107057264 
1.6428419318615701 1.7755636276074864 1.1841086181101192 1.3622811024464283 0.8989552301881646 1.1233063199691598 1.768040121001403 1.8919995909277192 1.35246052654806 1.510909017270946 1.1113760669866235 1.2995589039634394 
1.6362655649767555 1.775116939710931 1.180789293789836 1.3667254687202912 0.8982704456502507 1.1316204947104396 1.760989747746619 1.8907035839043358 1.3483260914440172 1.5138224464542398 1.1093284842952065 1.3054826067737173 
1.6378810342932428 1.7801587114910575 1.1828375243022613 1.3731042802706217 0.9014983390431192 1.1397412034745003 1.7606208586182042 1.8936991744734704 1.3476780528752044 1.517414541185599 1.1089773580202178 1.310015853416096 
1.6405342331091546 1.78841609850813 1.1852461062593889 1.38271034703695 0.9045690768554066 1.151227512789302 1.7614878150878712 1.8999786562230225 1.3476999239827248 1.5242620038900931 1.1089328056753673 1.3178814585929353 
1.6443503631733916 1.7966249484042198 1.190367482615543 1.3931790380379923 0.9118459576422242 1.1642319952777733 1.7633680448705156 1.9061584273166974 1.3500198103992642 1.5318376470208797 1.1122238062865157 1.3270323596772104 
1.6576430657171461 1.8155418590658103 1.2017387858100188 1.411590527745259 0.9237909316074381 1.1839769398177222 1.7862815380247703 1.9337045901037053 1.3737530014846695 1.5606437831190494 1.1386004062392294 1.3582424650216685 
1.6595708195753114 1.8157287871226448 1.2039981981655417 1.4114911917493043 0.9285315811462045 1.185270694983163 1.7871719766384742 1.9330492485402102 1.3745617592825252 1.5595242073407745 1.1410430605730313 1.3581881273527134 
1.6527107179335712 1.7988622710681603 1.1964715393073502 1.391401055581208 0.9212808755056734 1.1632760655461367 1.7603214017026834 1.8982055184812048 1.341202022251868 1.5176546437159213 1.1027407545259673 1.3116744736376094 
1.649631657560711 1.7863427766603193 1.1920073258275303 1.374997227243204 0.9191326367975952 1.1465342184716947 1.7496453766767994 1.8790941578927063 1.3269724199569861 1.4935165594751534 1.088475604929435 1.2862795390685882 
1.647656942291025 1.7761489255914917 1.188797362833469 1.3613121524028977 0.9167174375344945 1.1315045146528626 1.7431459693209315 1.8650709039497158 1.3179619269007015 1.475450862333209 1.0789603010119555 1.2665255376658655 
1.6428293604444497 1.7625006804135763 1.185019061424043 1.346027680569133 0.9163881952198641 1.1168203370544074 1.7335441924849564 1.8473483180543726 1.3078827683314433 1.4553616995847871 1.0705393426204943 1.2464248172346057 
1.6412420086678048 1.748852630811393 1.1822240932310295 1.3275782462423562 0.9151827152082418 1.096526149025152 1.7266667778746223 1.829258963377228 1.298212862906515 1.4318403649485267 1.060783782406165 1.2206852281796197 
1.6410942205042223 1.742869925224588 1.1829670259869294 1.3205363759671147 0.9181587055473364 1.0896883702473659 1.7217114407973133 1.8189820287876295 1.29248250640864 1.4194774971983037 1.0555166760276031 1.2076923403964936 
1.6471531847653909 1.7521896786828672 1.1898590538726719 1.3314727275024336 0.9274575581032103 1.103282637442813 1.722543063090955 1.8232415254712606 1.292209564351994 1.423678550166002 1.0555654940375654 1.212960662265174 
1.648673949943351 1.7564864584567144 1.1920548515994598 1.337203669880475 0.9303901037854014 1.1102903362372432 1.7192506168740525 1.822893735010851 1.2879020380532868 1.4233097151153753 1.0503916582026964 1.2126176318781656 
1.6502662211942352 1.7585928364049195 1.1942933018378274 1.340002482928558 0.9333040130711429 1.1136994856130176 1.7162591795689544 1.8206635424741993 1.2839405988809218 1.4204835883932978 1.0455732166877172 1.2093359809807611 
1.6490643581728308 1.7587161638183604 1.1939738667977495 1.3413585956320442 0.9330464145989577 1.1154572601744854 1.7110221672310297 1.816938673768592 1.2781851172486598 1.4168367871550942 1.038633338168947 1.2051674151900928 
1.6517019665778085 1.7637798563304323 1.196238883834245 1.3467692684335355 0.9349634581078557 1.1211407865192489 1.7098045604796475 1.8183046032601358 1.27526456699659 1.4174271448780005 1.0341513025843947 1.2051012039812257 
1.6521518602601881 1.7676269928922221 1.196783991270438 1.3517364160224434 0.9347832658756787 1.126374347542237 1.707348159386714 1.819323268141536 1.271897751299687 1.4186695550413422 1.0291995541007584 1.2058818925588028 
1.6563536991464716 1.7767880998352619 1.2014505082924556 1.3627001500389586 0.940085204157687 1.1389594225064386 1.7078374706617139 1.8248773112831997 1.2714891165071764 1.4248343582452663 1.0280863001694944 1.2126128053241894 
1.659167039431172 1.7857187394253329 1.203927317546537 1.3730976431174877 0.9406850626723059 1.1492800088467563 1.707814563813882 1.831007027833263 1.2701323968684524 1.4315000723628344 1.0240525898481971 1.2184579838364555 
1.6576099624421212 1.789734853599094 1.2025289278796456 1.3789691370684733 0.9383005793387159 1.1558062276122973 1.7035963146377637 1.8324083774768576 1.2651661701323547 1.4339196269831058 1.017338484894467 1.2208430085180362 
1.6592297053959706 1.7985921771175364 1.2033197821312505 1.3891972870648719 0.9374651464819372 1.1665039670692938 1.7030569332199084 1.8391012810904135 1.263066981829705 1.441259450934633 1.0130155987882912 1.2280436505712653 
1.6618125397850805 1.8071282419482408 1.2047255721478398 1.3983759400271945 0.9365007266344966 1.1752128217675895 1.7035835343143404 1.8456132920649817 1.26172090621775 1.4477676645950275 1.0087663515338623 1.2335725019012624 
1.6628727423795153 1.8165219767205598 1.2073454639616492 1.4114848224153067 0.9390348563012824 1.190123017132586 1.7027167946457715 1.853065249074832 1.261658351047846 1.4582140204129055 1.0079112990579924 1.2451873438678895 
1.6636255231496933 1.8250894523598262 1.2100317191194163 1.4238954979615217 0.9415280990363962 1.2040667710368431 1.7016650440010486 1.8598294410550367 1.2618204317473585 1.4681595382706505 1.0072185472751631 1.2561014408936444 
1.6652284001958408 1.8344621589607129 1.212581858357942 1.4361826315127197 0.9437196520253247 1.2177325525166847 1.7016680206487984 1.8676026987394294 1.2621581481331094 1.4782790598323445 1.006625654997328 1.2671073344980686 
1.6688823891553293 1.8436564299111697 1.2165551838008828 1.4470339035256914 0.947484818681967 1.2294828524029118 1.7034909930941224 1.8750419105376817 1.2636137265607714 1.4868154736458725 1.0071944282772816 1.276064739373673 
1.6698086301087798 1.852074841140541 1.2189369389700848 1.4586732386609964 0.9504491891657123 1.2430905104560006 1.703039484094764 1.8820902848656758 1.264076692446214 1.4965995591292147 1.0076885850230517 1.28738364149377 
1.6729818473580311 1.8597048711313013 1.223375788868445 1.4684285024847108 0.95475193636331 1.2534692681152937 1.7055155371293134 1.8890254613184783 1.2675027836614365 1.5053894023505978 1.0106761329869673 1.2965724784636954 
1.6760116369686966 1.868945876817863 1.2271959033725992 1.4798491370658329 0.9584837209126142 1.26595210275685 1.7083582739737264 1.8980072906800147 1.2710164319372468 1.5163859843306684 1.0139842347169359 1.3084753385045094 
1.6794784369900377 1.876809108277797 1.232073558645952 1.4898892114900693 0.9626778316313823 1.2761321311347427 1.7109192583563082 1.9049958837788863 1.2745988161827626 1.525243177599723 1.016536027799556 1.3172357816330758 
1.6808375939924385 1.8840483779824468 1.2345979488798327 1.4995517225418702 0.9660250790628004 1.2874889228953739 1.7119700570857803 1.9118746688939339 1.2766591378900987 1.5343669142543088 1.019230549168484 1.327875817069612 
1.6851479979843789 1.8888699221044207 1.239030970682638 1.5044279822679318 0.9691221788354449 1.2912411103394905 1.7160661547594138 1.9165043321189652 1.280764232288972 1.5389811000238958 1.0219378992437653 1.331338753822918 
1.6851415382113157 1.8870321834471186 1.2397865525182952 1.5027505293178904 0.969593413656054 1.2889142117942527 1.7162753766121566 1.914886321932767 1.281783858677117 1.5375819711238812 1.0227465728934024 1.3293603762431014 
1.6850783124869924 1.8841568453698354 1.239376365602479 1.4988701993014637 0.9679182568864015 1.283520101421871 1.7164357523700122 1.9122525436651954 1.2816850425958828 1.5340386719877728 1.0215324394330363 1.3244193533598072 
1.6861877674077257 1.8823051224058893 1.241756830202858 1.4972653112376075 0.969882458731701 1.2808260501080737 1.7178073769300939 1.9106819649317492 1.2843648323725816 1.53278713770551 1.023867657969256 1.3221756191654153 
1.6882694020851443 1.8826114809957286 1.2442593323005178 1.4973822826442587 0.9719418696696475 1.2800950794284502 1.720232228292718 1.9113271131904477 1.2872943063872109 1.5333293989280092 1.0264581546546014 1.321963977427876 
1.6923211325646619 1.8849210167444523 1.2483787669313107 1.499141744254005 0.9754538819057207 1.2808148575672207 1.7250274912664263 1.9143396431315265 1.292369365013323 1.5359671218046758 1.031154355867704 1.3237279664889383 
1.6954891650578514 1.8881074192716287 1.2519149817893265 1.5025169681266732 0.9782857733957752 1.28347542723208 1.7288307065726736 1.9181036806879264 1.2967124680470108 1.5400419938003542 1.0349952452009479 1.3272080754232058 
1.7082311885280195 1.8971095941773766 1.2616322544465364 1.5075433540432095 0.985418742190268 1.2853097355578733 1.783209173176229 1.964893374755956 1.3614320061243785 1.592001295903948 1.110329347220837 1.3834024281313988 
1.7111660759909453 1.8965915875913426 1.2647590551651529 1.5061825181969979 0.9883388060894148 1.2828810958628434 1.7862936161847105 1.9646412379165439 1.364687147745684 1.591018957059359 1.1133593935572872 1.381498986507862 
1.7153230481156139 1.8975149500429873 1.269861211076486 1.5069098584973952 0.9934832416284836 1.2826686156746177 1.790064840779976 1.9653401640521777 1.369140778078222 1.5914698540772425 1.1175902317918853 1.3810277884375244 
1.7121069802864568 1.8950670104736693 1.2701690777001344 1.5077460489703198 0.9969506807990103 1.2860323954650639 1.747998957192369 1.9275551915796367 1.3181500401493034 1.5483824432567073 1.0574028098816506 1.3334426739030105 
1.7173043505119001 1.8980778484843819 1.2765736332413808 1.5110279705244043 1.00505092900166 1.2898421052621518 1.753329837710834 1.9307332302591933 1.3246401506096288 1.551849482142872 1.065438246641775 1.3374318464980188 
1.7218861290658014 1.8967705732927242 1.2822208918393156 1.5089523457383307 1.0122700575781198 1.287453857701009 1.7581248801121068 1.9297279239077227 1.330489258907869 1.5501769041981017 1.0727543624097782 1.335533110150853 
1.722536072937821 1.88952691092031 1.2836018077940097 1.5002716505660065 1.0153621813776845 1.2783355521505493 1.7586192792563289 1.922478398810257 1.3316323996403998 1.5415661751258196 1.075440191815449 1.3265568328164645 
1.7267320091670189 1.8854333620793842 1.2889562825332632 1.494879202357826 1.0224775230204182 1.2722876311754232 1.7621889946149278 1.9179587023974134 1.3360819284542282 1.535698684932031 1.0812802163833248 1.320008499102172 
1.7348510611653785 1.8895579789640324 1.2992401396303304 1.4995819723731811 1.0367582921909233 1.2789014457207561 1.7696540649592052 1.9215609959266553 1.3453595228141213 1.5397121149963846 1.093999571127265 1.3257285593463846 
1.7418466566573332 1.8934588130794738 1.3082370381961863 1.5042076484409759 1.048963507901171 1.2850995846347202 1.7755236403011732 1.9244845280719536 1.35275222050024 1.5430797359787765 1.1039831805187659 1.330389177792848 
1.7443875331015783 1.8947225411759396 1.311036852586612 1.505291756185561 1.0537712617262864 1.2874468977166438 1.777316019384344 1.925081264560073 1.3545412492649347 1.5433300484213381 1.1074286609801147 1.3317221487833752 
1.7461965533361874 1.894543689251631 1.3128538391165943 1.5045526213739353 1.0573400601902776 1.2876573264976905 1.7786085048495581 1.9244587813520924 1.3556662618517805 1.5420520098632147 1.1100512661689008 1.3312802864623137 
1.7344908283810727 1.8874739650490706 1.2969503352627114 1.495386139810738 1.0385493683682347 1.2777653640391335 1.7670562486061556 1.917442911989314 1.3401901074616465 1.5330391577314846 1.092068744419535 1.3216329587060318 
1.7229538710227417 1.8810747610534384 1.2811467756944361 1.4870135425988056 1.0197429088119465 1.268758375370287 1.7545691092608038 1.9100745991118382 1.3233592778880003 1.5235327345916299 1.0722958162616554 1.3113697162022042 
1.7139145436085341 1.8777312979957623 1.2675211917726859 1.4815470752807183 1.0029118407880375 1.262617885614191 1.7449870074280927 1.906135205270825 1.3092312877764762 1.51738535961464 1.0551344718531614 1.3044847712307148 
1.7031677031016412 1.8707602539952894 1.252565690288745 1.4723737676040414 0.984926247029959 1.2526146315321884 1.732987710772503 1.8979489215277952 1.2928213292209099 1.506768294174164 1.035637915918744 1.2928687465974726 
1.6949936586058074 1.8666036561021464 1.2413056685256456 1.4669851631744268 0.9711580832768164 1.2467372333310256 1.7232079662576714 1.8922609231376895 1.27956318912897 1.49949580233954 1.0196029692845643 1.284833032434137 
1.695552184701801 1.884552937353326 1.2395259222166553 1.4876380858552425 0.9686345712636164 1.2707853852193334 1.7240125158846875 1.910199392096817 1.2781809166651839 1.5199963876164475 1.017631994645928 1.3085172674317485 
1.6929104740107495 1.8966638365127597 1.236948107971915 1.503804660697426 0.9666625526083547 1.2906681704974754 1.7251945618669509 1.9255347600122155 1.2807775080377155 1.540058070598411 1.022148176095472 1.3327320546964045 
1.6927977043306268 1.9076284532861842 1.23713172289253 1.5178857492535596 0.9665750937133855 1.3068089607081212 1.7284755410554817 1.9393581268107858 1.2855187777807993 1.55757528743462 1.0277796651165267 1.3527059133555377 
1.69404242544967 1.9187187163582369 1.237876273956085 1.5310256179775048 0.9670556964432815 1.3217028763316663 1.7315061757046668 1.9518748448052197 1.2886704648215541 1.5723782433573037 1.0312762080565032 1.3693912481768677 
1.6938819014943811 1.9254455770419012 1.2380116137622539 1.5397329410486158 0.9669287954188871 1.3315615154209812 1.7322450133598943 1.959279857562523 1.2900037387194738 1.5818389361278915 1.0326607310778404 1.3800336805492177 
1.6946040596305378 1.9297997427858415 1.2380099933830502 1.5443810643932085 0.9664138288105669 1.3365626872153435 1.7338123543787256 1.964319069941617 1.291158822529707 1.58730439214925 1.0336237467261962 1.3859372922814006 
1.6910024057466182 1.9268819120072849 1.2363303798907677 1.5433397470488635 0.9669126952527047 1.3372751873944457 1.7311954536218175 1.9622493381884094 1.2907599973042432 1.5872763266743601 1.035600657899004 1.387751234631355 
1.695212632796706 1.9286638022977307 1.2401910194778627 1.5440440267989575 0.9701769628235563 1.33687753032712 1.7357338276629686 1.964375247348006 1.2950288857371253 1.5884262673456202 1.039360086444318 1.3879004219300244 
1.6958596164109456 1.926886355282397 1.2420063623723834 1.542572848125326 0.9736844713630182 1.3360436509985294 1.736803537678767 1.9630175027476144 1.2973536503565557 1.5874752538838142 1.0433638577665416 1.3876452454764798 
1.698253579031029 1.9242685744697123 1.2463979535813192 1.540211734370213 0.9799664171244339 1.3338210174876162 1.73957469979639 1.9608325946321117 1.3021377715786069 1.585656679162201 1.0499471873250101 1.3860495749329098 
1.7024668420393685 1.920319360612578 1.2524148494183147 1.5355051460491755 0.9872282825382892 1.328101193563013 1.7440133694279696 1.9572469775793497 1.308331853752518 1.5814440673142696 1.0572648515596743 1.380956938084421 
1.705655580077121 1.9136359896773 1.257891827562378 1.5280816709156024 0.9948842856574929 1.3200516978468002 1.7472233968008268 1.9507771121961166 1.3137048718522055 1.5743450172907525 1.064576621163653 1.37334086281164 
1.7125751146260009 1.9070707903841062 1.2662846564798373 1.5190399295397932 1.0049712728412987 1.3091878152260126 1.7538888588665644 1.944256054524779 1.3216237880941233 1.56546955050434 1.0738621258133 1.3627858751675774 
1.7182734933253467 1.9011343813272354 1.2740917476636013 1.5116738799967704 1.0149299902281388 1.3007424891439852 1.7589622975221755 1.9379877456022498 1.328455625041533 1.5577684313480262 1.082389694751613 1.3540367754623543 
1.719247840214159 1.8919997139748859 1.275774001961574 1.5004829508131874 1.0167878205806018 1.287519807102419 1.7592321481206084 1.9284054378115225 1.3291666257399972 1.5461350848425404 1.0830245089475354 1.340444653307644 
1.718516853534841 1.8832660074995484 1.275391783525082 1.4899714361702674 1.0156349280540178 1.2747176103762314 1.7588021224354062 1.920097806103452 1.3291760347987356 1.5362615697215398 1.0824042854143223 1.3285291551950562 
1.7187832111997865 1.8763843885255094 1.2761532399763948 1.4816105217979014 1.0163826723740668 1.2647673237011816 1.7586132116193853 1.9129357214716467 1.3293125264144057 1.5276368807024299 1.0823762920917335 1.3183857872725455 
1.7237878412752683 1.8791850883370826 1.2831235827185354 1.4853613038680016 1.025418458644299 1.2693994996959979 1.768765178119597 1.9205265761838468 1.3429414961674428 1.5373301326092745 1.0993492388356167 1.3298348857765951 
1.7306272677349908 1.8827810622342365 1.292744686250104 1.4902961491958169 1.0372911008139805 1.275055534597564 1.777112478462711 1.9255966736541377 1.3543436953402486 1.5440338835621064 1.1131176259083673 1.3374694903390805 
1.7344748988548322 1.883796384771316 1.2977377079970667 1.4914452062605184 1.04192833859027 1.2751079590675765 1.7809669148295486 1.9266885571460377 1.3592509465575076 1.5452665725490473 1.1176111308131644 1.3376622459490586 
1.7390163689601832 1.8843334077629308 1.3054541289189212 1.493567856781693 1.05151498035523 1.277582957780613 1.7839138136444428 1.9258460360608944 1.3646908242204385 1.5456116930883577 1.1242127542914018 1.3380541009284566 
1.7503357378968099 1.8837851963052397 1.3208931809040314 1.4932281358917565 1.0704402810800657 1.2770332281576584 1.7930906943037683 1.9235762809045993 1.3770467813399696 1.5431232317798764 1.1390089718693044 1.335032924110402 
1.7500508671531723 1.8780561347583757 1.3208901862091225 1.4863269127966332 1.0702263547603237 1.2687794363495848 1.7926644949693096 1.9178276249975048 1.376851058729146 1.5362732978228744 1.1385747249625606 1.3269397921547044 
1.7489707768183118 1.8743160260117422 1.31894404133172 1.481139821679388 1.0671872891692675 1.2621610425632894 1.7899994846548 1.9126578215311931 1.3728848316827051 1.5293706379633583 1.1331761059360765 1.318427045484296 
1.744126844571065 1.8679990463577385 1.3144089142855886 1.4748263562851798 1.0618920180288671 1.2550126075834538 1.7841965661365398 1.9054656580094589 1.3671319360666765 1.5220025354293665 1.1264961582772575 1.3101280784157785 
1.7374648172980685 1.857159350553584 1.3059161373337147 1.4613944778014627 1.0518086537714975 1.2395798909907378 1.776718040564853 1.893933435384837 1.3577039301956115 1.5078517248286085 1.1154570581015704 1.2940252356382427 
1.7355711044181998 1.8608294731896873 1.3028828770428331 1.4655998980251772 1.0474025224771086 1.243998116514414 1.7724376673867575 1.895261078208332 1.3516034986531404 1.5090763027002343 1.1074205481078137 1.2949361143204747 
1.7339603311099392 1.863018205295614 1.2998520407580587 1.4675945391227407 1.043215560592771 1.246000445129491 1.7687200417541749 1.8954126172163384 1.3458705302156257 1.508504520212946 1.10002311889473 1.2939355723925707 
1.729199968304389 1.8577921819202223 1.2945675294799803 1.4619043570644081 1.036578818220737 1.2392557876418815 1.7614746151573972 1.8878697202571741 1.3373725650856982 1.4999415450823077 1.089566856986711 1.2839062258061917 
1.728018892125685 1.857092180044728 1.2894968365774613 1.4579246088818447 1.0293468276257909 1.2338139913225494 1.7572187354860747 1.884292906631896 1.3283713653731322 1.4924183589005062 1.0776471056627395 1.2743882289095736 
1.72268192486731 1.8512868810545113 1.2855965228113135 1.4534058349836567 1.023640124587025 1.227790375579048 1.7481935085981015 1.8750495047343523 1.3195855215576366 1.483555206389213 1.0660143685263066 1.2633355593841804 
1.7201952778733467 1.847732374024377 1.2807625286592983 1.4475481984437546 1.0177843757976244 1.22103569465342 1.7413597576887323 1.8674519907343696 1.3090510557261545 1.4726363429230447 1.0531605040532805 1.250675888988734 
1.7206882019013816 1.8475897492578297 1.278064586850997 1.4443922879753306 1.0129808922988677 1.2161209979120542 1.7373883861021433 1.8631528111141635 1.3004613043695725 1.4642471094602203 1.0410959629940988 1.2396373653462573 
1.7150760063543102 1.84490090706039 1.2742129908191366 1.4442272657972668 1.009952129742915 1.217446899734132 1.7311102026769554 1.8598161691716333 1.295714309642465 1.4632324564170416 1.0369475061989637 1.2399329739595804 
1.7151814435760842 1.8436688197200006 1.2765361221633094 1.4445801478657179 1.0106872305455035 1.2160411220052305 1.7307670356196816 1.8581770270907292 1.2974018723540288 1.4630512468152779 1.036916498657312 1.237926959722479 
1.7200866391034637 1.8481870904868505 1.2833075090648576 1.4505087515221167 1.0138827346504375 1.218628604227822 1.735352197826784 1.8624029440274867 1.3036975750925708 1.4685791918457274 1.0395707787843258 1.2400826099588083 
1.7196603336478224 1.8486196131929737 1.2855468921520286 1.4535451912760537 1.0168012001968427 1.2223123544666232 1.734769480571335 1.8626830009107131 1.3056892047963555 1.471389516981054 1.0421507416500455 1.243479384421688 
1.7211784074135401 1.8499087393724616 1.2874648357709075 1.455085199294739 1.0197731005211943 1.224599693943539 1.7368347872341254 1.864484462795711 1.3083217002505958 1.4735714795036614 1.0459814264826168 1.2465088761844458 
1.7272498402603977 1.8574676890539898 1.2926129155627255 1.46206783518398 1.0252825016938356 1.2320707826580297 1.7430244831497834 1.8721454414813956 1.3136173292323643 1.480670352529411 1.051639931944185 1.254089610697565 
1.7264223522832787 1.8619856146821676 1.294286005820711 1.4702491474860067 1.0295124628984973 1.2435241059518427 1.7418110300785588 1.8762627628675386 1.314742480831638 1.488288977894861 1.0551148929397831 1.2648018533048289 
1.719496343668811 1.8667873716335266 1.2825022820605076 1.4741233050496183 1.0142409038736357 1.247762808425708 1.7346269117797088 1.8807333511347135 1.3027182929054193 1.4917447387775193 1.0396862306823198 1.2685325668938934 
1.7066401878261188 1.8698181155671723 1.2649954489653985 1.4777728311561187 0.9924467547950218 1.2524175085422475 1.7216643325988867 1.8835411141632057 1.2851929152244694 1.4950986201395446 1.0180657663153054 1.2728145816037661 
1.696625047102034 1.8750758480536138 1.247796291889818 1.4813400931433605 0.9693821442826249 1.2558163190347462 1.7129771356308232 1.8898845342226545 1.2699408264931007 1.5000408622080865 0.9977253421628519 1.2778218748690993 
1.6785536155463519 1.8710181640549965 1.2272954171933217 1.479669142417902 0.9482684018060128 1.257926743424962 1.6965262966614252 1.8871587652404156 1.2517640656544387 1.500026668437508 0.9797306756776221 1.2818107999325523 
1.6662506241937436 1.8704223052097193 1.2104348178345004 1.4789323532285172 0.9286763881062337 1.2587804776949951 1.6854971064662319 1.8875881312156104 1.2367949714912494 1.5005833061533238 0.9627820039375683 1.2841486067842927 
1.654626249758428 1.8682932406851018 1.1942029003438401 1.476093551909783 0.9103321525628104 1.2575516827509077 1.6743262574509308 1.8857624514210798 1.2213521020531466 1.4981430385612848 0.9456664411882447 1.2833614552376271 
1.6420768116807143 1.8639869153133828 1.1778804395436322 1.471541129176993 0.8919143928985 1.2544091235555885 1.6619166887842185 1.8814882528093286 1.2053850649728077 1.4936479236618982 0.9279343237856329 1.2802707035074652 
1.6346881241298539 1.8612442107126028 1.1663175661762024 1.4670792118734353 0.8773988757521747 1.2497413876123251 1.6538544172965104 1.8780998861485456 1.1930322022523867 1.4884053830698074 0.9126105180257239 1.2747088712138077 
1.6270494964115783 1.8566030730377376 1.156511196907825 1.4619175953565817 0.8663885464231219 1.245116067044824 1.6447943969363377 1.8721734735951074 1.1813452894870196 1.4816415221075476 0.8992706254477403 1.2682162926067346 
1.6215283224398456 1.8527307685291405 1.148245026670954 1.4566138271534361 0.8563589796776699 1.2395998960368544 1.6395241786367714 1.8685011994950873 1.1735212282419862 1.4766208969517463 0.8899641194647007 1.2630492207806392 
1.618784020420578 1.848634440480056 1.1444263160068497 1.4514472717012528 0.8513125165114218 1.2335803948381354 1.6373758210224707 1.8649362372555824 1.1705765533569388 1.4721538836103412 0.8861551079066293 1.2578785573452669 
1.6165757900557216 1.844406353717716 1.1414229404538354 1.4461548470458758 0.8482884963232025 1.2280516624451434 1.6351290637727287 1.8606892722414135 1.167551326149853 1.4668652330170895 0.8831325739628677 1.2523740079681789 
1.6168259139920105 1.840884893793227 1.142227031791885 1.442017249618083 0.8499747926592293 1.2235964629713916 1.6352702478355376 1.8571052580551541 1.1681889142840296 1.4626675956949686 0.8845563268984626 1.2478666000402847 
1.619818478823553 1.8381422897148767 1.1459418091413935 1.4381021531303853 0.8551136038786016 1.2190875474871568 1.6377896179113633 1.853998383342944 1.171206881015583 1.4583143457561714 0.8886856608150319 1.2428665964769712 
1.6200359696644022 1.8347235030724602 1.1486477450491426 1.4356480877730726 0.860254765407597 1.2172641665334933 1.6372583002710597 1.849948251040142 1.172812790263851 1.4550545112560147 0.8922647926520916 1.240092839236837 
1.6248439754980724 1.8351349520981777 1.1526623742936957 1.4339570763493517 0.864441110494162 1.2144384633287848 1.641508399312163 1.8499059902363635 1.1760367466250279 1.4528127123316277 0.8953716065480186 1.2366457299939948 
1.6230067619686892 1.830563231739371 1.1503562476885543 1.4283312965121535 0.8634271039271874 1.2092630647613816 1.6375224457197801 1.8434452951568945 1.1707469015274352 1.444804174771131 0.8904129236686145 1.2286765117947398 
1.6179482350404604 1.824284850315471 1.147932923680883 1.424081711521688 0.8631115242368973 1.2063250917934767 1.6317096300416138 1.8365007597576812 1.167248826416433 1.4396973802124318 0.8886401570773966 1.2247203977196346 
1.6070097800060585 1.8169219941965369 1.1338191048995074 1.415722735070367 0.8452115783844423 1.1971247688503985 1.6191314598867876 1.8276519866635224 1.1509352779349151 1.429467423187783 0.8680373630179291 1.2133482449631352 
1.6008126219060652 1.8123865937193893 1.125318044311816 1.4101364527923423 0.833310765113334 1.1901894579829593 1.610836751590232 1.8212465936587967 1.1395326632763847 1.4215058231726558 0.852408834464877 1.2036382079818546 
1.5963629455094008 1.8065095579252965 1.1216568468990193 1.4047121453434686 0.8302374543439063 1.185072301454831 1.6039644720677106 1.8132303098987315 1.1324493172126733 1.4133448217386477 0.8447612706886188 1.1952923213739182 
1.5935300954100928 1.8029279760427757 1.1189900146907925 1.4011958374180606 0.8267405040142282 1.1809788240259433 1.5983355050544612 1.8071766677714993 1.1258227545744934 1.4066584505620758 0.8359653597594221 1.187454927371014 
1.6008943570139942 1.8057249222180132 1.124863027358998 1.4011054859357486 0.8310558334547986 1.1783181025169944 1.6027405710280282 1.8073619146201043 1.1274889915290747 1.403214587445288 0.8346067301545381 1.1808251972325328 
1.594574240969482 1.79689840907142 1.124214563134369 1.3964366317607828 0.8353847963444152 1.1764542662268689 1.5929719270481197 1.795476661759601 1.1219407000209058 1.3946066889712672 0.832322238296803 1.174281563733077 
1.592673612109669 1.7940187241248238 1.1200148818254425 1.3915197746746037 0.8285583602320721 1.1697875465700855 1.587268169185806 1.7892216712052367 1.1123148572730923 1.3853296681694434 0.8181197727169659 1.162417270308068 
1.5908497464086042 1.791240216958161 1.1197644572178205 1.3898241035643035 0.8287926421296946 1.1681762892852774 1.5815809495464719 1.7830134321334543 1.106556742317501 1.3792049967892084 0.8108591912091272 1.15552205827856 
1.591431315279365 1.7905195753333194 1.1213473035825299 1.389505845130495 0.8310908489760973 1.1679121189763426 1.5788724910998386 1.7793664775845952 1.1034511711679 1.3751040708076645 0.8067816998121674 1.1507403832106573 
1.5943354054732397 1.7922103869873984 1.1224810667202898 1.3892719068726322 0.8320298222693222 1.1672130530565188 1.5786593665086588 1.7782795285178088 1.1001017023282527 1.3712536021996515 0.801581958046412 1.145707781917152 
1.5922038285009272 1.78832901084029 1.1238106635430232 1.3877888985768008 0.8362498810122546 1.1671852822123017 1.5736756635638138 1.771852904056375 1.0974026016430842 1.3664918915284534 0.8004098488230952 1.1417808658464241 
1.5924247515057595 1.7885098644369226 1.124778418182079 1.3885522806103412 0.8384285722756472 1.1687229854795276 1.5714758547009813 1.7698834164679262 1.0949183817564576 1.364476899287115 0.7979237078243634 1.1400145567001239 
1.592581957653775 1.7889909357412435 1.1260369382237558 1.3900109577137623 0.8415029177871757 1.171451423220071 1.5696948413065293 1.768647271545214 1.0934275418263115 1.363728369413913 0.7973404314496602 1.1401416753826388 
1.5931549524453825 1.7896020620521338 1.1274962889966644 1.3913233699256438 0.8451676407087826 1.1742406818456128 1.5687877710197926 1.767944543389653 1.0927946969587883 1.3633536179954375 0.7982861071703865 1.1409616763508097 
1.5946415355027004 1.7913687108215355 1.1303655951728229 1.3942189964673448 0.8508566569936501 1.179015386714868 1.5687340227872952 1.7683457426675389 1.093513230944377 1.3645114208427902 0.8012501845556168 1.1437316510486233 
1.5968501276202378 1.7937822571986741 1.1331323102271726 1.3970373254286266 0.8557446201296096 1.1832258072915627 1.5698962016709161 1.769830087940865 1.094820801054113 1.3661467866158343 0.8043274263760809 1.1465893183615352 
1.5968439897135631 1.7943356708164528 1.135075438323079 1.3993305623634216 0.8608909883860616 1.1877975694386353 1.5689594149385542 1.7695658839965045 1.0954995065833348 1.3674241993632883 0.8079951807556341 1.1500373838290345 
1.5987913594461818 1.7970884018488822 1.1371675597904516 1.4023348287979478 0.8652901403805374 1.1925267041285783 1.5701857605773177 1.7716873978610814 1.0965854142381113 1.3696322439763784 0.8112191681165886 1.1538931717190155 
1.5994887260969393 1.7984495522841917 1.139339184313087 1.4050446199716258 0.8688764290226832 1.1962453160247735 1.5703180757449142 1.7725561955016291 1.098011134283806 1.3717452599558018 0.8139293108195638 1.1569518270918673 
1.6008435466172202 1.8003745055254476 1.1411041599897882 1.407397244329404 0.8718360322595069 1.199477538991873 1.571281829445628 1.7741406051793076 1.099247574819249 1.3736788307846928 0.8162870781446929 1.1597296639070678 
1.599511377892502 1.799994207059448 1.14175080503916 1.4089490403302636 0.8743223853977263 1.202489971287732 1.5698740551673471 1.7737099668569183 1.0998467174509228 1.3752110017475756 0.8188452446510086 1.162776862569758 
1.5997108010066352 1.8004002340749932 1.142875796251408 1.4101529851960353 0.8768933826054853 1.2047026024946117 1.5699042974198427 1.7739689566216457 1.100767887366492 1.3762471790551616 0.8212593138937847 1.1648318405062983 
1.600166913593532 1.801445047044025 1.1448858623284026 1.4125982245208473 0.8788509794950735 1.207082909463741 1.5701436327926976 1.7748298886821376 1.102533679303925 1.3784957816980978 0.8229191457242018 1.166990157010525 
1.6003632806769532 1.8024230072042189 1.1451488183372065 1.413835875517063 0.8799926148207722 1.2091125129197446 1.5704160709121326 1.7758864554185607 1.1029097069928708 1.379846327871006 0.8242760507130484 1.1691865011789606 
1.6027162884133457 1.8057399167613952 1.1485812968812656 1.4181805743224132 0.8822157162199334 1.2125599844071424 1.5727614940433436 1.7792065262316936 1.1063987579283747 1.3842381866519395 0.8265493245689879 1.1726810869905977 
1.6027079825262773 1.8059777241465216 1.1480005716259247 1.4180225581116297 0.8807177911530173 1.211835999842161 1.572911465624639 1.7795879134095764 1.1060212086092427 1.3842563262464977 0.8252523426767414 1.1721450814440377 
1.6061494447336275 1.810146055139789 1.1529722879662545 1.423466823968209 0.8849978953749777 1.2166075689959108 1.5764934605694183 1.7838846188411794 1.1112878516469709 1.389918483702602 0.829961967332323 1.1771786480131807 
1.6110091354863665 1.8160139808439058 1.1574036085223383 1.4290344492070617 0.8877290754619507 1.2209091921271336 1.5816436356083916 1.790014785989359 1.1161672224449748 1.395845841223353 0.8332521028239471 1.181890608669233 
1.615828145804553 1.8208878309149577 1.1627552155007432 1.4341309518918346 0.8921448680422815 1.2250119842573703 1.5865341104099149 1.794943558860328 1.1216905000463273 1.4010429950198457 0.8379214475678373 1.1861046531795496 
1.6196040247924954 1.8256149830684592 1.167901880606436 1.440051274088548 0.8971362930592263 1.2306934620790226 1.5905508308331582 1.7998902229702927 1.1272664064293099 1.4072961381116806 0.8435569196349765 1.1922001283107004 
1.628192734361476 1.834441530877313 1.177633371227013 1.4494773220052461 0.9069786402267144 1.2396670536105652 1.5981412997502753 1.8078218285958103 1.1357219689552103 1.415637150101501 0.8518534425401473 1.1999243465933591 
1.6368467469915382 1.8437295849600017 1.1870435304304472 1.4591586111375214 0.91511715814795 1.2480027734171026 1.6065364205447632 1.81687390312503 1.14488616924862 1.4250739804854975 0.8597275211000169 1.2079747182192102 
1.6469595937187407 1.8542752822874493 1.1978006175245528 1.4698936146885597 0.9241866993969347 1.2569733388191653 1.6161100493908822 1.8269298319591258 1.1550160638459537 1.4352431943410149 0.8680189190001564 1.2162720760184376 
1.6582440826797606 1.8654634340405711 1.2098285184861697 1.4811702907304212 0.9352758793759411 1.2668549074548514 1.6263952659739391 1.837210370965296 1.1657929351228888 1.4454250425333166 0.8775699937796644 1.2248712095491674 
1.6683798041163318 1.8755633831207223 1.2202159426852488 1.4910311130567495 0.9449469417820506 1.2756063484097473 1.6355780650043121 1.846445894155377 1.1749686730816487 1.4542345808167436 0.8857477963411765 1.2323944141561378 
1.6772947683258452 1.8841844932206746 1.2291815593529094 1.4992400643303427 0.9523753838971534 1.282128049959617 1.6439702821137767 1.8545812878149208 1.1833037879062378 1.4618622777516526 0.8923785186081353 1.238213586225434 
1.6873452136467777 1.8941232990797328 1.240615231575322 1.5098660056166209 0.9627286822447382 1.2912845223716927 1.6531505191532592 1.8637263321305224 1.1936913008716659 1.4715529633270732 0.9014539836157417 1.2462698290004017 
1.6971253502256134 1.903822997386682 1.250877216827619 1.519539852250809 0.9720500238045418 1.2996879624657645 1.6623219596992667 1.8728646103491866 1.2032346632716373 1.4805678660224968 0.9099236737762186 1.253901368967436 
1.702468072631487 1.9093555285461035 1.2576750082312877 1.5261020353795383 0.9787723097480688 1.3058469398783188 1.6677022230031264 1.8784226629461138 1.2101981625376772 1.487219078908541 0.9169669572070577 1.2601862547534668 
1.7057566474514383 1.9125766244479645 1.2614171888494188 1.529547949030945 0.981951581456423 1.308652938095036 1.6709619677074552 1.881610347969199 1.2139528333196352 1.4906458618950278 0.9201831695509163 1.2629650310221459 
1.712956980031714 1.919898132292276 1.2697433848771846 1.5375420275164415 0.9908394983242089 1.3166435107421333 1.67737272800036 1.8882178082995007 1.2213131935090893 1.4977960941260897 0.9279658208357515 1.270003065972429 
1.7178872995266656 1.9237571660828245 1.275669849873007 1.541764711638913 0.9975060690918226 1.3208797136965273 1.681450538521731 1.8912907692036727 1.2261617778641691 1.501058814862036 0.9333581828510532 1.2731309271536135 
1.7223193306061744 1.9275863572301244 1.2801401900493947 1.5453039164448203 1.0020148979829093 1.324099370810099 1.6850347853203804 1.8943461974358593 1.2295191162969774 1.5036364405466172 0.9364786206527622 1.2752244880567893 
1.724370247534157 1.9290320712577613 1.2842374341923732 1.5482176102670482 1.0068501895421234 1.3271997911170004 1.685398225666863 1.8942753655266198 1.2314139092445764 1.5046900668380214 0.9385423446392869 1.276155834544124 
1.7253862720396553 1.9294249571887734 1.2848894398129747 1.5481161940316044 1.0088725773569722 1.3279859769677163 1.6846947021234737 1.8931241684165623 1.2297070074464485 1.502631758563255 0.9375832384182751 1.274670626727901 
1.729184635017123 1.9314863849168857 1.29097825898785 1.5515105601700878 1.015794619191941 1.3313147116738777 1.6856961077784158 1.8926519809302766 1.2321187974295742 1.5028895116139775 0.9398566774669955 1.2743197115792018 
1.7326723122285903 1.9327660006952652 1.2955635974986215 1.5530344835333083 1.0222006890838855 1.3335386461005057 1.6865920125399532 1.8915664642416268 1.2332576009753882 1.5014510921916737 0.9419838236209633 1.2730925323178868 
1.736762271373434 1.9340207750865062 1.3011620274455482 1.5547076229523704 1.029455961207768 1.3356169912314722 1.6877982011443813 1.8901735208668566 1.2350474493663026 1.4998117793197285 0.9445100087273877 1.2712955312539294 
1.7413006743299617 1.9348991723968407 1.3057586720454817 1.5545779100907036 1.0354692949682187 1.3356284774374871 1.6887452326689127 1.8877413037230446 1.2348028717418744 1.4954748078727305 0.9444199718673784 1.2663474452858425 
1.7479997338994364 1.9368258178557256 1.3124864836304029 1.5551244158306115 1.0432164059831976 1.3356989364046452 1.691780366540675 1.886242823077798 1.2366238347260252 1.4916533402947552 0.9460011673420388 1.2612332804094966 
1.7484861010972261 1.9312969712268955 1.3159511033963913 1.5506229883083056 1.0504262407852252 1.332703880338832 1.6885619166764894 1.8772175398152928 1.235218607069283 1.4827236265029908 0.9473293978602056 1.25305120940454 
1.7543014548393328 1.9297419451655704 1.3231195211512072 1.548216925282565 1.0607160883343856 1.330957925905774 1.6905827937286595 1.8720044238546552 1.2373931692277116 1.4756260487438542 0.9516381707620811 1.2457710819132863 
1.7562257536021644 1.9255588248598094 1.3249062200833273 1.5423437951363146 1.0646700927590151 1.3255075619533412 1.6880431207215918 1.8635818918940725 1.2331006332880905 1.4642353165374378 0.9479889694587642 1.233746723033334 
1.7556646240266391 1.919876483333915 1.3233936119154421 1.534580754231787 1.0645191553272304 1.3178651187654222 1.6832158440493006 1.8538562557163378 1.225654093804039 1.451135898824986 0.9402437650197952 1.2196826541599255 
1.7500663268314747 1.9074965662116958 1.3148251027073563 1.518083018978017 1.0551581270640955 1.299680604960084 1.6719991545540356 1.836135118837775 1.2089723219451345 1.4273839977488223 0.9198954819050966 1.1924842554220203 
1.7417896614261725 1.8930351738758315 1.304163397681096 1.5001976912164277 1.0443830671985734 1.2808149499170831 1.6581864293773183 1.8164066668703625 1.190207199512379 1.4022639276010418 0.8980462131600467 1.16457629456 
1.7365891082399225 1.8810254357603804 1.295852785179524 1.4838293028436693 1.0343815306053805 1.2619271413110702 1.6478478629101443 1.7994214454700515 1.1742637222095937 1.3789163311882016 0.8772719072770597 1.1367149855691752 
1.7314741349892033 1.867934189921211 1.287445184439559 1.4658412467510287 1.0247174467806284 1.2414593442705282 1.638314603040762 1.7819231735056957 1.1591320724303205 1.3545340966829185 0.857973137188228 1.1078327319034267 
1.72613678889818 1.8549202848607051 1.2795698170821785 1.4486131181194377 1.0153702475391526 1.2215391065322958 1.6302406577888187 1.7660310448878636 1.1469242804595776 1.3328977283751817 0.8420885511083261 1.0818013575087249 
1.7237920193613845 1.8419397324597782 1.2725024534412497 1.4284766522467212 1.005132022181166 1.1964837792523557 1.6241154478096684 1.7490094453186922 1.1338229825744404 1.3064599526254144 0.8225463171238443 1.0477907691013506 
1.7226141512832058 1.835500185432069 1.2720797184929724 1.4212136456990414 1.005353721931321 1.1884433191032546 1.6207844865376642 1.7402884152694804 1.1303670411866935 1.2959132163540736 0.8187056515019058 1.035345527020405 
1.7208439817354884 1.8285602882528238 1.27053074873269 1.4130028668673147 1.004467399906662 1.1795268016349818 1.6172654710576275 1.731437646054645 1.1262734915975117 1.2848426737057148 0.8143699109589265 1.0225101809641066 
1.7218706932816443 1.8248601530424764 1.2718013045999796 1.4081031397458819 1.0059226771388594 1.1735230403201335 1.6173850041292612 1.726618123779028 1.1263099598166617 1.278221428142327 0.8142333815204397 1.0140275604549465 
1.7255550839913776 1.824572633678498 1.2734034508703398 1.404664122261436 1.0051171222740611 1.1669556020554037 1.6204070833862982 1.7254692299686165 1.1268252378645458 1.2732871099514398 0.8114426643260076 1.00496972350837 
1.7250230092414882 1.8192033673486205 1.273539263003917 1.3984630005018224 1.004918965097465 1.1591629030350135 1.619709089624603 1.7196668410981704 1.1267898681708848 1.266274818660057 0.8109348179801876 0.9956966347098699 
1.7201916266038764 1.807406588434957 1.268578828704819 1.384540208270634 0.9991831348847368 1.1428150684682497 1.6150687963173862 1.7076611374971589 1.121909189390162 1.2515348868162206 0.8048322319825979 0.9774529478793802 
1.7172628635081935 1.8024444548624405 1.2632662981273426 1.3768282429062675 0.9907236837707878 1.1319662928128027 1.6124574579145834 1.7028896981496953 1.1166329079802189 1.243657236405739 0.7953368649725474 0.9655956706947065 
1.713186878807706 1.7969667136479992 1.2591805897959554 1.3709908263584005 0.9851569589252719 1.124550720047295 1.609195269604932 1.698113513272564 1.1135689883069166 1.2385943565021156 0.7905911507972309 0.9587045717836594 
1.7130007295642025 1.794273628448986 1.2590482462111965 1.3675704152062846 0.984404283354908 1.1198652362438482 1.608835940140414 1.6951104496602838 1.1131864484835816 1.234597271723654 0.7893246327636622 0.952932174998562 
1.7181545848071877 1.8001679484909068 1.2663162358960578 1.375538539908628 0.9932897468986379 1.1292360190739401 1.6106099438703216 1.6978262151274375 1.116049292501886 1.2385941582188897 0.7928642603207438 0.9576968209062615 
1.72005346433099 1.8045519702344515 1.2692623814472088 1.3816116987334177 0.9967875128416487 1.1364018826440934 1.6095790573802333 1.6995789581767127 1.1149833248784666 1.241374926392925 0.7910411920734849 0.9610255255075382 
1.7208063973457008 1.8077233635835683 1.2705132049474692 1.3859628083198663 0.9986732352205551 1.1419445401795527 1.6073675068091586 1.700093939770944 1.11205190919574 1.2423158015761895 0.7872762383978639 0.9625450522681471 
1.7181471656326794 1.8067381244584424 1.2683747952287645 1.3860186105430223 0.9970885013736794 1.1430041326135307 1.603169292611236 1.697770522883352 1.1076537000216313 1.2406327767601542 0.782500848288109 0.9615511141752215 
1.7159572738705473 1.8066139726762993 1.2650747380883234 1.3855535981943246 0.9924639742324354 1.1420724235657036 1.5997092771342047 1.6965890639365915 1.1022588164987568 1.2386763818969182 0.7743030064188309 0.9585874119083976 
1.7104691278497135 1.8037136996006211 1.2593501718453688 1.3833442551031756 0.9866301603574462 1.1406653962170326 1.5929001184402491 1.6926338234027345 1.0943440982282309 1.2350171975025126 0.7648955636732115 0.955376206594533 
1.707161044677124 1.801792906968803 1.2543832303020834 1.380411581957747 0.9804191269365821 1.1372249168933513 1.5879526141743303 1.6892756885727946 1.0865873001572812 1.2299312208424866 0.7539339074899668 0.9489337089613215 
1.7046229342161303 1.8004142874726388 1.2497998864840763 1.377589203984849 0.9738456985865933 1.1331935859929714 1.5849873523330116 1.6875832322394086 1.0809464905607538 1.2264573266671817 0.7448630772535378 0.9437018928324823 
