2.226347075397275 2.4705247336001315 1.9246957247653458 2.20257231257682 1.7823053738711556 2.0792988253086664 2.3249037890050417 2.559697010845229 2.037893510694315 2.302147067441609 1.9039875981029917 2.1844999274273276 
2.2231582453543988 2.4695457625011223 1.9209871152840277 2.2014575140772643 1.7782791935709223 2.0781002332628833 2.324940970452207 2.561556988491033 2.0379179152476308 2.304199018853894 1.9039944386702525 2.186645492915404 
2.2211585036757846 2.4685752203348494 1.9185226084806115 2.2002380596770093 1.775861599351495 2.0770177996471886 2.3254812394322277 2.562846369752048 2.038393214213403 2.305507626478657 1.9047315602339479 2.1882232145170315 
2.224589927175175 2.4708967603057093 1.9225121374101257 2.2028580014356915 1.7801901620021525 2.0798094789882193 2.336669850554256 2.572266791468033 2.051165172502997 2.315989857682725 1.9184114937336176 2.1992801357010547 
2.232686141560152 2.4769001533599937 1.9318950005408575 2.2096074891515824 1.7903409450478307 2.086975721592075 2.360637538258417 2.592827905981182 2.078446649167296 2.338821805190545 1.9475735877842357 2.223328550357495 
2.2385323856459194 2.4793188220931994 1.9388715949194804 2.212513873761159 1.7977055825650678 2.089913859848202 2.377822645616281 2.6057695819096534 2.0981506985928373 2.353344627122345 1.9684406656045315 2.238471182304032 
2.2432793712651775 2.4825623755998336 1.9442701013860935 2.2160775794957837 1.8038408013857237 2.093956840038469 2.3910220495436443 2.616830153564402 2.1130239778582474 2.365519803807165 1.984571928805779 2.2515193429779568 
2.248499277530302 2.4891026377098817 1.9505237784385738 2.2236065187560254 1.8104318544077516 2.1017960032920158 2.4014966914643647 2.6281303809199215 2.1250836144289216 2.3782059011604293 1.9972733557313307 2.2647259872916834 
2.256083249479684 2.4964807226539545 1.9601027949020455 2.2326010249444055 1.8208610667985656 2.111406970383211 2.408660663489735 2.6351756225805536 2.1339488114392084 2.386680100022374 2.006805817173851 2.2737136930235544 
2.272419085895346 2.5106718156583985 1.9749776710488245 2.2450214397954955 1.83462558042273 2.1226011128663433 2.4209055469764698 2.645820880441728 2.1441622994963416 2.3952069703016146 2.0156255073255647 2.2808618217203427 
2.275943928708238 2.5145985766765815 1.9835394842109622 2.253378379372601 1.8451621837182468 2.1325826407020876 2.419277458706192 2.645030936946464 2.146488187948839 2.3980610451370685 2.0193083320295315 2.28492699555235 
2.2857930470121306 2.524016413292314 1.9951085879643242 2.2641261622464857 1.8571173096412084 2.1435236650359144 2.426246672160314 2.651882711389966 2.1545954001085676 2.405845036358119 2.0274880424231854 2.2927094807168658 
2.2906052245484902 2.528103911220589 2.0005821854472363 2.2686485342443063 1.8629556802910905 2.1482646387093096 2.429543749696399 2.654641204172202 2.158272368745159 2.408853816421586 2.0313577734335326 2.295833507658785 
2.2929775645683934 2.530517703319619 2.0040411346112634 2.2719935308917587 1.8670837010734145 2.152155961359213 2.4308169774818507 2.656058153206364 2.1603948564125957 2.411032905377693 2.033992776096808 2.2984560792875723 
2.2905450330737094 2.528809488304455 2.0004306639667973 2.26936196340263 1.8630890086462966 2.1492746529326214 2.4315256852311147 2.6571785859325754 2.1604266825649603 2.4115812925005535 2.0339177130696906 2.298935001938646 
2.2909804839104173 2.5279588211951576 2.000959416294696 2.2684406118870317 1.8636891140043745 2.1483298949785183 2.432128016519363 2.6565449201431566 2.161132503281187 2.4109081112183457 2.034697084270386 2.29825508783042 
2.293491738266308 2.5304853365502455 2.003844304903904 2.27126477613153 1.86679703318165 2.151321186642248 2.434502190345248 2.6589570511378726 2.163813429941641 2.4135741638896886 2.0375543488201266 2.301060496683173 
2.2979827704136424 2.5361418809124143 2.0090079279878315 2.2775872500780205 1.8723654601380466 2.158018360282868 2.436395968145974 2.662201371158455 2.1659670715867216 2.4171686292433052 2.0398659065727727 2.304852217344522 
2.3031171061847897 2.541639949009497 2.0150493003400687 2.2838583380763793 1.8786476414700548 2.1644634869641486 2.4391097786694638 2.6654909000034124 2.1691776760793475 2.4209330878818194 2.043092036204194 2.308638190362665 
2.3087828178862755 2.546112887671497 2.022370093273457 2.2895837025029007 1.8866474944108902 2.1706338946876533 2.441295208066179 2.666858644459224 2.1724237585993413 2.4231462447666856 2.0466760762091516 2.311081066844452 
2.3174451511766914 2.552347691971523 2.032280871708524 2.2965391905021697 1.8972965857536241 2.177994730552019 2.4449140169978083 2.668619729843943 2.1765151190176373 2.4251071677994687 2.051045308156882 2.3131609472996812 
2.3228254770500945 2.557117880316236 2.0385487202500214 2.301958848857425 1.9037777319931546 2.1835071123843406 2.446389082225679 2.6698601458939755 2.1782980121262105 2.4265852316852587 2.0527228253305414 2.3145203940844854 
2.3289668322920036 2.5620509194620333 2.045650704865386 2.3075322780659535 1.911121510191398 2.189155963999881 2.44923915280159 2.6718515743985947 2.181598663369652 2.4288662243969408 2.0559842772784647 2.3166980287504564 
2.3393895494775983 2.5708710778654384 2.0582722757218006 2.3179990068602274 1.9247008021521164 2.20025176118666 2.4528004845900124 2.6744840347261376 2.186314596302417 2.4324074800092603 2.0610579639605 2.3204729185243687 
2.34926514412188 2.5799742759930764 2.0683292497535297 2.327059610922333 1.934579296225926 2.2090309189293844 2.4611354059835877 2.682239369255846 2.1945675324733114 2.439948196578362 2.0689943988773867 2.327650826474194 
2.3696444069303397 2.599389348769484 2.090402624208131 2.3476357261074896 1.9570446206707297 2.22971612957709 2.4756822968499494 2.69640746292845 2.2098803929028015 2.4546245582850834 2.0841813421428186 2.3420978284726366 
2.380285751878963 2.608963302117912 2.1038286461111797 2.3594542215092877 1.971758444586456 2.242489824948599 2.4851989904226985 2.7050218618706205 2.221834542354133 2.4652541420303913 2.09720888926163 2.3535535635285636 
2.382211964192668 2.608829681934543 2.1035934898032673 2.3571516789003395 1.9700125122299832 2.238751385335739 2.4963044583629395 2.71341010830333 2.2319739417929343 2.472400886555959 2.1065496445236436 2.3597902177614625 
2.3872083211526074 2.609693159660777 2.1055582401302155 2.354805792752398 1.9699759989858379 2.234399305312336 2.5098365520846673 2.7223178244246666 2.24363353785333 2.479037367846691 2.1169131739824025 2.364964313722355 
2.381431663272959 2.602282929821239 2.1011767167087614 2.348532153247856 1.9657930773199428 2.2282284673791892 2.5102958189940505 2.7207066690216735 2.246177180646934 2.479107018032705 2.1200732899734884 2.365453536821007 
2.376104580353106 2.592479677215428 2.0972109768869247 2.3395238365049864 1.9623190123868774 2.219408436132252 2.510084964282088 2.7158064047194177 2.247876204935452 2.4754848682056227 2.1225808482870585 2.36229281790277 
2.376083630925637 2.5870457265678084 2.097863035365455 2.334108284838722 1.9633764817662351 2.2140188299453913 2.5202455567965516 2.7200496018919873 2.2598437026822804 2.4807107309706145 2.1355822284690325 2.368067487372934 
2.3847482075522017 2.5861231297491307 2.1033325916324883 2.3291665504689525 1.9667461169717457 2.206603525199631 2.537006234391914 2.7271614294250055 2.274507553503272 2.484832678419905 2.1488291948276017 2.3703324107271198 
2.3801520770570015 2.574073363662885 2.102537110711428 2.3197827642947 1.9684416917751868 2.1989753217166306 2.5413457181105366 2.723814940585861 2.283413333358365 2.4848956160287217 2.1605732672045073 2.3725106142141406 
2.382928640738375 2.5674114284335574 2.1050442145596944 2.311809611808732 1.970800472815866 2.1902755624923635 2.55162166919221 2.724706530746245 2.294261402083738 2.4853345684416897 2.171745551276954 2.372705475926424 
2.386915970169434 2.5621103914253753 2.1094308201621335 2.3058057581352966 1.9757101511734685 2.184141115095334 2.5620113109800844 2.7259757458183462 2.3056956637834687 2.4866190506770214 2.184024887767969 2.3742380924393176 
2.3902889866926467 2.5609736171823716 2.1137822415528427 2.3050335773485298 1.9809267955944663 2.1838441788516323 2.5716027366419096 2.730978773828929 2.31683718890736 2.4925567170887324 2.1962991974465043 2.3809314548521043 
2.395173679300833 2.5607313161703416 2.1191042969178016 2.304580426198116 1.9871074979516055 2.1838232822313004 2.5821247679644546 2.73639475166422 2.32832866763597 2.4983198962773945 2.208870202555028 2.3873825607420964 
2.3996236465573095 2.560141440099941 2.123822288685426 2.3036387872487736 1.9928809956234217 2.1835075477123955 2.590622184325032 2.739973330183526 2.337466742162763 2.501975483276565 2.2191674834308923 2.3918266801164756 
2.3914534383103843 2.5523872632511235 2.1142643182929044 2.294721072724648 1.9834302779796822 2.1747705307932055 2.584346873747129 2.7339495163310095 2.330217334037012 2.495104009424569 2.212192325239051 2.3852517850001833 
2.394976447426448 2.550806802430833 2.117257700452973 2.292047846299769 1.9870100343298245 2.1723056958281473 2.594379107992394 2.738887751549415 2.3404424672243946 2.499674799246376 2.2233082667024404 2.3903562095192865 
2.4002826872163388 2.5494343945570535 2.1229124304479656 2.290199978375358 1.9937503043637357 2.1710133647102428 2.6020547280775035 2.7402458943515433 2.3486355648994355 2.500869402889821 2.232570739195175 2.3922020941196607 
2.4049576758363127 2.5495863100832654 2.128495827612542 2.2906469431503407 2.000734633519398 2.1724428654774792 2.6088718270861833 2.7427688820175864 2.3564560839879873 2.5038878181268425 2.2417247514724012 2.3962259474774075 
2.4118738906541113 2.5507254012180534 2.1360797635900677 2.291702678014537 2.0092794152180526 2.1739982006475995 2.616045633588795 2.744587248571085 2.364190315735812 2.505685586225654 2.250280618282751 2.3985052155496764 
2.4210618054625557 2.5549646222735864 2.1463503621425857 2.296328337209122 2.0204491501321207 2.1791096171302646 2.6256165543867236 2.749575648326412 2.3746877482881006 2.511064685958848 2.261534168008436 2.404337902265322 
2.4260534423526394 2.5574729880002818 2.1518817520372933 2.2990275887755436 2.0265786252576263 2.182190116271057 2.6301049922410114 2.7517966947816275 2.3795613124715005 2.5134129821840046 2.266878446104045 2.407004501161369 
2.4273224292127917 2.558133773390182 2.1539492890408285 2.3003590517481154 2.0290924533296875 2.1838888276099335 2.6305684684074446 2.751734851721635 2.3806498758489223 2.513891019630622 2.2683060807085735 2.407772145153999 
2.425908083229709 2.5583535828886594 2.151755254363107 2.3000421086317617 2.026483999709655 2.1832957719647696 2.6288349477818573 2.7515297944015145 2.3781912936261542 2.5131527720931013 2.2654757900889693 2.4067662084795938 
2.4221764402637165 2.557601911824553 2.1475599610182274 2.2992178273857853 2.022042270717556 2.1824398677096717 2.6247170917850573 2.7501870197331324 2.373650119606639 2.5116933972737616 2.26072024998862 2.405253599999096 
2.4218979042806406 2.557751624602936 2.147345764509982 2.2994777117334624 2.021562140019188 2.1824796448899493 2.623483004549288 2.7493939313163107 2.3723759079789524 2.5109104649825644 2.2591562810834844 2.4042235787794275 
2.421842535720002 2.558128029443149 2.1473836538035513 2.299990066026958 2.0213504806002076 2.1827861811507536 2.6229836204869237 2.749316427867605 2.3719144930082723 2.510911410094488 2.258446273645377 2.404012753323636 
2.4205881037081234 2.5567861619254137 2.1459887622756297 2.298516146955093 2.0198897712036885 2.1812527129641097 2.614653770152616 2.7412265590011504 2.3627177863158537 2.5020679542676874 2.248804628635687 2.394792468622968 
2.422907727479371 2.563681327286847 2.148751799505762 2.3063205301690504 2.022623231320962 2.189288657961588 2.616668868844365 2.74753272249472 2.365081057634019 2.5091011341074414 2.2511061390301546 2.4019698043854025 
2.4252852810090713 2.5673123107014564 2.1522018034281194 2.3110725668137837 2.0263916183895083 2.194389846285124 2.6180687942220406 2.750157816867834 2.367329322185498 2.512634459303472 2.2535612945023815 2.405747766179832 
2.4250599218201105 2.567642281124487 2.1526519144576444 2.3120946183532713 2.0269054307535317 2.195499233572665 2.6177535523609095 2.7503645068059903 2.367620810285752 2.5134636581216285 2.253899656528249 2.406643912401284 
2.425302556567376 2.5664876463548874 2.15304428447077 2.3109232005612497 2.0270932121864176 2.1940540647149627 2.6181881161200486 2.7494863810159615 2.368209494827738 2.5126047360045014 2.2543121814407714 2.4055539402375183 
2.4242825138866984 2.5639900908031623 2.1520084942994093 2.308254760232676 2.0257581622535326 2.191026154690265 2.6174764835078856 2.7473774076957116 2.367525711395086 2.5103938879619685 2.2533826941992805 2.4030466173415794 
2.424734893790255 2.565100262594825 2.1526250455581066 2.3095875473261542 2.026171944422299 2.192207289551798 2.617898895947672 2.74841675904584 2.3680899288253476 2.511622973896369 2.2537586544712456 2.404127310398524 
2.424991333535739 2.5647922504022507 2.153020081124057 2.30934445021167 2.026350031885765 2.1917278051171043 2.6178722222758393 2.7478775977403798 2.368156978361747 2.5111240101124914 2.2536118690145917 2.403402333393941 
2.4229184530412904 2.560745944385737 2.150781744317168 2.3049399283469407 2.0237198208467495 2.1868534187018573 2.6166227710711376 2.7447405501591584 2.3668635380367835 2.5077737077511597 2.252026378461851 2.399689307157908 
2.423083264056355 2.5597676462034595 2.1511063508227575 2.303982732259511 2.0238583350990753 2.1856533253354704 2.616297692608775 2.7433722886895975 2.366630441017355 2.5063953284248677 2.2515958057231322 2.398074554793908 
2.418625617822959 2.55830235425555 2.1468279087037905 2.303048224894453 2.019392369003481 2.184744057456042 2.618685116085836 2.748212654400945 2.369943443968545 2.51232819993915 2.255151302686693 2.4043436639984495 
2.4121665768943674 2.556020398331416 2.1390449673361918 2.3000447939738673 2.010580620091194 2.1810839305002205 2.6124858039626337 2.7458650290766826 2.362635785199718 2.509330694728435 2.2469910794451966 2.4007627107038902 
2.4063609185923482 2.5539220680609285 2.132627769520178 2.2978351251838345 2.003535778599576 2.1785547216741215 2.6072480987831996 2.74402764341189 2.3569622358893683 2.507432160719131 2.240831406913204 2.398597601393074 
2.4021030649993853 2.5515025239806133 2.1279656461699377 2.295278585766756 1.9983680260851453 2.175670187018115 2.6034362778603666 2.7418873878916763 2.3528746480166425 2.5052115887244812 2.2363488291586893 2.396105607163307 
2.3991897750810813 2.551883842351295 2.1246703440424843 2.295696765440421 1.9948520959844642 2.17610534047725 2.599699203902946 2.7412470736461554 2.3487333703027278 2.5045055425719487 2.2319854969899806 2.395361940662331 
2.39445875943836 2.5521880056631976 2.1194560449915185 2.296154348525179 1.9890769473932097 2.176386447359726 2.592433314936199 2.7387846498020045 2.340805773316336 2.5019197696950815 2.2234443650316704 2.3924748086429433 
2.389084256998654 2.5517207150937993 2.1134756675767075 2.2957208929307606 1.982443524501722 2.1756923837341553 2.583699117637116 2.734786308156235 2.331213619743761 2.4976212606555883 2.213110903519932 2.387763575415039 
2.378248728378563 2.5472216028124155 2.1005579911143255 2.2901123889089483 1.9683223145700124 2.169461595381271 2.568438611342356 2.7256463050135924 2.313688345528466 2.4870513947311683 2.194334208873901 2.3764203121573946 
2.3686168223926996 2.5427477235702503 2.0897554180625275 2.285234789189437 1.9565420729750969 2.1640880799361404 2.5501363572879177 2.7126400010251435 2.2934531817243817 2.472882494410458 2.172764753203091 2.361382435600318 
2.3820065926191303 2.5536215527131265 2.1049229244988994 2.2973306564970137 1.9727373745334171 2.1768602105052586 2.5543461031115187 2.7150896194566028 2.2981360110491718 2.4755720051093237 2.1777101175503133 2.3642015530155205 
2.400860573892087 2.5728506577859194 2.1260779814648005 2.31854191147571 1.9954838188443023 2.199405529516883 2.5614542022197937 2.7233208848884187 2.3058889214507796 2.4844622617519145 2.1860630837351054 2.3736682198802423 
2.395533536550071 2.5832929968813234 2.119178457878451 2.3293216006674755 1.9882678461253882 2.210889144877257 2.5457619484461014 2.7231830054471344 2.287627659772475 2.4835583530000034 2.1669176268045103 2.3728366535343492 
2.387932297805497 2.5912196207389755 2.1103157998040576 2.337868952465608 1.9792581668146882 2.220284070767216 2.5261360932425316 2.719110521031214 2.2655188539455238 2.478865494854983 2.1439696344824104 2.3682914215912363 
2.382422260684367 2.599295760817612 2.103845152145093 2.346607561609825 1.9728353961251834 2.2299063039070517 2.5100867719033957 2.716788218924031 2.247390530923455 2.4761193069972234 2.125248050107189 2.3658152714200678 
2.379522681772746 2.608276664825064 2.100932273889608 2.3568825568260627 1.9704891590341116 2.2413849497734564 2.502221903587082 2.7206788531524553 2.238951245827153 2.480701845928075 2.117029472537159 2.371242871321063 
2.3824483227426865 2.6208083377346463 2.1038389047974753 2.370382768655611 1.9742484605893553 2.2561545418564393 2.508005884486605 2.7354469194666233 2.245032659766766 2.4965472108533096 2.1240740312473667 2.3883606978049694 
2.3830508642576667 2.62922197854027 2.104136975208413 2.3793421782583546 1.9752531278899952 2.2661645372830304 2.5110854528150193 2.74580169388454 2.2481127952438706 2.507566136902317 2.127967022521545 2.400441717630155 
2.379893500274172 2.632491507877518 2.100929084154734 2.383279564601528 1.9725949814007053 2.2709578215033517 2.5107801280373496 2.7513878893655197 2.2481162770967273 2.513989908839582 2.128674408956722 2.407773495523873 
2.3727155803349125 2.6302529565735764 2.0920153562447963 2.380121770238666 1.9630060000835556 2.2675634383108316 2.5059680585602124 2.7510593052357195 2.242013589638573 2.512981561118991 2.1221426063589695 2.4066450989134314 
2.366180785825523 2.6283726042572217 2.0849843565863724 2.378379869324892 1.9562909045461232 2.266407981544781 2.502895106741369 2.752092831092347 2.23893549959571 2.5144309906915105 2.119609989443787 2.4087917184658973 
2.359807254724385 2.6244673218102452 2.077719320661441 2.3740379144507866 1.9485150631826893 2.261824351104621 2.4994247568130232 2.7506840165256787 2.2350282796801118 2.5128648699780576 2.1154538016628583 2.407131743542476 
2.355622697172448 2.6223052121051813 2.072836719916453 2.371535030614981 1.9435442272904417 2.2594004730091566 2.5033220418543833 2.7557480979280378 2.239266625758085 2.518301283650151 2.1201478998489702 2.4129967781234187 
2.3531354557625215 2.620243257708469 2.0700164486222543 2.369260718867109 1.9405432337277853 2.257019339386947 2.5077258407981304 2.7599125256077754 2.2441948482711322 2.522863209412411 2.12535890178734 2.417763164126439 
2.351116666108981 2.6188760134178573 2.067074919216865 2.367184132604688 1.937090567231024 2.254569107757713 2.5148702356534045 2.766827478932398 2.2515819874424756 2.5298979114137015 2.132871911338187 2.424851456517576 
2.3478722196422637 2.6164373345004637 2.062718454701923 2.3639051988114685 1.9321071416895828 2.2508394817418433 2.519498448256694 2.7714820577387633 2.256141816102855 2.5344459473360033 2.137383091064372 2.4293305340294657 
2.342144553655474 2.6110268861154995 2.0563476404095686 2.358047053817629 1.9250875632599158 2.244500482516767 2.5182780383067316 2.7701163455743156 2.2549165807670137 2.5330750237641997 2.135894495104569 2.42772848235094 
2.3372338973137365 2.6065841702029036 2.0507199386440753 2.3530981731224814 1.9190399273470993 2.2392706375854528 2.5129840896576243 2.7652681209011827 2.2489728790877757 2.5277455877663715 2.129587046089537 2.422139494841773 
2.3328000122205097 2.6018866722853264 2.04578471404398 2.3479977543890476 1.913513160502433 2.233694467427452 2.50298538397171 2.7555025296261313 2.237904160498392 2.517155813607098 2.117666770475471 2.410885917909848 
2.3274593838883635 2.5956562957468003 2.0396897496555697 2.341089211638463 1.9069923141035467 2.2264285544454374 2.486876580662981 2.7395108230211465 2.2198698652511144 2.4996373018200058 2.098596585780602 2.3925868953603335 
2.3262410605981576 2.6043643586896286 2.0384052653024716 2.3508322497389815 1.9053505344720272 2.236442912308034 2.468313854049529 2.732011991718345 2.1991525267004195 2.4915031760952746 2.076423961837476 2.3838734677186286 
2.3243512099219448 2.601766700775765 2.036348992355095 2.348041447007614 1.9028770770245802 2.233276200666995 2.4540840032251565 2.718291690213839 2.1832629173980878 2.4765335420069743 2.059335066978079 2.368003871678763 
2.3253100313891135 2.596612641515642 2.037563954254894 2.3424340621837874 1.9039256585483688 2.22716487518972 2.4541569846199405 2.7126033571384593 2.18345749460777 2.47038804619008 2.0593087860636246 2.361373148055775 
2.326654921547671 2.5884216374389237 2.039341924239778 2.3335635695566554 1.9053292009419265 2.2174045217690885 2.454207277138995 2.703652494009169 2.183741220740681 2.4607578443158524 2.059147784682294 2.35089196867104 
2.3303420280527147 2.5811805010322 2.042873424788927 2.3249366961078404 1.9087660128231643 2.2080277405206754 2.4557384916698357 2.6949304908789093 2.1848316643322523 2.450609763440283 2.059986714391343 2.3399880501124017 
2.333073618868089 2.5770059342303115 2.0449207894337227 2.319359417826017 1.9098134880291948 2.2011621096725795 2.45981898654723 2.6922920570729767 2.1884190573512745 2.4468152861583645 2.062732288635207 2.3350784930229307 
2.3327405230930767 2.5688402276670614 2.0451643668127413 2.3108351422116984 1.9103632498769862 2.192430047613962 2.464789125641494 2.6893209553864263 2.194585239420096 2.444067540040692 2.069539763396819 2.3324357653492966 
2.3336907602928907 2.5608590192895058 2.0450098710462035 2.300858910206449 1.9092501618898476 2.181082880744427 2.4689693844226603 2.6847152871797055 2.198127073036591 2.4379600040231195 2.072422118492372 2.325256929721189 
2.32924348700195 2.546983853451176 2.0407202717033517 2.286108211642879 1.9047387518872503 2.165590275407839 2.4698973055050284 2.676218269824231 2.199899248906868 2.429260840943393 2.074378748189684 2.316203514145724 
2.3246554505455728 2.5327155069117495 2.0349544827713566 2.2697278740305498 1.8979944705270455 2.1477913970754328 2.470396036814996 2.667111068911687 2.199971218427923 2.4187803201430342 2.073937468949158 2.304743261257366 
2.3171566625120303 2.5139854583556946 2.0291878273397685 2.251335409223577 1.8929116087720235 2.129324363459896 2.4675112848098366 2.653209344711399 2.1993181172044873 2.4058071549614883 2.0742495753076318 2.292033853777882 
2.3114674325902067 2.4949014941927388 2.0229199906880058 2.230214577686452 1.8856777045733877 2.1065213455659926 2.4616425158834825 2.6346414651343286 2.1929449315487064 2.3855102696499046 2.0670226388709825 2.2702938936193173 
2.313696696278812 2.4937107214694105 2.026395991303647 2.2297267710577207 1.8892655463887258 2.1058786918461116 2.4686271648735234 2.6380903773660767 2.201637661004074 2.390106514436436 2.07611463593692 2.2750060970361132 
2.3188631236932546 2.4941269932031207 2.0325658252623553 2.230441011509706 1.8954207452764782 2.1062200914017604 2.4801900439410764 2.644784665311042 2.214845435163465 2.3977246658998275 2.0896976502031195 2.2826255805682276 
2.3240297757830666 2.495739582954578 2.0387407468156145 2.2325020716510635 1.9015941698286443 2.1079995384075136 2.4907928028132513 2.6517259386569894 2.226970637558181 2.4056184002759644 2.1021405220741762 2.290545009762151 
2.333955110732972 2.5031654923149924 2.049028637407628 2.239868161280159 1.9115274978185794 2.114811669609509 2.5045895436251744 2.662979497674843 2.2414594977461806 2.4171536366223307 2.1164970347337038 2.301749491373151 
2.337766737131838 2.510687366686669 2.0521973446138264 2.2472008537823314 1.9140393322082072 2.121778570266002 2.5115319457176013 2.6732359511199233 2.248144421152707 2.4274577389441903 2.1227778881362127 2.311835569057635 
2.3385570333559884 2.516171188265767 2.0532079696559626 2.2534265945574443 1.9148692005092045 2.128142971103859 2.512892875030442 2.6789735071065484 2.249765447725331 2.433867913461772 2.1242659104214705 2.3183559063652757 
2.3395215442850357 2.521622193702665 2.054921228702901 2.2600705050448844 1.9169937757264208 2.135434983270116 2.515532272250515 2.685725236194842 2.253273798883269 2.441814948830857 2.128240280779837 2.3269344907697422 
2.334627758108399 2.5234856453980967 2.0526039793711424 2.2650995849477016 1.9161439150883866 2.142218601574137 2.512436792683599 2.688834630621647 2.2527838254990757 2.447964051621316 2.1291921875749615 2.3347274798636026 
2.336849306521242 2.5288623883851034 2.0549721212193637 2.2709448951898437 1.9188800057817086 2.1485764530471823 2.514807318934954 2.6941670604045345 2.255283039657952 2.4536874061234473 2.1320158645209024 2.3408912714111287 
2.339974858496347 2.5378706117521044 2.0577413886091223 2.280264135137638 1.9217434861070817 2.1583333685960095 2.518877109625438 2.7037098211522257 2.2591058358109297 2.463506460514159 2.1359675983953967 2.3510981444837644 
2.34536151933578 2.5473320109442037 2.06372167115167 2.2906607897244498 1.9283607794137072 2.1695057071095802 2.5242283507363275 2.712915126623212 2.2649404509304523 2.4734863985599436 2.14233130161071 2.3617288420690974 
2.3599502051646533 2.5670913858015827 2.076144970578088 2.308889592651994 1.9401569284098361 2.1874190542867384 2.5541917389140325 2.7467232571441724 2.294538822320662 2.5070902694830695 2.172265954052747 2.395690419761429 
2.362962338194752 2.566283037532456 2.0791458707187456 2.307610272278837 1.9440233979370747 2.186651455702717 2.559793095429162 2.7485920592926862 2.300390669300936 2.5087875255602676 2.179031126764097 2.3979979708929715 
2.3519795411087228 2.542059110208494 2.0676946802161096 2.2815823563031863 1.9328832606740634 2.1601607480449228 2.528936795057164 2.7066174593750776 2.266952765761563 2.4636013476603718 2.1447030682577015 2.351596906145694 
2.3472060430571577 2.5235819009027707 2.0616036494350802 2.260375855773557 1.9275293736189965 2.138798468337782 2.5234412576012226 2.6882792233255906 2.2602188343972447 2.442883251685197 2.1386325205990953 2.330845009897492 
2.3428120127484853 2.5082460931253556 2.0562623168940797 2.2429322442906314 1.9225834766476615 2.1210510510778873 2.5183343894643158 2.6729269413432553 2.2542082170816893 2.4256926892247934 2.1329714472441044 2.3134600777533656 
2.33702693789644 2.490505753386972 2.051100482290814 2.224395915221391 1.9189702312577988 2.103181101962836 2.511646164330002 2.6550499908652587 2.248040198660515 2.4071993548506967 2.1281725246778302 2.2956572684078105 
2.332576255230952 2.470461477066026 2.0455247374860197 2.201463007835301 1.9139900827504956 2.0798139243853644 2.5054070009615703 2.634261217811789 2.2406078875312496 2.383818707214802 2.121204914869671 2.271954712151466 
2.330663803569114 2.460517994989521 2.0437526082349717 2.1906802053397136 1.9129138407328359 2.0691530635666493 2.5014969487223544 2.62290717008194 2.2366085806120055 2.3716182199644296 2.117718720998435 2.2598423882357923 
2.334157067488681 2.4670712060472355 2.04676691289149 2.1971358437082036 1.916241732064971 2.0760861002635127 2.5028973511886896 2.627288768024436 2.237288700768714 2.375628727429301 2.1185344723622888 2.2641420959355356 
2.332223784486849 2.468024159712818 2.0445842391366904 2.19822659954022 1.9139340743416844 2.0772624082975555 2.4992249137614966 2.626404508366173 2.2331999685577104 2.3746699921391516 2.114237694670625 2.2631563139929507 
2.3290634825858674 2.465049883859353 2.0409254841652134 2.1948373643427455 1.9099683133274776 2.0736232015279463 2.494973696870372 2.622370677855251 2.228392666043175 2.3701620404679105 2.109107868288156 2.2583777859505725 
2.323891436734834 2.4612063701627074 2.0358131963737462 2.191255520775587 1.904584209566353 2.069904924901018 2.4877931400760573 2.616520608481708 2.22107601594576 2.3643696951639117 2.1014481457817342 2.2523653558447148 
2.322259457003737 2.4622734238185835 2.0332653029162944 2.1918187014539523 1.9015119559033256 2.0701809453386653 2.4839203926622306 2.615293854442229 2.2161090504492984 2.3624226445501426 2.0958814970993207 2.2500268171475843 
2.3192005020845547 2.463293578132588 2.0299323137654737 2.1931141059391437 1.8977357845783618 2.0713583444853887 2.478727828719654 2.614042067769616 2.210435676166409 2.361175588911009 2.089689399903548 2.2485386523849775 
2.3189849593352454 2.468583127873779 2.0295272846707655 2.198907095996347 1.8975172928917117 2.077687005884931 2.475706831267202 2.6163592513229315 2.2069014640402704 2.3636043428592464 2.086145955963554 2.251269945427045 
2.317445558190362 2.47434079911726 2.027359916141246 2.204993583794801 1.8943770015433148 2.083380113895743 2.4711599484971103 2.6188623419447308 2.2014235861042826 2.3660249957378388 2.079601355994999 2.2531201199350734 
2.310954001187916 2.4745932879175196 2.020762314673955 2.206033516836596 1.8874266579675196 2.0845821965579674 2.462779392655063 2.6169420860780317 2.1927731924862726 2.3646052141290816 2.070544211188556 2.251723090321374 
2.307896802710953 2.480233681321871 2.016709896927032 2.2118522261587548 1.8824922535732889 2.0902029917602354 2.457860862482545 2.620353312307987 2.1867352779253917 2.367906805117854 2.063605934310967 2.25469308645843 
2.30625723439638 2.4858834905131095 2.013737809647929 2.217190624011756 1.8781332808950593 2.094798061390558 2.45378444158521 2.623328493148664 2.181140898833828 2.3702678999989937 2.056604063830868 2.256194710694456 
2.3035606367399235 2.4927678958013 2.011612472604413 2.2257773732198913 1.8757249139299825 2.103769029132628 2.4489314706168566 2.6276920525391936 2.1765703481802836 2.375912173414169 2.0516378075522104 2.262016328097045 
2.300614061891105 2.4988980856711804 2.009299306965264 2.233595819697711 1.8728357824889748 2.1116771649499575 2.4446515620004194 2.6321071103568507 2.172735580504699 2.3816898378233655 2.0471956589420293 2.2677470420642356 
2.298847325386712 2.5061325324965638 2.007518791702245 2.2419038659223633 1.8704136581616484 2.1200114380912285 2.441225247550426 2.6373437307786864 2.1691042812362986 2.3876797582334275 2.0428727166609377 2.2736161024846826 
2.2974917275973135 2.5111761790002087 2.00539530765834 2.2470309084607822 1.8675211703159054 2.1248936173790183 2.438971255865491 2.64123424757027 2.166038524250686 2.3914975333748703 2.039055631938003 2.277122182435121 
2.2942731176623434 2.516586836258207 2.0025134053054647 2.2537923827247464 1.8645189026738476 2.1321235668760123 2.435467830936818 2.64594476917567 2.162839419727708 2.397372420281857 2.0357419177115967 2.2833671017880786 
2.297103559127905 2.524207087138076 2.0060223577413314 2.2625344985564504 1.8678033938715524 2.1409404885605974 2.4356255333441736 2.65088822776029 2.1632643567252914 2.4030500066536464 2.0357496151241414 2.288932754118847 
2.3026977111366334 2.5364167539412543 2.012546811300023 2.2762552292029756 1.8745556984186653 2.1552151324807207 2.4368132618594083 2.6587689019495264 2.164714020829054 2.4118416185093685 2.037056992519819 2.297954392840269 
2.3032403599615128 2.5419944042730775 2.0135760252236916 2.2828289040038983 1.8749524215178475 2.1615424998263717 2.4360844017963825 2.6629544885851204 2.1642734268746264 2.4167951634086906 2.035936551043681 2.3025761736532493 
2.3032777865591894 2.548595493690005 2.014248293149829 2.290730585393446 1.875968840587977 2.1701404376807045 2.435892216839037 2.669048766968674 2.1646428149828782 2.4240315478262655 2.0366004568537734 2.3104094548925738 
2.304266538606784 2.5502500092624034 2.0149360095404742 2.292181919338622 1.8758507520970025 2.17093225894842 2.4366018732084425 2.6704230970621285 2.1650292215401827 2.425176768592939 2.0362221027488356 2.3109156800980193 
2.302393727153201 2.546262120645557 2.0135799737865914 2.2884357589922444 1.8744769261941876 2.167048144143182 2.434789799611952 2.666577446933505 2.1637210551026236 2.4215950769058003 2.0349074279422172 2.3072239060165813 
2.2994741429301637 2.540362857035272 2.0103770277250015 2.281989900285365 1.8708012650210633 2.1600369174170173 2.4322904994437673 2.6611837939316425 2.161034829262224 2.41576771331277 2.031834912802812 2.300916170633865 
2.2982389394727867 2.5356312732944826 2.009924234320538 2.277568694663017 1.8702058048538401 2.155271092857926 2.431120753337645 2.6566655507438264 2.160611330644408 2.4115897356949003 2.0312842358736996 2.296440588848098 
2.298171586414881 2.533490791340022 2.0099979956718093 2.275318635225557 1.8700677112352615 2.152704390715244 2.431815700863182 2.6553174108126303 2.16153346144923 2.410230249201244 2.0320650105163196 2.2948357579933014 
2.298327055963683 2.531591632348055 2.010175753056108 2.2732037953018405 1.870258768238954 2.1504689714047704 2.433205403889012 2.654644509970156 2.1630968169535754 2.4094889035467024 2.0337278926923066 2.2940571218508685 
2.2978307749385487 2.5311410879393295 2.009745630435526 2.2728234502166442 1.8695649354474666 2.149865573624242 2.4342395014120304 2.6555923796838043 2.164387483570049 2.410647654850184 2.0348878907287964 2.2950855462563244 
2.325770108917623 2.553237564805651 2.0376794319849947 2.2938947077698857 1.8975616816153014 2.1703814868208515 2.530276039082434 2.740823288129808 2.2683094369937034 2.5010084295649007 2.14332232059359 2.3882307327297108 
2.323914586964678 2.5473402107899155 2.035664907470581 2.287420983882768 1.8955094891630613 2.163635682250413 2.5289575985546318 2.735688154246973 2.266931658274508 2.495464342619868 2.1419625933445268 2.3825127267838906 
2.323265033398902 2.5428126792616874 2.0351188739270243 2.2825522419900928 1.8947570732455388 2.158342019470964 2.5284335864748355 2.7315402811626264 2.2665226265832863 2.4910762178652823 2.141382813140612 2.377783896575549 
2.299623354350275 2.521083597319456 2.011301053018471 2.261178201441277 1.8710847869279494 2.137417416573845 2.442729318470061 2.652267229393224 2.173474379263121 2.406571380639521 2.044411218740792 2.290679411029228 
2.302734585702723 2.521209036036379 2.01476285537318 2.2612336886291717 1.875082204755698 2.1377188088688115 2.446843008129351 2.6534786861083868 2.17800906738964 2.4078272215488155 2.0494846690891566 2.2922250849407195 
2.304499638062102 2.5157986964438073 2.016626770482917 2.255062755363664 1.8772986339494204 2.131378582098535 2.4506451745343223 2.650318145179624 2.1821381076981266 2.4042153023946007 2.0540675136587794 2.2886060932079073 
2.3022232189093135 2.5041930281999347 2.014396410859878 2.2424414982079597 1.8756806046033423 2.1187092068722313 2.4504107755405338 2.6410724983773464 2.182217706665666 2.3943318675749943 2.054862270247123 2.2788615408763118 
2.3027945097139777 2.4948307985851144 2.0148665415775904 2.2318166008811833 1.8763685476922811 2.107623563724993 2.4525764791029125 2.633714021196842 2.184480719129569 2.3860582917960826 2.057432321766342 2.270318461857023 
2.3086704048772337 2.4953120717769974 2.0211805591673424 2.231993313152172 1.8838547574470834 2.1084430379680663 2.4592630072637633 2.635260487332516 2.1916172917040075 2.3874274126130013 2.065653467476094 2.272344063933983 
2.3139345370009954 2.4963779289454573 2.026925396339493 2.2329434128356254 1.8904882975374404 2.1098710211114824 2.464355804384994 2.6364102968252134 2.1970851261173316 2.3884708024185706 2.0718838027761137 2.273832055101258 
2.3147034681730294 2.4953386450684905 2.027508467940948 2.2315137005118855 1.891934330142632 2.109094193622525 2.464547299966517 2.6349300183823194 2.1970279551640326 2.3865863998129733 2.072572497591399 2.2725359327791166 
2.3158162544540013 2.4938447161748782 2.028464967504581 2.2295575050653795 1.893762214321893 2.1077456839935316 2.4645624195936606 2.6325509423510423 2.1967551342999885 2.3836924432638873 2.0730167196801284 2.2701662635307924 
2.3011558839572888 2.4852425576332084 2.0114466904870363 2.2196914102350465 1.8760064112553694 2.0977397891710137 2.449623930784326 2.623312709204004 2.179737779796288 2.3732612491403575 2.05541700272019 2.2596130693265275 
2.288085322168273 2.4787802698347203 1.9962103231678494 2.2122099445852537 1.8601474100516577 2.0902549059198234 2.431960460908419 2.612173207890681 2.159618692320913 2.3607138921991138 2.034513609937739 2.2468339532822377 
2.280450746387786 2.4782146071921636 1.9864483124160592 2.2106716016859242 1.8497603815361086 2.088709051471892 2.4181551911324073 2.6054877779411303 2.1431275789370567 2.352464208484501 2.0170851223487345 2.238241368440993 
2.2714377651383804 2.474060706792952 1.9757928213496574 2.2057434422200695 1.838777676854067 2.08390263805602 2.4009060846473855 2.593433416784946 2.123364730633162 2.338851136626023 1.996502905406561 2.2243135370933746 
2.2655809971673513 2.473096749568405 1.968878436756777 2.2045027958081183 1.8315510756530404 2.0827696993968896 2.3857561180443008 2.58363746156186 2.106052539417241 2.32783323646386 1.9782705433751497 2.212895076768397 
2.272177770073418 2.4993045506331977 1.974836945273156 2.2324229837590837 1.8377897654562694 2.1121559222784216 2.386415644663731 2.6035957918032917 2.1052716619704475 2.348595365041797 1.977285774058927 2.234589548506797 
2.2779283919489126 2.521105683315747 1.9819308705519878 2.25722530626585 1.8459261394885116 2.138798592679301 2.3939990983722113 2.626451558777919 2.114314049474902 2.3743083218922854 1.9873895533103114 2.26201974885432 
2.2849210261829267 2.539968121038695 1.9900536774400934 2.278351948030163 1.854347557038011 2.1608282722819134 2.402871982909793 2.6465766050225787 2.124439528311606 2.3966262264802243 1.9978825122245902 2.285193316254194 
2.292179139710614 2.557756118891027 1.9976800477865546 2.2975545104576933 1.8621673013251228 2.1807563397419005 2.408929338599306 2.662887852231951 2.130629231744578 2.414044754838752 2.004126345309719 2.3031616450359036 
2.288336814498864 2.561817899693655 1.9933999884094533 2.302187891635001 1.8573215475492684 2.1854219056261903 2.4092906525969027 2.6704132682584563 2.1311592117649982 2.422450239012312 2.0044548892631155 2.3117666356470346 
2.285783124673126 2.5634966990500376 1.9897603681449785 2.3034446282992 1.8530486427075896 2.1864354793225522 2.4102170752196654 2.6750433982798185 2.1315459599268416 2.426973220346784 2.0045276572999535 2.316212849001672 
2.282159502952596 2.5602261008584457 1.9874539733329273 2.3014080443756253 1.8517770587510907 2.18531095405593 2.4092840304366026 2.6741643984461465 2.1322220424985856 2.427524774150995 2.0063588456995523 2.3177535477951143 
2.2852190675227373 2.560330546349336 1.9896491117203279 2.3003847303808747 1.853111618054749 2.1833664348820356 2.4127013542312876 2.6747325370416926 2.1348548489088173 2.4270705687947127 2.0082142084721664 2.316460797662997 
2.2869996037336433 2.558889964316137 1.9921561742689353 2.2991817859138153 1.8562992587074534 2.182520927706729 2.4150044254613365 2.673910439225263 2.1378880724205 2.426544059397612 2.0118961517428877 2.3163067127213184 
2.2869076129442596 2.5527809992520725 1.9927193953345288 2.292962055626392 1.857228695379869 2.1762451210611387 2.4183588561217317 2.6711802554268798 2.142298698917219 2.424085005807843 2.016881640994932 2.3139913469549556 
2.286922332045765 2.5433832540161223 1.9926627596283422 2.2824306117842093 1.856696828889854 2.1647419565411576 2.4225154747513256 2.665964337610246 2.146921597592618 2.4182756191570967 2.021358599311275 2.3075257768895323 
2.287602832520549 2.5325280238046806 1.9939983478819734 2.2708150262308995 1.8583336899911274 2.152667084190224 2.4258901877859267 2.6581035862426505 2.1512428722011 2.410065842917168 2.0261343951465904 2.299085048273778 
2.2889724012119523 2.518460028213672 1.994839782516383 2.254469342907552 1.8588447978005076 2.1350761678474166 2.432370826270125 2.649466757045653 2.1578737082809107 2.399930249213508 2.0328150838898282 2.2881397303246165 
2.28921299412283 2.50528730457423 1.9951207101478372 2.2397488685254 1.859151495618582 2.1195312287533796 2.4368123024929127 2.6408374701182975 2.162883425703015 2.3904043714779326 2.0381369798864872 2.2781507181880682 
2.2860709534275636 2.49075761227487 1.9917028593907298 2.2236531562060686 1.8552930108490167 2.1023475533567733 2.4363085153168123 2.6293254383596585 2.1624890884823462 2.3778377019479713 2.0375453206751524 2.2648055132406424 
2.2826985996725475 2.4784293834900786 1.9881370627165045 2.2101104705753984 1.8510081424313105 2.087613579029177 2.436304413628767 2.620587435646254 2.1627656551432035 2.3684287177508656 2.0374242175519095 2.254550233254298 
2.281883271053758 2.469373956029139 1.9873166604029164 2.2000554494637177 1.8498591932130943 2.0767271141666637 2.4365018796042412 2.6129213308699133 2.1630944628737323 2.3600411283100553 2.037530166970541 2.2455167898091966 
2.292571593147095 2.4766589944328246 1.9993961188581444 2.208062522915737 1.8626326665515696 2.0850313464082526 2.4562560859985694 2.628906469428878 2.185153150331805 2.377572197727129 2.0607546920497377 2.263772330824151 
2.304224270292987 2.483734046593405 2.0127942410011137 2.21603835323472 1.8766719866314543 2.093175356201016 2.469808729842708 2.6380751483623905 2.2004195806271243 2.3877461458888902 2.076632711773377 2.274178697026082 
2.310545286588923 2.4864680152735303 2.0196772763434976 2.2187834437317875 1.8829085479062146 2.095053285570152 2.4758001678524644 2.640736666299442 2.2068219797569286 2.3903905371169563 2.0823812209915578 2.276008615787359 
2.3168848456358466 2.4877159136318276 2.027705076074191 2.220892377972656 1.8912062508190481 2.097006476417524 2.4808075465414565 2.641056826722409 2.213151276026345 2.3914041167433497 2.0888063046096543 2.2768150687258375 
2.3326691440167506 2.489044358111731 2.045803640491394 2.2224556275993095 1.910308806305368 2.098398488525914 2.4929692385121482 2.6398659256424066 2.2268504269860245 2.3901588452167446 2.103052549074283 2.2752640517899985 
2.3346000559953923 2.484650347202537 2.0481568516726667 2.2176736494474767 1.9126150361883307 2.0931378843864277 2.494659897491778 2.635613387914413 2.2288824714985958 2.3855915405101706 2.105009942815874 2.2702856176599653 
2.334164037745642 2.4813703035026915 2.0471879144585237 2.213561651525667 1.9110718665463735 2.088318104864544 2.4941668798027608 2.63244093044935 2.2278969963409527 2.381680468556821 2.1035071543270396 2.2657491424041276 
2.331730991840774 2.477405579212003 2.0454429542548382 2.2100691990774317 1.9091767492588945 2.0845922492206386 2.4914123691735095 2.6282512396783457 2.2257589838234413 2.3779344060908745 2.101219178208394 2.261789340427344 
2.326779656950569 2.4680344333090267 2.0398255225383886 2.1995859961363204 1.903187923668866 2.0735029936797797 2.487508560644367 2.6201124463043586 2.2214147360812677 2.3689604939042375 2.096644829263891 2.252378727496557 
2.3249096654189834 2.472900040834366 2.0371463559495693 2.2045396197752063 1.8997308016554897 2.078222023355207 2.4839734122849646 2.6230046840481642 2.2169538191262825 2.3716900926846685 2.091386162175367 2.254756248231416 
2.324188778273615 2.476826859764929 2.0356403657456292 2.208313726546344 1.8977608912223372 2.0819015866397237 2.4810308390370723 2.624563171358807 2.2130278457021273 2.3728274404290337 2.086901278799023 2.2556539547663332 
2.320247410100968 2.4726621185435445 2.0317896741740396 2.204241182012588 1.8935703092518772 2.077526997292755 2.47438860957212 2.6178443230223314 2.2061777415204444 2.365952268237939 2.0795815596365173 2.2483703813162657 
2.317008498706433 2.470595641637425 2.0262790486697133 2.2002548089886864 1.8876136212365706 2.073258214617234 2.4668734235622707 2.6116621009000838 2.1960744267619527 2.3575532505709895 2.0688212314933927 2.2394945253958176 
2.3107882999070357 2.4642656179452835 2.02155352325563 2.195345329597886 1.8824372520185766 2.067953693047127 2.4546875789776688 2.5996833613321546 2.184588563273929 2.34633536809793 2.0565307075721604 2.227595344757941 
2.3043059818398164 2.457122405567692 2.0136519922625062 2.186874208532068 1.8745703918345555 2.0595238799156372 2.4409883456548416 2.5857394612804208 2.1687305945236166 2.3304542153028365 2.040248073059441 2.2113879482403713 
2.3000506319217324 2.452725315522217 2.007005657541493 2.1802982074485957 1.8670593213402622 2.0522034678373293 2.429172283845582 2.5742001764826994 2.153768043361114 2.3161056427986098 2.0239949566645565 2.1959472098854196 
2.294639476566306 2.450897257009459 2.0034001767536336 2.1806281905030236 1.864431744263246 2.0536876018558643 2.4242578573197386 2.572654892475182 2.1506436477428075 2.3166344417228393 2.0218213472946838 2.1975642419225174 
2.2961378144719644 2.450925707615 2.006492348714066 2.181925641869605 1.8665533337807654 2.0539740283285206 2.4260737343469363 2.573056883492491 2.153972248402493 2.3182718581063977 2.0242544922237644 2.1982707318453953 
2.3005866533490735 2.455208269896444 2.0116337688475725 2.1867828239145948 1.869101872656461 2.0564266360285965 2.430276389509615 2.577128640252149 2.15875306596375 2.3228352285101694 2.0265947276670513 2.200553314329805 
2.3046324574922767 2.459928060925134 2.017825624013852 2.1935212672155453 1.8755704342217838 2.0634145861961164 2.4333087243600824 2.580873233780941 2.1636267776229086 2.3283462228901635 2.0316065164413337 2.206204962927717 
2.3139924879011793 2.4686733327565014 2.028021215190583 2.202874676204502 1.8863827142080922 2.073216470671379 2.4393519466536784 2.5865468697557152 2.1699646851603576 2.3342094003416 2.038214029498151 2.2122620142838167 
2.3283177589384767 2.484129803691484 2.041787153889526 2.217821470900733 1.8999015492883544 2.0879327556193688 2.4494055166771163 2.597965488633036 2.1788571729987924 2.344622757572802 2.0464969326945717 2.222158183057248 
2.3334159531887773 2.495091025032131 2.048796804613842 2.231191959289001 1.9079790886159864 2.1026253625398628 2.4501150433512078 2.6045561883468533 2.180780149775738 2.352966483878572 2.049052931882408 2.2314271510080474 
2.3329565502635083 2.5087153753300533 2.0464321162006347 2.2447385093184926 1.9049437332943484 2.1165484157035976 2.4425730108304666 2.6109633245676607 2.17056698906931 2.3584587388880496 2.0377161909445114 2.2367954407673065 
2.323875916290801 2.5188403221157967 2.035795325841085 2.255796955117284 1.8935866135765773 2.1283391546265387 2.429508497057874 2.6166140012001025 2.1555915363714924 2.3644729149805057 2.0218265321427578 2.243198569025134 
2.319923811307227 2.5337507079960035 2.029015388968317 2.2704073662385458 1.8857379264018237 2.1433277134097457 2.4233276904641374 2.628756979138667 2.1464794557065416 2.3759672164763237 2.011585974342198 2.2548446270575386 
2.311809123292786 2.5419534647077553 2.0217975035447444 2.2813879853150274 1.8801904127347742 2.1568917409874238 2.413571627803857 2.6348423096534184 2.137412390096904 2.3844491438359006 2.0039916587001456 2.2656232172053143 
2.30463248627151 2.5488832462037174 2.0131051670436895 2.288682441838098 1.8714646698182684 2.1651454723362122 2.4070019750673244 2.6418049538105572 2.1295351663633078 2.3917347116220897 1.9961732443798559 2.273803537594662 
2.2947958881810906 2.5508454659608137 2.001217154936675 2.2903262920406866 1.8595439102136955 2.167631882219128 2.398808699836825 2.6448076680947596 2.119685144358199 2.3945332601600753 1.9864789362117183 2.277459766233608 
2.2842329252888134 2.5506406436371023 1.9894275816358558 2.290386373207257 1.8479845854804877 2.1686619524890203 2.38917443732631 2.6450334833369293 2.109089030262471 2.395058281874053 1.976229101894183 2.2789315696557213 
2.2774621162510607 2.550070188712217 1.9807218327061373 2.2889480673354647 1.8387835615315795 2.167290765577789 2.3813287454021883 2.6432462749578898 2.0993217669711233 2.3923160655897373 1.965964874782548 2.276190274401233 
2.2707705647178096 2.5473515458979823 1.9734714530463418 2.286304992075388 1.831846902551859 2.1652399440221033 2.372043750471066 2.638028145215445 2.0892061105953235 2.3869191677450745 1.9559794658811833 2.2712235935171243 
2.2684050469292494 2.547237482358897 1.9705215437883674 2.2859817342083226 1.829213047223885 2.165358563086975 2.370670671956375 2.6387187742300413 2.08743218631746 2.3874946004282585 1.9545941650568004 2.272266640311847 
2.2697606000695334 2.547034801966398 1.9721432615375614 2.285808860081702 1.8310260583694624 2.165231980003069 2.3738614467251473 2.6402256094977963 2.0911131080474847 2.389210566578009 1.9585865855376448 2.274122800960408 
2.272060150561338 2.5470436376648142 1.974677444994197 2.285721981381115 1.8340290880378125 2.1653721759015956 2.378456331503442 2.6423906761243328 2.0962223653202465 2.391510436788602 1.9642962833719382 2.276759507121648 
2.279095252473685 2.5491051666512488 1.982799606074222 2.288046384723896 1.842805303293891 2.1678545538499785 2.386188375327499 2.6452895764638114 2.105021156793463 2.3947392449592693 1.9737150702540855 2.28017831744539 
2.289729168699119 2.5522719362935367 1.9944204318025724 2.2910576661427706 1.8550557866521316 2.170821121693715 2.396466880603936 2.648449712686945 2.1161064960515477 2.3977362393373376 1.98530244935918 2.283124654115837 
2.296702656847771 2.554090799476716 2.0032890194806163 2.293840363576247 1.8647418634147757 2.1738902767093857 2.4047763359763024 2.6516949191171313 2.126328532393715 2.402042827609785 1.9963387361045746 2.287772949239415 
2.3060452315227904 2.5578237777120223 2.0120804003391615 2.296319970175977 1.8732874165565199 2.175735189086438 2.41443955977966 2.655962397291987 2.135448738656351 2.40515263204417 2.0052130866890434 2.2903050868888624 
2.3089717205983793 2.557173947646706 2.014730411375934 2.2949786104717926 1.8761516928337751 2.1743351550584467 2.4181462949877615 2.6561663532171775 2.13897632711609 2.4047885395524986 2.0089863792378084 2.2899376550384596 
2.310072634519538 2.556098765180258 2.018276496606954 2.295788609030901 1.880867474532972 2.1759751325224377 2.419550498244672 2.6554528679974796 2.1427153459001596 2.405916535159946 2.013815158736283 2.2918675385274865 
2.302399018742442 2.5533485063943306 2.0098006814373806 2.2929993747723003 1.871717883845255 2.172987618534942 2.411653146235204 2.6522854769700337 2.134087260480733 2.402680958626459 2.004584119698188 2.2884284665565056 
2.2980892537408573 2.5516686949443907 2.004611710670974 2.290909649278908 1.8654888053695764 2.1702182824681966 2.4076486510658506 2.6507679901453485 2.129325226305087 2.400796707340963 1.9989012711435274 2.2859145221068986 
2.297133974719039 2.5490094015143394 2.004504070190053 2.2888121370283954 1.8656605685409364 2.168251320352069 2.407178578225656 2.6486096614390897 2.1297231691157634 2.3992384642357854 1.9995933503261332 2.2845126390257704 
2.296834796114644 2.548134946199475 2.0046561158071476 2.288271785877499 1.865583802632034 2.167474232382706 2.40641043507607 2.64732937230013 2.129320841029599 2.3982387010977453 1.9989407259953957 2.2832664429371796 
2.3060340911473967 2.5523253493890627 2.012321540493467 2.290416870775711 1.8718882485698767 2.168072202380262 2.4146933335589433 2.650908401800032 2.135974870623248 2.3997833459572973 2.004224608354563 2.283306317674876 
2.3032382326574057 2.5463889705178215 2.0134521524920355 2.287614478703702 1.8750708744937643 2.1668136092370314 2.413505791908279 2.646545038417977 2.1387130292712975 2.39860039489174 2.0089785055034337 2.283677969498942 
2.29912327980229 2.5430526049865425 2.008202764595458 2.2834244107762447 1.8692352317803236 2.1622185476331572 2.41050353814485 2.644177755637627 2.1348156349925955 2.3955346984355788 2.004644557872752 2.2802957043788945 
2.296269859982378 2.5401414259571236 2.0059212485697167 2.281048717029843 1.8666922941565625 2.15963036537818 2.408637203570411 2.6421575222578024 2.133634918167466 2.394130564113722 2.0033017819648364 2.2787455372690233 
2.2970717795819966 2.54026580934988 2.006990071662538 2.281319962072835 1.8676203080262328 2.1597261948108146 2.4099668529986054 2.642792434935442 2.1352776446523296 2.3949576700543167 2.0048459010487565 2.2794338570250288 
2.2991168825101105 2.541983747006068 2.0071205893625352 2.2812882305493556 1.866917031108509 2.1589632075704785 2.41242253827206 2.644905562352465 2.135972173031056 2.39543734098035 2.004800056056217 2.279246848273133 
2.298700619073143 2.5400801088405167 2.0086855367944607 2.2809647101450845 1.8692610078122451 2.159194094686082 2.4119725534771845 2.6430274349554623 2.137382663054805 2.3950755878525523 2.0069189764231266 2.279409178082612 
2.3002257045265884 2.542331377292276 2.010259212083069 2.2833205293967906 1.8707677535613125 2.1615231962587957 2.4129663853781387 2.6447716947148465 2.1383429530748432 2.3968565090895284 2.007770024919398 2.2811293284609797 
2.3022557356135507 2.5450408569147744 2.0124116875444473 2.2861872826532585 1.8728978103904894 2.164393148059171 2.414047948982267 2.6465976254779435 2.1394033813158027 2.398728479671155 2.0087290100920754 2.282946282150653 
2.3042346990580733 2.5468446129953137 2.0141394549393175 2.287723252131527 1.8745594734612316 2.165846983039949 2.4147106634839814 2.6472150503393657 2.1396466493192867 2.3989597158650353 2.008806426598454 2.283029389636334 
2.3052390939359 2.547826419089497 2.014838069376894 2.288419679038443 1.8752075968837185 2.1664938755995617 2.4142391195468624 2.646855248771721 2.138690181384487 2.3981842868200123 2.007691903044491 2.2821303554245995 
2.307570850238859 2.5499975676992497 2.0164018155298535 2.289864766328372 1.8764649888745835 2.167654313047191 2.414647433488394 2.6472866475793833 2.1381102125129305 2.3977321883922085 2.00667881178132 2.281307568052166 
2.3080109177219157 2.550493290233001 2.0172644922080893 2.2907329959477076 1.8777777255904278 2.1689054414435773 2.4132387297661952 2.6460957643372547 2.136858161423813 2.3967195140949555 2.005705850129465 2.2805608048117376 
2.308295788155313 2.5512350450743573 2.0164808809447115 2.290582011807383 1.8768914621830317 2.1687075345503732 2.411118014634613 2.644628686620403 2.1334141131284285 2.3941651128724515 2.001994554362114 2.277839547750359 
2.307429951721577 2.550782397246351 2.0155472814354516 2.290128533445632 1.8755670036823104 2.1679505163406843 2.407917855505424 2.64203070664628 2.1298512296547476 2.391343579760516 1.997895643436323 2.274608726366326 
2.306777148948281 2.5504623664563173 2.014035293561153 2.2890993057335804 1.87350373165093 2.1664841795660448 2.404882414628615 2.639525884697848 2.1256944222982663 2.387930954778626 1.9930516415261195 2.2706590042518404 
2.3053547824546423 2.5494439323480895 2.0131221683212597 2.2885944498286475 1.8725243753250558 2.1659527297211474 2.4012464084984053 2.6364726445625206 2.1222592928119055 2.385159994031111 1.9893896494971743 2.2677466500309267 
2.3038629946542155 2.5477090054668903 2.011403245432673 2.2866524646603144 1.870665072464093 2.1638910073608355 2.397924167365826 2.63307363946341 2.1184897049636775 2.38139352238077 1.9853572544096667 2.263775586500811 
2.301750068898889 2.545780445732907 2.0092842567630993 2.284768680342945 1.8675596347308538 2.161185713324063 2.3954562067038587 2.6308088369237397 2.115982108392233 2.3791437495948076 1.981902128722819 2.2607257122517184 
2.2998258419060695 2.5440921326671644 2.0068891785793657 2.2827198802084676 1.8651615069743857 2.159174222590424 2.3927880737873464 2.628429310911549 2.112780167944351 2.376351386992033 1.9786518920868725 2.2579347170498445 
2.296742110466258 2.5418462556946673 2.0037144615910223 2.2805327687163364 1.8609795928996644 2.156201083106351 2.3888239035117262 2.625345254931054 2.108631538128224 2.3732435671858463 1.9734995224699194 2.25403159489591 
2.2926719438306824 2.5379465873080074 1.9989983384756378 2.2761420419710983 1.8558475563548749 2.1515107228243973 2.384401667737288 2.621106550888071 2.103573395037207 2.3685120363444137 1.9680439079218635 2.249005349372998 
2.2891006749298928 2.534568843642739 1.9958755255687892 2.2732303967623895 1.852377781977664 2.148339072484716 2.3796116029731595 2.616602511694218 2.0990685064105197 2.3643489416337196 1.9631283524529135 2.244533415078619 
2.2854623644983434 2.5317445486340757 1.9911810800473067 2.2696242714463466 1.8467574522763834 2.144039488334662 2.3750067101080705 2.612862245327595 2.093351558400633 2.3597696894100406 1.9564845363708754 2.239246297542626 
2.28124570856509 2.527292397576236 1.9865332896396777 2.264826569706087 1.841567462475008 2.138807050401377 2.369768802927121 2.60747561049507 2.0875911255144386 2.3539672018374938 1.9501520236449874 2.232984056218638 
2.27700085354908 2.5235831459778058 1.98255052249955 2.2614697835397313 1.837460579567148 2.135415741504038 2.364074570402389 2.6024195630265385 2.0819755670091906 2.3491192539382157 1.9443191787418133 2.228029639933733 
2.2720690056904544 2.5188326476801133 1.9769515608176167 2.2562264545517614 1.8314907864958563 2.129924609327572 2.3597766370568234 2.5982236464937367 2.077158078721793 2.3445268231349394 1.939228380361429 2.2232469614505743 
2.267008723803217 2.5144342944288463 1.9713913187898262 2.2515405834672158 1.8253769226655328 2.1248652138429605 2.353991269142664 2.593130571799247 2.0708283543548194 2.339098403316947 1.9323424259690334 2.21743061185686 
2.2613067836211984 2.509490490049972 1.9650405866676774 2.246200938752197 1.8183522664355358 2.1190656230639133 2.3479343246034907 2.587823360017304 2.0641394648257783 2.3333893546194235 1.9250174513108316 2.2112725607331294 
2.2545329122023126 2.503132241892833 1.957280841832219 2.2391294428869988 1.8100061478910618 2.1116047508005473 2.3410362538080096 2.5813180954395065 2.0563269154595627 2.3262056554491135 1.9166779449984392 2.2037256437777004 
2.248521840006205 2.4974659726981043 1.9502252287838167 2.2326809585753375 1.8026281982108485 2.104983192518384 2.335471004436769 2.576026131925856 2.049866529939179 2.3202238276435505 1.9099850178901638 2.197618845105968 
2.2430068022339653 2.492040347038514 1.9438777438069093 2.2266221635625207 1.795773886341997 2.098568423299045 2.3296157493431915 2.5702714090126433 2.043205987556771 2.313844481374632 1.9028488840651114 2.19089466930472 
2.238141193648908 2.4874603667813804 1.9385868841783078 2.2217790576716125 1.789606183580108 2.093053598431765 2.3247214014561313 2.5656407909113383 2.037933438360576 2.3089728826446096 1.8967719641507144 2.185389429275286 
2.234613766952332 2.4841284138813937 1.934060212778519 2.217652857381626 1.7842105273349582 2.088253455654483 2.320722453852009 2.561864164434346 2.032939479426992 2.3043954122964423 1.8909418886398623 2.1801505717295973 
2.2302209267536726 2.4800194583772948 1.929913009472191 2.2138598320422207 1.7799278036285657 2.084407378112544 2.314634648386222 2.556197309933255 2.026872565680933 2.2988744048577363 1.8846196325810707 2.1744889724507708 
2.226410785789597 2.4764177582710576 1.9256937438440855 2.20998559304812 1.7751551490166289 2.0801239697384024 2.3099909800863396 2.551822535851631 2.021744231123277 2.294164262314329 1.8789170136225415 2.1693476140259884 
2.2236100579733487 2.4739870206854846 1.9225146079861761 2.2073134137499006 1.771770624522328 2.077339941973927 2.3067959371214957 2.5490150223410297 2.0181497029507596 2.291091074601846 1.8751098505208275 2.166150281056289 
2.2185204362737543 2.4684546037884285 1.9166765168291413 2.2011551683069253 1.7654893979189705 2.0708423452702256 2.30127596442154 2.5430899058476655 2.0118864302997546 2.284539825265537 1.8684193727384357 2.159265189184573 
2.2174600688652775 2.4672490342509 1.914819336494177 2.19925481275181 1.7631894242570763 2.0685805727145365 2.3010186854113113 2.54261197012285 2.010992522366008 2.283479705408393 1.8671890047373352 2.157911819192805 
2.2188610157469735 2.468072549582303 1.9175226171291149 2.2011203715384786 1.7661002936418109 2.0705429601922516 2.3070796448110955 2.5476762726652873 2.0189515267835656 2.2900225261559526 1.8757351965300673 2.1648141791621955 
2.2198168793567996 2.468464977162398 1.918253402936473 2.2012334005001284 1.767683562710634 2.0713371390185036 2.3130906329492062 2.5526693169773007 2.025462272232529 2.295262464694911 1.8834825394033679 2.1709995029564975 
2.220721340980225 2.468316006893163 1.9197776912666242 2.2014829137390572 1.768659937208114 2.0710235655552087 2.319086086303182 2.557174399857196 2.032757581534259 2.300670341636326 1.8906916657363808 2.176165345391983 
2.220583042986044 2.4667065840097724 1.919443127783983 2.199525912917863 1.7685056716892824 2.069121705361277 2.3223958831338725 2.558744801420642 2.0363682152295444 2.302270146789286 1.8947680327673782 2.1780262208699783 
2.2211671412890475 2.4652397051690857 1.9200677456647617 2.197836090872602 1.7691281316914724 2.06727784314111 2.326679567500037 2.560714967391365 2.041204176025064 2.3044170244602347 1.8999128102684502 2.180250449150776 
2.2224550233814946 2.4636948455021046 1.9205880940362094 2.1952550165649636 1.7698373379928563 2.0646573962170187 2.3334282988584927 2.5642491272716934 2.0479843558761965 2.30753675652494 1.9073294151545086 2.1836646855031656 
2.227132969730647 2.464231422342725 1.9245085806151268 2.1945497294117646 1.773670569429749 2.063546104854759 2.3433854384973145 2.569780253516096 2.0579279203512573 2.3124408237533887 1.9176134483678535 2.188505557534924 
2.2267922525970154 2.4581952288673268 1.9260210379500247 2.189446753320594 1.776979082889298 2.059556920317108 2.3465550977009024 2.567185399137758 2.0633162939661216 2.3111456414397793 1.9249342200049564 2.1884907581130175 
2.230076664449848 2.4543765140099754 1.9294260541735617 2.1848128161752802 1.7814403014762408 2.0552984432738133 2.351429166554621 2.565139619693977 2.068492710773659 2.308545914146773 1.9311930881514048 2.1863734555020007 
2.2278924208825908 2.4472847728096725 1.9263678068910126 2.17637107305397 1.7791513527033305 2.047212166832273 2.3513657108510557 2.560198981791472 2.0679238367420814 2.3026087628527105 1.9315267544008003 2.1809387252204244 
2.2224655301197025 2.4377409658473255 1.9196101689067628 2.165209270387103 1.772927344413823 2.036295497360403 2.349443244807214 2.554038281735466 2.0652926496189954 2.295356554561894 1.9297154962766534 2.174173378682172 
2.2174656571967106 2.428127238479656 1.9127397578465397 2.153420842902483 1.7659426779051577 2.0241545116534065 2.3497679373688882 2.549520995184554 2.064661909341779 2.2894271653159968 1.9294582038196213 2.168284323073623 
2.209705301808945 2.415756597516099 1.9039756282165379 2.139674183244393 1.7579339421157327 2.0108242495162423 2.349494435533432 2.54424969690527 2.0645701185967407 2.2837539692800886 1.9307144601422968 2.1635019630688017 
2.2060886940984488 2.4066574469643576 1.898883924896148 2.128598811666726 1.7526867929635916 1.9992708008243905 2.353081068265392 2.5420785303819784 2.0678305897314218 2.2805911708653523 1.9344441531946586 2.160381198452949 
2.2050306826032355 2.3981756861042705 1.8965679435289657 2.118031226073329 1.7506564304916286 1.9884376399127255 2.3580941011761363 2.5396247951620117 2.072538888224221 2.2769505381983355 1.9399086103220662 2.156926453683966 
2.2039047323061154 2.388916079539273 1.8950064893507066 2.1073143004025976 1.749522860748407 1.9775121254448202 2.362112325068664 2.5356061607121263 2.0768794288165333 2.272257055845859 1.9450472506963141 2.1524248589535686 
2.209280566958758 2.3835563746514596 1.8988471119975958 2.099057103163611 1.7531527046842241 1.9682390031552597 2.371354596276485 2.5345104041770297 2.085191202859251 2.2690180078795343 1.9534447531685175 2.1485731943039803 
2.219051866416711 2.3873325793126288 1.9108578000069731 2.103935167786187 1.7664444168576292 1.9736999610496755 2.383495221977063 2.5409083280566205 2.099579914932387 2.276708474440127 1.969056668861384 2.1569306487663185 
2.228852709259102 2.391084775028196 1.9227356130190234 2.1086522329136304 1.7798320357751851 1.9792180469497642 2.3953057644926337 2.5469573430294505 2.1134373762692 2.283882559417546 1.9843153432384781 2.164950203402295 
2.2385001968753544 2.394486988398768 1.9337741226448866 2.1123842367360632 1.7916036345718327 1.9830603595480902 2.406474844873929 2.5522158970610227 2.1259634063198267 2.2896299288773725 1.9975188687496799 2.1708907013507157 
2.251154849933085 2.4026516068663075 1.9463167860287416 2.119713569607283 1.8036873301038765 1.9895538621452926 2.4197293080791598 2.5612743917778995 2.139051377965768 2.2979506920683153 2.0101442114378885 2.178466510272134 
2.261892711281552 2.4071678088884063 1.9594274759093815 2.125477418404771 1.8177776072304912 1.9956486795397155 2.4299213543505087 2.565699906678217 2.1512124916726867 2.303478544968155 2.0230359809772565 2.1842556634076997 
2.2684278920702856 2.4045839984335005 1.9682456680817157 2.1237349443662787 1.827856284920245 1.994321363853489 2.4360205750860233 2.5632899458005998 2.159264261419255 2.3018864556364287 2.0321145979108657 2.183059514315274 
2.2731046814998557 2.4078750249663208 1.9730391475732456 2.1269087241009097 1.832376528625206 1.9971131629070396 2.4396188814518878 2.5656573289386406 2.1627803567483594 2.3040130456090218 2.0352737251624315 2.1847646049715657 
2.2806760800350956 2.414312414673016 1.9826953215368845 2.13506482141509 1.8425933067403262 2.005634849030164 2.4457443891470447 2.5708143983267733 2.1705443955478656 2.310559245430476 2.0433629949287644 2.191518510677984 
2.2901400920606165 2.4208143282919097 1.9936694261746128 2.1425027775159147 1.8541068578869477 2.013284036410017 2.4543374281551853 2.576697999774791 2.1803092328482694 2.317185517312632 2.0534709178470023 2.1982591251359356 
2.297810900857033 2.4305442633898706 2.0025624892365808 2.1535707565569817 1.8633690430232575 2.0247850924721393 2.462851079013388 2.587130827306074 2.1899673569707403 2.3288554065886977 2.0634545528790813 2.2103065787345906 
2.301376367343788 2.4393119167848316 2.006686161951712 2.1634922684790188 1.8674476702088576 2.035011116472952 2.466741741088534 2.5959052872607833 2.1943725722011043 2.3386278944775483 2.0678110247381145 2.2203044559763625 
2.3037211799605526 2.446797542503025 2.009200480638714 2.1717673702307163 1.8699618038341959 2.043635018000729 2.470039988752984 2.603993948733146 2.197920117392541 2.3474538933574056 2.0714061453126087 2.2294417143847562 
2.3057954578903592 2.4525826896616167 2.012128095134057 2.1787906340967713 1.8733104838301124 2.051282848567649 2.472414808592565 2.6098475322799626 2.2010910393138694 2.354415196890262 2.0749540864674114 2.236940682483067 
2.306567607218572 2.458173559671898 2.012375912067626 2.1844953500225195 1.8728922596535045 2.056717904592171 2.4735415629639235 2.615486759001087 2.2017744090869096 2.3601215374022604 2.075061240857727 2.24237424978749 
2.304761318908003 2.4619273955855316 2.010947489402585 2.1893084682462085 1.8716604588264827 2.062104419551677 2.4724623668591117 2.6195862115102377 2.2011486145952435 2.365209713225142 2.0746706465206857 2.2479813290004342 
2.302022943498446 2.463188910496564 2.007140885437106 2.1901151819923195 1.8672400369511282 2.062662195317801 2.47120126290702 2.621988874536513 2.1991226849344376 2.367304492411834 2.072223782556616 2.249911416343597 
2.302215234925269 2.4666228290360914 2.006223267515859 2.1929352457202222 1.865417886244798 2.064901228417962 2.472210236691453 2.6259963151539285 2.199218103236241 2.370779082580663 2.071572435808608 2.2528749520561524 
