1.8527047429396004 2.0687117245548956 1.49441879783108 1.755089991456532 1.3260417422203912 1.6141375520416128 1.7794529401675365 2.0033736798388087 1.402578142233398 1.6775812289933654 1.2216073853210327 1.5295025134568725 
1.8529376569138316 2.0705557192428605 1.4946463434569797 1.7572110624763662 1.326229204779219 1.616386998738025 1.777264128465243 2.0031202680841007 1.3997348012853434 1.677224057783968 1.2182666890009428 1.529050931659675 
1.8552758396025588 2.073356212186652 1.4973269930823325 1.7603254431533335 1.3295485427065008 1.6200175520694151 1.7770638018689648 2.0036749480674203 1.3992481692369585 1.677692755158995 1.2180339249433818 1.5298248866824529 
1.8576907827296907 2.074973360541973 1.5003338677237312 1.7622432060753843 1.3329515764043531 1.6221156887715653 1.7761374705576285 2.0022896186712975 1.3980883322304247 1.6760520240848282 1.2167206643757023 1.5280407644558602 
1.857227432107172 2.0735335809606266 1.4997713623654105 1.7605572743229343 1.3323310640270307 1.6202943686168263 1.7717559815311474 1.9973399898092965 1.3925299504468116 1.6701459336511286 1.2103435824968873 1.5215713471577337 
1.858281810460203 2.0720230288506083 1.5012291909922515 1.7589079648711725 1.3336016499267125 1.6181969922377342 1.7704600100785248 1.9936390827547623 1.3910450906017569 1.6658555126682653 1.2082262705665896 1.5165351515501544 
1.856360981846451 2.069410279563219 1.4987179637683403 1.755715906734891 1.3311673429445 1.615050867670093 1.7682880258718938 1.990785109619298 1.388136154144081 1.6623191007390612 1.2053103096057547 1.5129956221621794 
1.8549516215830348 2.069863462263521 1.4971568320030904 1.7564076444873296 1.3290741592603212 1.6155269588631227 1.7678549825575427 1.9921848491928478 1.3877839531258205 1.6641615109578547 1.2045346992733459 1.5147254126585221 
1.8506150464066182 2.0665147163730944 1.49291944765502 1.7534296393601227 1.3244929687946894 1.6124480293598829 1.767729761175777 1.9926303047847511 1.3888487807340906 1.6657154495130826 1.2059743293066274 1.5166018284133018 
1.8550990342658396 2.0701736836830986 1.493379425509154 1.7533992021824494 1.321982492370474 1.609926819397096 1.7779023019317035 2.00129039594309 1.3963259923148499 1.6715121688142296 1.2112728340114172 1.5203317177820272 
1.8487696333636296 2.0653060374790684 1.49140260655783 1.7526612924485694 1.3214767468432769 1.6105404880497385 1.7755361570712915 2.000017128993522 1.3995932347176767 1.675231653792242 1.2169142452397745 1.525916167902906 
1.8458622931458077 2.063291443741649 1.4881262753064675 1.7505667047609181 1.3170611288993006 1.6076734723871946 1.7775851287624738 2.002441726132748 1.4025409427170032 1.678417430962125 1.219529131262349 1.5287953684380062 
1.845782702742186 2.0630368864715556 1.4880825144266192 1.7503133944931832 1.3170737844715648 1.6074485257519913 1.7793383784267258 2.003809490481131 1.4048205753555327 1.6800976930352145 1.222217097304014 1.5306933207348394 
1.8443907455207533 2.0620849537889074 1.4872524532716696 1.7499534263067118 1.3166048827809351 1.6074406837711306 1.7793268666331659 2.004101103438297 1.4057548633821617 1.6812387904169355 1.2237954459478102 1.5323486639804271 
1.8528372283157688 2.0702508617394315 1.49668098332038 1.7586889439957425 1.3271599967723786 1.6168755341500038 1.7835244731522077 2.008455222859813 1.4099672753411194 1.6855089894251112 1.2285387290325285 1.5369581141439281 
1.853842880500691 2.070016081696734 1.4979744360913174 1.7584540267186686 1.3286733672287934 1.6166651074613754 1.7842880933366956 2.0079634341598704 1.4109847574028218 1.6849662128728575 1.22976562450863 1.5364103111223577 
1.8541121040993853 2.070555035121706 1.4983211661615976 1.7590999902984055 1.329079553438337 1.617380263966347 1.7853386494354089 2.009203959797972 1.4123274108958763 1.6864563956615808 1.2313224021221452 1.5380576441953826 
1.8520165038314238 2.070210240363034 1.4957243684796908 1.7586917567623868 1.3261482430195992 1.6169336632354372 1.7860215859120994 2.011387186541659 1.41318765963476 1.6890543715890174 1.232305618482676 1.540903126800634 
1.8495445773170567 2.068810843253421 1.4927732980874657 1.757138378490132 1.3224020173468165 1.6149025534573072 1.7865730850997756 2.012711243592317 1.4140015432816648 1.6907286967703985 1.2327916857291543 1.5423807902340234 
1.8440993605681064 2.0632841641683046 1.4870014971235568 1.751460117418521 1.3159026306105248 1.608738270728865 1.7852779395062548 2.010884484933856 1.4133960245054107 1.6894162934421164 1.2321179338390054 1.5409586929401122 
1.8355884324300313 2.0540188199651284 1.4763822543199778 1.7404921661331716 1.303832622874171 1.5967429122970733 1.7829134561640787 2.007084654834205 1.4103545865387683 1.6848467227825026 1.2285662405303754 1.5358982475642518 
1.830957356430668 2.049673782524326 1.4707517542629622 1.7354735654476503 1.2970515349312766 1.5909432604488383 1.7818693631542073 2.005945213869905 1.4091714973513978 1.6836038971942242 1.226782894626258 1.534194917292969 
1.8274767996667236 2.0458751110368714 1.4665499491391796 1.7310985731494697 1.2918840401987053 1.585842958795142 1.7815895231394154 2.0049924552476828 1.4089565390600698 1.6825849296841244 1.226113432338187 1.5327386162030794 
1.8201708060245363 2.0386647761081296 1.4584654118298486 1.7234423877066531 1.2827579942857539 1.5775298343118618 1.780022845921931 2.002901305168083 1.408041521548285 1.6809857919221118 1.2251235206312914 1.5310323141736786 
1.8187360438531095 2.0374063873833466 1.4549581661375903 1.7205020358460665 1.2773714155289604 1.573182037575582 1.781710440394415 2.0044241276612245 1.4084014205511368 1.6813145308211845 1.2240788493436443 1.5302264602177222 
1.8131867689667218 2.033234386517201 1.4465140936596437 1.7142925171965195 1.2660299313823429 1.5650008301965783 1.7832108995337541 2.0065485101477063 1.4087575647413504 1.68255570118079 1.222712820009662 1.5301707262838287 
1.8045440326781303 2.025282730750018 1.437676419461017 1.7065475266379928 1.256522776663539 1.5569972581460283 1.7788042969574391 2.002382506034811 1.4052327380452856 1.6793064108953584 1.2192682433633093 1.5270907055162932 
1.810439800328804 2.0285950053804727 1.4416505729942328 1.7075894705269765 1.2588456929324578 1.5563411913377476 1.78304304844684 2.004182610905154 1.4070915452146673 1.6785148321818903 1.2191155485082619 1.5243845137807586 
1.820196704611172 2.0336988494556834 1.448610293860074 1.7091772144155708 1.263584395075125 1.5554615039522417 1.7912437290210872 2.007826950600417 1.4120587228431294 1.6783101035140584 1.2215087297098495 1.5214790644492515 
1.8179577039922161 2.0294974894255597 1.4488952776183135 1.7068061903990888 1.2646330841412656 1.5534434922405933 1.7873264180011021 2.002105284585366 1.4102705543563794 1.6741424319826106 1.2201894723708486 1.5174821892083776 
1.8149125136250783 2.021871764136613 1.4480299146471043 1.7002495793891261 1.2647746658250631 1.5471628724258155 1.783034470091058 1.9933062785314506 1.4078690007003138 1.6661791985356498 1.218589120554135 1.5096414949360992 
1.8135340962102173 2.0152456463709356 1.4472271936765873 1.6931555295415157 1.2643532663448969 1.5397721517214846 1.7812535595801653 1.9862460423162611 1.4065649204771922 1.6585336814840421 1.2175990750312724 1.5016179955691162 
1.819821414786984 2.0121654583153195 1.4489318109963973 1.6841802881037706 1.262598560159681 1.526831678357932 1.7884319037182546 1.983821696664622 1.4093055330329542 1.6502126939753252 1.2169198069870093 1.4892795797154073 
1.808270341958696 1.9939726192872909 1.4406564169181422 1.6678057706062237 1.2568620423926484 1.5118820623538793 1.7783106340477806 1.9668436358865489 1.4028677746556941 1.6352746466656358 1.2133627961856337 1.475918172537834 
1.804505009127284 1.981384879917443 1.4350290851287508 1.65195526257991 1.2499438956871063 1.4939904473474586 1.7767736935427256 1.9561626906945802 1.3999981804507675 1.6216172852018627 1.2095644556886829 1.4603745707404863 
1.8005161923697912 1.9688950612020466 1.4298601465128715 1.6368229108934815 1.244404756574729 1.4775765297357055 1.7755915300219842 1.9461280750571919 1.3983442927569056 1.609365081057064 1.208060396125049 1.4471002466055385 
1.794915797659879 1.9594786808457498 1.4235530291102612 1.6261418162906334 1.2380167255287788 1.4664649306031836 1.7732313229494339 1.9396348379756947 1.3961123990169988 1.6021747129102368 1.2063631363271177 1.4398423513319087 
1.7913370617778024 1.9514222257468345 1.4186734719796272 1.616104778267402 1.2331372556608329 1.455949080681989 1.772909327963145 1.934520023007963 1.3953327332141 1.5956546213447098 1.206211634655681 1.4332155252503822 
1.787694449215637 1.943305568611483 1.4136130663503361 1.6058913383527542 1.2285269386368376 1.445636028949334 1.7721706688342407 1.929034465403975 1.3939294591464806 1.5885919634432246 1.2058258061081626 1.4263943928368479 
1.7741488010563657 1.9301554124032967 1.3959405654574768 1.5895112487899354 1.209344515136088 1.4284292436203272 1.7603910862617262 1.9175173335148084 1.3784131712188985 1.5741406602745958 1.1890697896211726 1.4113053930066801 
1.7706157856687177 1.9219219208020002 1.3899685364997476 1.578200285660616 1.2031232374363194 1.416407121437636 1.7600062235001472 1.9121520640260936 1.3764280507019793 1.5662879007255501 1.1874540710104329 1.403121797977371 
1.7706005127205005 1.915678924278831 1.3894106144859049 1.5701150979868006 1.203652946511618 1.4083962442885525 1.7619851171806473 1.9077188258352171 1.378414753681235 1.5603931550881978 1.1909432367523232 1.3975497695774917 
1.7706116021481617 1.9115510729932592 1.3898588386097632 1.5654614815643597 1.2058695024179356 1.4046648411139506 1.7636329241374693 1.9050887512401307 1.3809573623764348 1.5575638977909316 1.195598972189956 1.395857786918739 
1.7739273556665984 1.9094511351648384 1.393722506951183 1.56257729433852 1.21110383930623 1.4021262011610403 1.7681263896119785 1.9040631040073988 1.3863315234251474 1.5559885819768378 1.2025910260941957 1.3947797497964654 
1.7801865024096042 1.9111046466798567 1.4015348939506784 1.5644670166421983 1.220512767062 1.4046025778708153 1.7753583147526415 1.9066080176484468 1.3953971554225484 1.558970881242283 1.21345975498215 1.3984783030713561 
1.7830945764402206 1.9117066325068106 1.4050524407759768 1.5650457953588868 1.2249426656503273 1.4055890275505605 1.7788327336684948 1.9077321286308857 1.3996399491192475 1.5601884397118606 1.2187305526532637 1.4001786101103424 
1.7820514089807538 1.9101458670086664 1.40473798419858 1.564045655743556 1.2251472010539346 1.4049682107614714 1.7781457364542115 1.9065026276064478 1.3997799255848364 1.5595941295959954 1.2194591834375967 1.4000109674821446 
1.7787136086967064 1.908414373316985 1.3994902761230104 1.5610241354581484 1.2185606444337762 1.401111474038686 1.7755705137399809 1.9054852315835094 1.3954933107911554 1.5574417802867817 1.2139681180586497 1.3971191467383373 
1.7735090242201081 1.9061245882444724 1.3929436570766818 1.558290319135096 1.211121746394705 1.3981389671667692 1.7707115834009106 1.903522050965042 1.3893801799328216 1.555105774958784 1.2070215976485923 1.394588765231586 
1.771024616091671 1.9041431616773594 1.3900031152492611 1.5560660814254164 1.2073957139242504 1.3953628199728736 1.7688037843702875 1.9020777631218577 1.3871724107704313 1.553537990060961 1.2041358091189922 1.3925430105252226 
1.7680456033106895 1.9016404348052394 1.3864662093921583 1.5532352164711758 1.2030202675708588 1.3919442704671263 1.7665798137492288 1.9002776971396207 1.384596523448712 1.5515665053893952 1.200864999550849 1.3900819526366999 
1.7665016847503343 1.899983602241285 1.3844924790788031 1.5512024081936469 1.2007400080890824 1.3896712034095582 1.7639087958128021 1.897573114930165 1.3811826317854456 1.5482489944791726 1.196922138130033 1.386373719927556 
1.766561815846887 1.9046341439783783 1.384782650529768 1.5570849567086085 1.2007178391313462 1.395927613599018 1.7645250636497771 1.902745194041559 1.3821834322000282 1.5547738142405956 1.1977192409944202 1.3933491857564813 
1.7656067529278003 1.905133257224872 1.3846689846978772 1.558676912956707 1.2006563489959357 1.3977629234545643 1.7644945582189393 1.904102562307044 1.3832505330504123 1.557416950910786 1.1990202285133684 1.3963577729880872 
1.762865952750455 1.9030125847210706 1.3823326336908819 1.557114010086214 1.198094893139425 1.3961346293272616 1.7622741132374298 1.9024643440618723 1.3815777911456055 1.556443935137649 1.1972238954292427 1.3953872530687566 
1.7621009850913567 1.900872682774922 1.3815417046401204 1.5546622000035666 1.1967936671205817 1.393065740056775 1.7618275577081683 1.9006192195071399 1.3811929420250921 1.5543522823221028 1.1963910494064764 1.392719863274711 
1.760068906124405 1.8973580101567442 1.3791362431268201 1.550529471343889 1.193629641013476 1.3881198018564394 1.7600571106148684 1.8973470681522555 1.3791211895355533 1.5505160817695378 1.1936122478535311 1.3881048456892442 
1.7605668322523855 1.8984919677541963 1.3798742868925415 1.5520081276936666 1.193998913076222 1.389355816638488 1.7605125541464337 1.8984416330525413 1.3798050333678304 1.5519465554287624 1.1939188778586256 1.389287035751504 
1.7616571633858102 1.8989419294987775 1.381389137972548 1.552668812338465 1.1952917717898588 1.389700295030745 1.7611875252364637 1.8985062521225837 1.3807901680735346 1.5521359407437674 1.1945994966718092 1.3891049088346565 
1.7608466062691916 1.896041848338198 1.3805553061032105 1.5492988327142474 1.193958397771769 1.3856155944018997 1.7600023029671665 1.8952577730455902 1.3794782669001093 1.5483391775349902 1.1927128704133823 1.3845424916158153 
1.7628529477091786 1.8968217846300004 1.3833013978330753 1.550420950789475 1.1967510180680605 1.3865407915553511 1.761233635832265 1.8953169358677033 1.3812371852751937 1.54857951987844 1.1943644351649707 1.3844814088267634 
1.757185881465831 1.8940726493043631 1.3771027695937765 1.5479731964226158 1.1895701467432889 1.3837941005954788 1.7570702281647281 1.893965354889801 1.376955192699766 1.5478419110241362 1.18939930162366 1.3836472373848943 
1.7520385455394896 1.8927835608479195 1.3697729301808128 1.545725856488184 1.1801999726555368 1.3805297963521577 1.75149606290626 1.8922814276782747 1.3690789873400766 1.545110939944485 1.1793944924308108 1.379841263311157 
1.7480649890183602 1.8922642108309717 1.3649325537299488 1.5453069319691024 1.1742557756433476 1.3797859487586326 1.7469218224728202 1.8912082094766192 1.3634681970004874 1.5440136534343731 1.1725533141958875 1.3783373724860544 
1.7455485783354898 1.8913811742293116 1.3619685387442142 1.5444549871812547 1.1705020639576207 1.3785709951355605 1.7437833920326944 1.8897522126535662 1.359705475288325 1.542459687132552 1.1678680408030053 1.376335230831882 
1.7450800568272764 1.894018100424674 1.3613444270779862 1.5476623692318328 1.1697483547910168 1.3821401425095394 1.7423384470579446 1.8914923801317016 1.3578282323240631 1.5445703831474595 1.165654353955876 1.378676986424409 
1.742059882794303 1.8957999652814905 1.3576429498367013 1.5499933071988732 1.1650270912048784 1.3844034803341474 1.7383895049905531 1.8924277910084972 1.352930085060311 1.5458669697555805 1.1595316119284114 1.3797820234302591 
1.7374372871132473 1.8958406978465887 1.3519518079618962 1.5502571773778182 1.1580613867370935 1.3844239958955638 1.7328320307091047 1.8916211226383153 1.3460283098996988 1.5450941188197695 1.1511406062907519 1.378640025681628 
1.727878687728838 1.892130274554987 1.3386183875576825 1.5448273055223778 1.1418868663346338 1.377859873821547 1.7222323144766303 1.886975453313458 1.3313221146768088 1.5385092750476124 1.13332475532282 1.3707724892948245 
1.7194251623468817 1.8884292686864395 1.3277753914392296 1.5403667433541923 1.1286271356438315 1.3724217373794398 1.7121995599437583 1.8818526900349029 1.3184050721502856 1.532297016962312 1.1175883211055848 1.3633583055791314 
1.7302163702494668 1.8973028590394418 1.3417521152132534 1.5512601940742372 1.1450746305281765 1.384667960385897 1.722529274375109 1.8902953610796487 1.3318247451820526 1.5426816272060933 1.1334259228900845 1.375050462244655 
1.7454361280441086 1.9136539469511225 1.3610907659232758 1.5710163031240667 1.1680157828906295 1.407048336298938 1.7373643594771966 1.9062945913949423 1.3507241441469868 1.562043490169723 1.1559189026837522 1.3970227847753987 
1.739206193254075 1.9229953481361648 1.3516987558821418 1.5811902013841757 1.157279633733062 1.4185799508499088 1.7304340521768897 1.9150652561292345 1.3403929845136202 1.5715362799608954 1.144054184439413 1.4078113876628964 
1.729402289868176 1.928585577100817 1.3386226548961775 1.5876147707177868 1.1427191011798525 1.4263299030032603 1.72011020217348 1.9202575753323539 1.326596185589756 1.5774877139367174 1.1286070049495929 1.4150490520195016 
1.7208832201433224 1.9336788080989176 1.3271921826814872 1.5934596842376811 1.1300998195605776 1.4334574558356625 1.7116307971904603 1.9254492102911598 1.3151729993772112 1.5834628804651059 1.1159599144641577 1.422336530575957 
1.7097074433542276 1.93495543414851 1.3133944316391972 1.5956058170302743 1.1153623645528166 1.437005982778377 1.7019624844810328 1.9281154760181893 1.3032964704091121 1.5873042178677814 1.103453651487388 1.4277825294003457 
1.7004901372958239 1.9363340807206721 1.3007969524258467 1.596807964834961 1.1017801213674032 1.4393201176112178 1.6956830444692104 1.9321138559671815 1.2945064664575339 1.5916877698909326 1.094346250553439 1.43363756968781 
1.6919307630591744 1.936306542814438 1.2890519566666039 1.5963421524679475 1.0892436398648375 1.4398281243766562 1.689407500689517 1.9341021235048579 1.2857382872832248 1.5936675513249305 1.085320092592964 1.4368622147394647 
1.6851400092316011 1.936296726762993 1.2807362057477254 1.59681977444954 1.0807828675145994 1.4414020154256342 1.6836213619317972 1.93497520751897 1.2787373727052322 1.595217048464904 1.0784134857989678 1.439626274320207 
1.6825147421826532 1.9380457775558242 1.2759381344179506 1.5978684867979467 1.0748468114396394 1.4423804097054147 1.6802522889322187 1.9360819540251801 1.2729532668805874 1.5954860068023033 1.0713018084844066 1.4397406513334128 
1.6788578128459508 1.938760925022446 1.2717839378423874 1.5992700688732626 1.0713875551610117 1.4450265263980069 1.6761184077665543 1.9363892391494768 1.2681655040466484 1.5963940974251596 1.0670898061802903 1.4418429259437 
1.6765751433582272 1.9384846007607746 1.268629428685406 1.598824244057695 1.0674751160222238 1.444410419301474 1.673145481488881 1.9355190875542043 1.2640934373006847 1.5952274302702607 1.062080370888503 1.4404280788316577 
1.675611327515331 1.9392621549800042 1.267178926157506 1.5996270864603692 1.066222238043125 1.4456466531409706 1.6722562028282897 1.9363639102032681 1.2627390537627676 1.5961122462839792 1.0609417269094896 1.4417564748381364 
1.6740856740463583 1.9380284287871656 1.2650517347710526 1.598044817390066 1.0635634721290732 1.44380005748277 1.6713297934899773 1.935648373374475 1.2614025234663397 1.5951575699432485 1.0592203235433362 1.4406037069740067 
1.675019022941271 1.9392749549084394 1.2652174877131321 1.5987100783866752 1.0631716019604407 1.4441026551928813 1.672736289334075 1.9373036202864873 1.262193827292437 1.5963182267878575 1.0595715273897888 1.441454281333657 
1.676931310492985 1.9415211313894372 1.2665698128850695 1.6005014134425875 1.0640614088067097 1.4455560747448437 1.6744688328278075 1.9393946363831474 1.2633076992212624 1.5979211577645875 1.0601763691536046 1.442698727119325 
1.6773306438496882 1.9415344579989327 1.2671944984086738 1.6005935960128073 1.0642357374178006 1.4452389655683966 1.6737041439863884 1.9384023123173397 1.2623903396324017 1.5967928270120735 1.0585108301747366 1.4410285008969148 
1.6790094517552008 1.9431536398399638 1.2694282410137643 1.602567124342472 1.0669092646909106 1.4474352172112228 1.6734155419570178 1.9383221881316066 1.2620201646817295 1.596705428375347 1.058084219740234 1.4409425890726182 
1.6802738875315832 1.9435675457880284 1.2713018657740183 1.603228898766642 1.0686977359012697 1.44784298825546 1.6722566573826219 1.936640595485001 1.2606864895605487 1.5948244081655194 1.0560477459662985 1.4385309554126737 
1.6816410252571028 1.9434180486523633 1.273054996859036 1.603005364628503 1.0707193059937605 1.4475486196421037 1.67062621175048 1.933894804116232 1.258469080505262 1.591446386337837 1.053335290298279 1.43473774878469 
1.6888060187011562 1.9598637363860911 1.2826650789669336 1.6230310536774242 1.0816467634127371 1.4693399256813413 1.6743476142668972 1.9474188121206106 1.2635679124610795 1.607981332541286 1.058930538515747 1.4526988613615863 
1.6924133963148482 1.9622987135056578 1.2874869065066097 1.6260306489811192 1.0867829796357504 1.4722263351217297 1.6762586029923783 1.9483829297922828 1.2661762651803103 1.6092095797334665 1.061450443923766 1.4536265620529778 
1.6930579896094433 1.9570099713645737 1.288458069857289 1.6197428405831493 1.0874138859608011 1.4648930442938042 1.6770093230630445 1.9431425427591178 1.2672959840701659 1.602960318623131 1.0622541470102014 1.4463148152046184 
1.693167031027825 1.9478549781232637 1.28902836266685 1.609011665774857 1.0872649927959515 1.4524013169229708 1.6774539253879912 1.9342120081934089 1.2683182552496752 1.5924684039062063 1.0626298703685966 1.4340525311994605 
1.6938534474676283 1.9379645975966562 1.28888727338661 1.5961822212823853 1.0865262562395674 1.437743574333744 1.6788621668910078 1.9248754389461076 1.2691213800964705 1.5802646479175473 1.0630042236124795 1.420051146775344 
1.7000972620040211 1.937057656063332 1.2954519590758933 1.5937557657663766 1.092373038972296 1.433576129444673 1.684508981078335 1.9233908001167026 1.2749257175747808 1.577116751535399 1.067950683942648 1.4150548844386108 
1.7032418106874607 1.932241538036562 1.3005782658778746 1.5887191448817815 1.098975207033307 1.428380622003078 1.6867520997389924 1.917721914567881 1.2789072702795539 1.5710278487709566 1.0732411126927164 1.408677103389524 
1.708751320193275 1.928548098820006 1.3059599466531353 1.5827185717815597 1.103834086383574 1.4205338381968449 1.6914211371986163 1.9132099096968582 1.283201375997649 1.563992476504366 1.0768119981511441 1.399639515933392 
1.7137021903724694 1.9234394501952485 1.3136254317298366 1.5774840399089305 1.1130026201619654 1.4147858331802028 1.6939044370941945 1.905821702911214 1.2876912749597242 1.5559540291690497 1.082271628200333 1.390739371157443 
1.720199859786301 1.9195032051051153 1.3213873668265526 1.5720908275315424 1.1213242478466299 1.4081097491349208 1.6975228524496542 1.8992074218970423 1.291727854537793 1.5472445983065541 1.0862156074135605 1.3803149432607074 
1.7226281361519236 1.910310166559936 1.3287614510747403 1.5644309607209421 1.1317637440129673 1.4009733792125567 1.6967246100832774 1.886984801068162 1.2950033594019166 1.5358616271859422 1.0919321770431758 1.3689971206186848 
1.7309807945224494 1.9046624452762146 1.3401695238310598 1.5580432831104434 1.144581021249946 1.3933808645325834 1.7009179386394777 1.8773828467911307 1.3011078647005287 1.5245741028318596 1.0985868364337747 1.355853073391645 
1.7412432544363265 1.9113005433787773 1.3549002584397163 1.5674490123509632 1.1616955838428626 1.4038085074254285 1.7085225560875719 1.8815395347055586 1.3125836978494019 1.5310185040880497 1.1120512052329288 1.3630112175107032 
1.7543864335334591 1.9195902079887392 1.372310433162355 1.5780338188411078 1.1813968053817694 1.415151306470884 1.7189450574658431 1.8872538035532611 1.3267012766204194 1.5385353703526774 1.1280951928743648 1.3709681151019706 
1.7671477148863506 1.9286476056729622 1.3890265066686271 1.5894229068652717 1.2000938905885863 1.4272686806863135 1.7290262238578253 1.8937798772370695 1.3401922521743102 1.5469278630330665 1.1432173821229497 1.3797885792497524 
1.7819778223473406 1.9410003390050632 1.4063651308738316 1.6030908389788054 1.218412049898461 1.4410292432902847 1.7422890896627257 1.904628212706556 1.3557246010741892 1.558854242909763 1.1595922714289577 1.3916506719136703 
1.789902765521538 1.952215990945072 1.414530300142648 1.615020537114513 1.2262593649068088 1.4529650358152635 1.7490461276769258 1.9148257680587155 1.3624633634493257 1.5696183555315761 1.165814083266131 1.4023258686987308 
1.789870234994272 1.956671224799519 1.4146090151410917 1.6205077875648883 1.225907416291479 1.4586897604214715 1.7492110235470304 1.9195483918720178 1.362799476261438 1.5754838102432056 1.1657412835181096 1.408502596354884 
1.7929463425007257 1.9639644691711533 1.4194238898534608 1.6301116612572069 1.231947828070138 1.4697602866340926 1.7512831718276543 1.926004308667748 1.3664188010733496 1.5841717675197757 1.170483494939903 1.4186371844156385 
1.7901499818890287 1.9675558265668829 1.4206448695072564 1.6385575419426959 1.2359428841403999 1.4812811299200734 1.7470152108145167 1.9283934037994659 1.365890564583155 1.5913189521328808 1.1725954127563734 1.4288523279252092 
1.7944050795570798 1.974745971242947 1.4258613180601576 1.6470617959688854 1.242342838004168 1.491022397061912 1.750380197002997 1.9348289059914963 1.3700444309803423 1.5989852420395412 1.1778611852252583 1.437737470145454 
1.7998343096673093 1.9856213837526024 1.4316717885938803 1.659208500344547 1.2489779014280438 1.5044050437350975 1.754746237851958 1.944845262897694 1.3745599031164848 1.6101874625693744 1.183079293731236 1.450160457541027 
1.8067555355986875 1.9964589768579017 1.440232134559044 1.6720500836627175 1.259195504048716 1.5188996669551613 1.7608490661031966 1.955012100846565 1.3822056538722811 1.622336386344244 1.1923913726610487 1.463994558205904 
1.8148510648367404 2.009996459792666 1.4446727413290006 1.6832945999969968 1.2622568167924664 1.5296057179479456 1.7714688505020488 1.97091432313509 1.3897830155456101 1.636428492522374 1.1990453587329588 1.4778738623911887 
1.8171442579192443 2.008716609750833 1.44713141866552 1.681403731139217 1.2662891895964683 1.5285344209041811 1.7736521301340014 1.969459581440777 1.392127137702904 1.6343032557419936 1.203044860480639 1.4765656438265384 
1.8155233777557478 1.993575802465921 1.4467384363379718 1.6647136234733109 1.2677152484598582 1.5117279173772111 1.7681656892434148 1.950545885032608 1.3868442135357668 1.6129340400703434 1.1989106391293889 1.4545123119512053 
1.8124484587165424 1.9772082455330724 1.4421807711601102 1.644465994602494 1.2645662568264149 1.4911441407871908 1.7641434526432282 1.9330248710774443 1.380984461427416 1.5910691730418167 1.1943033634315738 1.4320417433175507 
1.810106541839844 1.9642177136589007 1.4387802058728079 1.628420711809881 1.2618863612906668 1.4744567550970764 1.7608221149029788 1.9188955297700288 1.3762620783598591 1.5734557007337067 1.1901117663191971 1.4135174389343061 
1.8064016174462145 1.949047293693075 1.4363246111907644 1.6120567416354488 1.2621748111542632 1.4590352303670737 1.7557167411551045 1.9021671390054817 1.3720360273594494 1.5550502917630349 1.1885031449568402 1.3957930631409157 
1.8044173506806456 1.932125126651315 1.4332226863392024 1.5910099931293205 1.2602617513188916 1.43716568684246 1.7526439538700838 1.8838647400058637 1.367467046124827 1.5320416612603458 1.1849466382235783 1.3715990904915911 
1.8035560250182916 1.923675193357699 1.432638404964693 1.581190916220992 1.2607438056083322 1.427300549127541 1.751390675417618 1.8748549842853928 1.366384924514238 1.5214202825320098 1.184917678971742 1.360787206031781 
1.81057157880632 1.9334495395487337 1.4401663105284783 1.591897195795385 1.269547384693147 1.439377727346512 1.757270311506232 1.8836285800818615 1.3725554661656518 1.5310016942189222 1.1923003261348248 1.3717280152060796 
1.8122194449153226 1.9375286637284104 1.4421893164661843 1.5968055707471713 1.2717872198324687 1.4447562904411249 1.7576302768128456 1.8865688951663546 1.3729657308065633 1.5345725477178327 1.1927143857475688 1.3756618814989385 
1.8146043232830154 1.9397581022378565 1.4451558795083006 1.5994837170779233 1.275117320907143 1.4476867158323343 1.7581096189024763 1.8870140638578745 1.373548724318657 1.535092421711934 1.1933502269147185 1.3762112516606635 
1.8117131622161853 1.9378876258615643 1.4425991902629678 1.5981853121798393 1.2722900397894223 1.4463145624888696 1.7545001310878747 1.8845091080457452 1.3700578643208359 1.5330239462928719 1.1894066054917343 1.3739694106883786 
1.8124072741137105 1.9409132571190013 1.4426720750261615 1.601132992746165 1.2720402607072978 1.4492793275487958 1.7546521033128735 1.8870951613684697 1.3694110385345557 1.535451313738176 1.188305643031409 1.3763700249788537 
1.8117376426943552 1.9438449800834683 1.442070321016177 1.6049008789939958 1.2710554730442334 1.4531765330460371 1.7534134292732275 1.889602782225857 1.368076086610573 1.538756705719166 1.1864431649074894 1.379778027146287 
1.8119261853751578 1.9491232952197175 1.442093379378801 1.6110985176481825 1.2714130911895514 1.460306942792566 1.753758103664291 1.8951708642990928 1.3682924759597892 1.5453897302907673 1.1870476963324474 1.3874751717015228 
1.8109542762724629 1.954836693064032 1.440284020583968 1.6174823540767054 1.2681176637637062 1.4662719785051885 1.7531650714606197 1.901425484627131 1.3669127393471465 1.5525081458045624 1.1841261698778218 1.3942689453579322 
1.8069522190444107 1.956826581613588 1.436330830383279 1.6208455209888202 1.2637022223251486 1.470046684738114 1.7485750779619158 1.9030524826891981 1.362161787626389 1.5554994967114324 1.1787204028392482 1.397667963670027 
1.805655674619458 1.9633799135484324 1.4339440618397392 1.6280859443301665 1.2601292987965362 1.4772928346558274 1.7470694589641966 1.9096386998815904 1.3594318120617341 1.5628573579458396 1.1746425536500242 1.40508127824886 
1.806416757697769 1.9706467152210008 1.4333601544940895 1.6354902342145978 1.257707550462873 1.4839593175728638 1.7477190289549749 1.9169842925520595 1.358639626306888 1.570416698806823 1.1718398287186351 1.411919104584721 
1.8042866035448384 1.977361060097869 1.4318916061390157 1.644633754363375 1.2556843057597598 1.4937368208594743 1.745826441789495 1.9241664634618725 1.3574878963922183 1.5802784574597508 1.1701294342299786 1.4225714418303812 
1.8045568341895746 1.9858492360046622 1.4336447804879353 1.6560522868980616 1.2569888087888053 1.5057199891547897 1.7453220112747962 1.9321803081908013 1.3583301924938207 1.5912990706213272 1.1703608078880203 1.4341953287332585 
1.805203968219273 1.9946741731657855 1.4347290792601264 1.6668566888291896 1.257384815748389 1.5168982382132987 1.7456369589564178 1.9409307258876114 1.3590197042260315 1.6021542518417538 1.1702579204921493 1.4454989763727297 
1.8092332452242137 2.0042391845846494 1.4388640476516674 1.6774920330733436 1.2610382387638133 1.5276999748067486 1.7484361025397925 1.949532912793354 1.361629030486843 1.6117330393289515 1.172143894180463 1.455187644966978 
1.8101918589855195 2.0128864102421304 1.4411595908633612 1.6887445338290366 1.2637592200800951 1.5401313257438307 1.7480875982448507 1.9572244085279158 1.3623349996008507 1.6219968512107075 1.1730741882495967 1.4666356689162614 
1.810226250771889 2.017662418072867 1.4415371184203514 1.6947188020741524 1.2634327558614467 1.5460610864075357 1.7495671137008861 1.9634224302639636 1.3645861167927988 1.6297661870537288 1.1748737527682072 1.4745748164347747 
1.8079880914512352 2.0223599979008386 1.438785845228358 1.700359882704094 1.259791632782771 1.551835680833986 1.7506575397916864 1.9712739139727589 1.3660474337406738 1.6392695365648324 1.1760339454409812 1.4846463764511333 
1.8104960656118587 2.0294220605571476 1.4423537858639328 1.709105713487618 1.2626396174665278 1.5604219621230726 1.7529444678414716 1.9782497829182288 1.3694169369976479 1.648017185473507 1.1786335763654536 1.493263206409379 
1.811494278577048 2.036661972772453 1.444606257953142 1.718536502532716 1.2657875966043355 1.5712093144254775 1.7536757862550818 1.9854116029975697 1.3714060239394386 1.657478492324223 1.181560612790296 1.5041828185820298 
1.8142851555223287 2.0399594855066803 1.4474715438821864 1.7219111322332172 1.267770955318302 1.5738638035448558 1.7562022831862736 1.98847945335844 1.373968596536573 1.6606004279262003 1.183156384029043 1.5065401109922962 
1.812789798635898 2.0364826484844842 1.4466366157533754 1.7186658260343628 1.266878108595448 1.570361380567664 1.7546642712548688 1.9849184941348044 1.3730977200543228 1.65724230948838 1.1822097922189527 1.5028887904161037 
1.811262594024279 2.031976684391718 1.444916572163099 1.7134879520765705 1.2645721555180471 1.5644167596620664 1.7527377052005129 1.9799864960730313 1.3708395891684628 1.6515018136930881 1.1792200876984584 1.4962677155614765 
1.81082745994463 2.0283299398888532 1.4455728069141036 1.7101774748398246 1.265008502141199 1.5605360508009802 1.7522572595853385 1.9762165263779976 1.3714919446243643 1.6480341044800983 1.1796422866994554 1.492173642686909 
1.8118070887186197 2.02736540335753 1.4469392878524792 1.7091515013980008 1.266168898185009 1.5590860241600013 1.7529569262509106 1.9749489961239608 1.3725328270358563 1.646636545595609 1.1804222707535807 1.4902893307311302 
1.8124268803093877 2.0261066781263075 1.4477765271159841 1.7077101472873024 1.2671955446844105 1.5575627188489136 1.7532520354153365 1.9733498864540016 1.3729742807816976 1.644772157585366 1.1810106060861687 1.488288656937229 
1.813607537852691 2.0272449471625524 1.44935292173994 1.7091441326570733 1.2685502757699831 1.5587718167185662 1.7537808367912169 1.9739039991691845 1.3737535491841686 1.6455238036370363 1.1814375668210741 1.4887392312746044 
1.8065579495791244 2.0179114208625535 1.435012056112258 1.6933914132437102 1.2492155847520996 1.53910833096554 1.7526590301788678 1.9698041916209665 1.3665363705615488 1.635767871468177 1.1699152225984284 1.475471621322325 
1.8078540937881602 2.0153356541595273 1.4366868623421771 1.690358102570757 1.2511889771040223 1.5358109359314414 1.7534363169350091 1.9666673058874524 1.3675787485723117 1.6320272693942985 1.1711858731843592 1.4713659381834996 
1.8112945094813184 2.0149808027862623 1.4411475246057115 1.6900491185753064 1.2558947787442902 1.5351324147438128 1.755897553474339 1.9653335731669497 1.3708736651847864 1.6305380833998235 1.1745893382357808 1.4693603877256152 
1.8242515919961397 2.0267642157933543 1.4618062713302504 1.707851542266028 1.2823506848364257 1.5570172107014266 1.7615777274535602 1.9705419065273517 1.3828014296566409 1.6407373675821644 1.1915055593074042 1.483092988784065 
1.8296344319290125 2.0293813228716284 1.4683337596405663 1.710798184713849 1.2901267476105596 1.5605298536138938 1.766132971103875 1.9723214927440709 1.3884046768936642 1.6427093309347824 1.1983699520683087 1.485569567923428 
1.8350061082364386 2.0279599281211254 1.4748630667506188 1.708974873561645 1.2979200260667219 1.5588362476107107 1.770069080613816 1.969395491755031 1.3932401797769975 1.6390522417986075 1.204364366354734 1.4818460040588026 
1.837466112703361 2.0214810219176433 1.4784742011050445 1.701760785179045 1.303193727476157 1.5519077607812908 1.7705767359064672 1.9608788295999322 1.3944698726516827 1.6293096797027875 1.2070518438464852 1.472099847283872 
1.8440565730234117 2.018595325584316 1.4864301322668514 1.6981333817079416 1.3124982101743414 1.5481711777677718 1.775029453257283 1.9557382247864488 1.3998783709775824 1.6229115494970296 1.2136047408983082 1.4652709343636248 
1.8548558121939533 2.0244181759779005 1.4993386566182072 1.7046393385199374 1.3281825215043639 1.5562286713814553 1.7841892315586065 1.9598750167318553 1.4109775112345662 1.6274631806617592 1.2275626014218948 1.4712881456770084 
1.8640147643913796 2.0296372885589804 1.510292710526357 1.7105147040318158 1.3411946246048894 1.5632272714832767 1.7919488313646263 1.9636591087734778 1.4203920739813534 1.6316832183573655 1.2390853858508097 1.4765531059427053 
1.8668733634151113 2.0307833753477627 1.5133581966701901 1.7114666207638554 1.3457252274624452 1.5651969046700962 1.7942763934101262 1.9642537357757144 1.4228368326511829 1.6319710827428437 1.2430559153750285 1.477854177958316 
1.8690545452175573 2.030645589707473 1.51551512463532 1.7108310001278355 1.3491505820324172 1.5653638270377943 1.7966206338897508 1.964179808499825 1.4252252110169852 1.6313869927513858 1.2468713254054766 1.478122024772789 
1.8537815447947825 2.020608137324437 1.4963066703793477 1.6986126340698546 1.328248533905357 1.5526092221231103 1.7818576351161532 1.9548319264381093 1.406216294821579 1.6198134141381006 1.2258689912962681 1.4659829509996798 
1.837474781634431 2.0102119594914614 1.4757224829697824 1.6859405077530167 1.3057456262007925 1.5393538219923644 1.7679298197164106 1.9468472966266512 1.3881711425622203 1.6098626245684755 1.2059162137737844 1.4556347287635385 
1.8220508472211114 2.001529114077327 1.455286260726449 1.674546985097513 1.2829505802871637 1.5271580455536258 1.7566732798557532 1.9422024911937399 1.3725486595961434 1.603165408683449 1.1882735012442085 1.44853146959228 
1.80442927388781 1.9886387259789773 1.4327947535021508 1.658800706433202 1.2581156253950945 1.5104879691223263 1.743841464142681 1.9338309207537483 1.355698658722981 1.5926825896151717 1.1695610178452809 1.4375645907100278 
1.7892256447548478 1.9783760030611977 1.4134146241808878 1.6463244217007775 1.236375910412525 1.4970867020611731 1.733784623650931 1.9283807515240345 1.3425429651256604 1.585895587624986 1.1546887481951142 1.4303668434525458 
1.781759131368014 1.9902929008950667 1.4017666752399631 1.658779684271935 1.2229207420815544 1.510673813420124 1.7316301950281705 1.9455444897183154 1.3374705013320107 1.6048138742774192 1.1486568989621313 1.451210839496901 
1.7700220287610124 1.9953124868799998 1.387635665691557 1.665480915141104 1.2076376191139666 1.5187766646545666 1.724037398985083 1.9546352322362477 1.3284802262356976 1.616525177502426 1.139173204521266 1.464926458188004 
1.761123735994825 1.999140510115377 1.3765395321182643 1.6702895105892182 1.1945739966550295 1.5238152772512716 1.7187768484490273 1.961937771812442 1.3219296973607826 1.6255780788582166 1.1312135407447925 1.4746694682078318 
1.755114702737052 2.0045408959170103 1.3679500633297144 1.6760202741625085 1.184250079908703 1.5297728051589132 1.7164269203446356 1.970755681591143 1.3179457989173038 1.6354625377928318 1.126118113202949 1.485226780166507 
1.7566659930680164 2.013099347374997 1.370170064627614 1.6864339824617032 1.1864646142222868 1.5409061788446563 1.7160416388892317 1.9777493465051734 1.3176833842777407 1.6440751419572162 1.1254429243642876 1.4944281003787503 
1.7581934109393311 2.0182410138114033 1.3712529303780832 1.6918591308470337 1.187318932667411 1.5465377355339507 1.7161739018265252 1.9817430663106859 1.3169447179401572 1.6481492983557284 1.1241597034721003 1.498595261726955 
1.7547176691367103 2.0151800813477116 1.3695587648511363 1.6904460571874425 1.1873213559860574 1.5464956075788154 1.7120484888520446 1.9781371767550828 1.3144455637950816 1.646111722229257 1.1233022443583784 1.4979067374374715 
1.7576175595337147 2.0153370276162867 1.3715622292777132 1.6892444459228657 1.188271051562416 1.5441346901359512 1.7152667386564837 1.978510508953958 1.3168536167476057 1.6451344313584984 1.1246815509917685 1.4957514634595046 
1.7579652779409438 2.012920712558242 1.3727859231671848 1.6869940922972966 1.190580590823645 1.5423650734654166 1.7158731134107732 1.976266282140638 1.3184535690444241 1.643084809231094 1.1275020027148421 1.494211712819164 
1.7628129386884277 2.011667408098896 1.3799581028449124 1.6862919882414582 1.19935105553267 1.5419919774134139 1.7188298533965862 1.9732390551900525 1.323310611204841 1.6402582960397825 1.1337149388304495 1.491511269326293 
1.7709986521465964 2.0102768309874786 1.390526153765207 1.6847372779175571 1.211039579330527 1.539932977114608 1.7242697406163168 1.969234076920532 1.33050099466519 1.6355456606603986 1.1416158614897833 1.4859554120178236 
1.777450881523214 2.00550609362516 1.399659107149898 1.6798120941247119 1.221978558006502 1.534911936095244 1.7287998644341833 1.9625167582998242 1.337334270579966 1.628246297894655 1.150064750902161 1.4783003709015465 
1.7902486809343108 2.002869104077208 1.4148392568723274 1.6757877047129328 1.2387400962215762 1.5300233117397393 1.7376247812422105 1.9559739744861229 1.3476348405955672 1.619448662992143 1.1613899288296932 1.468101112071999 
1.801479798800711 2.000778908637096 1.4289716669994021 1.6732443936398083 1.2547978740367112 1.5271884233607356 1.7450115258436116 1.9500902546002965 1.3570909272878697 1.612291090556246 1.1722855729416146 1.4601507594378909 
1.8055168505986674 1.9935742766688505 1.4342242773693834 1.664766222805992 1.260388613799621 1.5175726528228328 1.746474610950795 1.9402630918243355 1.3591474337597558 1.6005402355129126 1.1742495163702347 1.4468272963611553 
1.805899281250967 1.985207912683898 1.4350256938545594 1.6550157052374939 1.2605123363231159 1.5062103414140933 1.745257875622614 1.930208096289817 1.3579217872995335 1.5886251360792323 1.17198301541565 1.432941879834196 
1.8070599344682539 1.9785735222023997 1.4366546023176239 1.6471988411726164 1.2619835838712048 1.4972942736684764 1.7456966917023158 1.922691997024071 1.3586639683970465 1.579637729044356 1.1724307649581744 1.4226318830324343 
1.809626523215771 1.9787990652226415 1.4399277471894205 1.6475100922683297 1.2657610203849698 1.4976810567427232 1.7496664379035223 1.9241180397589956 1.3638095202505371 1.5814151872693016 1.1784462020499704 1.4246519006852165 
1.8148650396321373 1.980448828785778 1.4467153077502706 1.6496750083088974 1.2731461704293658 1.4997811915872796 1.7567020198311833 1.9272894016828297 1.3730448121161085 1.5854634992452397 1.188767448107055 1.4288493612130566 
1.8174003658967857 1.9799444688429446 1.4494188944407238 1.6486513097989428 1.2745421504060859 1.4972286742183938 1.7606262192418272 1.9279628351246219 1.3775615142278657 1.585847324057953 1.1921905414327736 1.4277794986697945 
1.8231127733875654 1.9810946729495036 1.4577611290224814 1.651079473553257 1.2836804719590074 1.4996104403440582 1.7663501610408114 1.9289864722462156 1.3861169561797084 1.5881801330166865 1.201702234752395 1.4300643970496223 
1.8355144835812818 1.980432908658271 1.4733840705792431 1.6504125865057682 1.30100262084158 1.498535587063804 1.7798066718991308 1.928914947735296 1.4033741444592245 1.5882254486050333 1.2211495360260594 1.4297577681539835 
1.8349201226289715 1.9740745556206127 1.4727365801217542 1.6428607759480778 1.2998211155496437 1.4898232872219175 1.7800937657968245 1.9232192568058173 1.4038358141281053 1.581389733035067 1.2212030506957965 1.4217508170381756 
1.8358989707621438 1.9722655882120692 1.4731977618926455 1.6400055381752525 1.2994841208900936 1.4859224407907363 1.780621203722313 1.9209160290719371 1.403708832324389 1.5778799084675295 1.220141721582169 1.4170576348001869 
1.8324863874660162 1.9673874034486065 1.4701682995658185 1.6352374946925141 1.2957757590911516 1.4804194178840842 1.77723130223622 1.916026601237115 1.4006925324453794 1.5730691038375428 1.2163796937010458 1.4114483321213886 
1.828115759564722 1.9587151374839833 1.4646520618798513 1.6247348773904313 1.2894400390746754 1.4687455102259546 1.772237888154099 1.9066685321913979 1.394283172174469 1.5615964022912256 1.2089150161235074 1.3985825952187807 
1.829465142911485 1.9661490458376092 1.4655773176220148 1.6330083390014087 1.2896288453381228 1.4771397767469874 1.7725840926816816 1.9133357590731797 1.3939255828157184 1.5690213165372036 1.207581970397099 1.4060773721769866 
1.8301264601268294 1.9710645576074772 1.4655347212728738 1.6381467118229551 1.2891499751605164 1.4824440254715723 1.7729042421226138 1.9180516369316962 1.3934197540355024 1.5739603683499657 1.2065381262671977 1.4111934241401354 
1.8271131546338149 1.967751344757749 1.462856301841001 1.6351304029941862 1.2862241794632574 1.4792144924911768 1.7693623326204078 1.9142481393633193 1.3900536479200831 1.5703350021749911 1.2027772961342138 1.4072583625816297 
1.827600333134452 1.9690422621856445 1.4611767099407107 1.6346381343505845 1.2845044872141007 1.4788361066301972 1.7691511668800832 1.9149152210667604 1.3873753101713897 1.5690171139516482 1.1998852658788506 1.405961985216229 
1.8240327612937246 1.9652042183123897 1.4601102375755093 1.6330505231843901 1.2832394856272191 1.4770361142750743 1.7650357501174898 1.9105714602162387 1.3857047271308596 1.5668789666699883 1.1978978514017005 1.4035281856068336 
1.8241399173284598 1.9642931464501625 1.4597205457179399 1.631485580319691 1.2838743027224588 1.4762433242494544 1.764401786824951 1.908945989951282 1.3843450794332604 1.5644080114059373 1.1974808777392147 1.401756605032086 
1.8279219650741168 1.967508239627072 1.462286534985678 1.6334233600020602 1.286571066984028 1.4781931785123419 1.7674663135970712 1.911472503673652 1.3859727160735957 1.5654744751353884 1.1991261692167428 1.4027449990288399 
1.825223960675525 1.9681299156366812 1.4625087030934378 1.6373834507604044 1.2886707983903607 1.484171582002583 1.7634747980235073 1.9110039825871765 1.3846777831914723 1.5682555344917644 1.199613805882564 1.4075390372789132 
1.8286077706012762 1.970236148603352 1.4685069526234356 1.6415044235284197 1.2936251702496244 1.4871079932753268 1.7660359944189614 1.9123041693578378 1.3898163277150581 1.5715004064089102 1.2035542513669129 1.4094562563426258 
1.8366519873065557 1.978023089207282 1.4782570147566085 1.6506146190547084 1.300037307494335 1.4931114559325838 1.773431169839168 1.9194642307469862 1.3989322332969243 1.579967155455176 1.2090759250589354 1.4146198823419385 
1.8393362680469658 1.9816930059807294 1.4837287729746769 1.6569249635251861 1.3059858178988546 1.499849398957422 1.776312987013533 1.9233400871486404 1.4048419813747524 1.5866726995927483 1.2156187220641759 1.4218572855364 
1.8449710904979677 1.9873200350907905 1.4903730259144052 1.6633503399684806 1.3136841583779795 1.5070795151793617 1.7836444524941792 1.930520688833264 1.413747135987642 1.595055974445179 1.2260649559110888 1.4313482711112835 
1.8546205945085963 1.9987402998577428 1.4994086846405217 1.6743869446085093 1.3227755582771479 1.5182491278691452 1.7955265159711284 1.9440320743895712 1.4256662735561292 1.6086856623515422 1.2385608977984974 1.4454682058957298 
1.8604617997100854 2.010378664426304 1.5082298184893739 1.6896927092168237 1.3335193221624086 1.5357662741382525 1.802269016800902 1.9566496556922215 1.435831705361213 1.6253974751796834 1.2510512712596913 1.4647298554752306 
1.8561211687887298 2.019600181527433 1.500493690765023 1.6985524472401907 1.3241997276942932 1.5450255722238517 1.8010150598664187 1.9690744896691037 1.4317649138967052 1.638154409286756 1.245782634116257 1.4783685168000706 
1.8444848390619129 2.026166272601844 1.4856790032605462 1.7060092448252588 1.3074800954237316 1.5532963795197778 1.7910746450355581 1.9776687859167041 1.4188256282183693 1.6481175947089606 1.2309867028076502 1.4894810187408396 
1.836014659423328 2.0357549421817347 1.4718788486887635 1.714577411555792 1.2907950963717518 1.5618899883850206 1.7843259794379949 1.9892630685500998 1.4068748048413404 1.6591097225612776 1.2161502177351942 1.5007896944933223 
1.8182072962936926 2.0342711648832905 1.4521977871817666 1.7150101495546957 1.2712695126902163 1.564770773588138 1.7686478499960414 1.990099650086804 1.3896459470295373 1.6623769903591723 1.1993179807272214 1.506899140246493 
1.80724612172864 2.036951798227737 1.4375996295572735 1.7174768640954703 1.2552979428419413 1.568058356408718 1.7579620062854628 1.99335508611567 1.3751307450359802 1.665538546459736 1.1832433377556832 1.5109926803738032 
1.7991711545603715 2.0396918842663716 1.4265315458839667 1.7199762762149076 1.2438726540133036 1.5717968439789223 1.7485140486716426 1.9951510012382774 1.3620854548823653 1.6669141926752258 1.1694031445152266 1.5135487616003986 
1.7890162194583703 2.0389792006504432 1.414014332560006 1.719387588615528 1.2310227097357382 1.5723466726791266 1.7373374610262449 1.9937900091747676 1.3480352193786034 1.6655497890742026 1.1546338518704187 1.513286648023143 
1.7828980457659969 2.038274829402603 1.4049235317255562 1.7174542114933398 1.2207929957188526 1.570405800096335 1.730922977141447 1.9929709459438214 1.3383493718742538 1.6634355652613086 1.1435490586748827 1.511139731519296 
1.776681289056923 2.0355414599179675 1.3977481216889436 1.7147980766973614 1.2139547357644642 1.5686040713465492 1.724944156401873 1.9905438892084169 1.3313661222612547 1.661134667528485 1.1368913933639264 1.5097531826311776 
1.7701043332118844 2.0313429294522107 1.3895130162958136 1.7099213926480625 1.20581715631164 1.5643144699949207 1.7180919107706345 1.9861834156078058 1.3226174374532833 1.656019816438043 1.1280804394436994 1.505207701427112 
1.76641342888811 2.0266834231710313 1.3851451886918749 1.7046572939321998 1.2011700569678923 1.5588581724314277 1.7142163539810982 1.9813548405715342 1.3179334202668396 1.6505083448005498 1.1230008068813886 1.4994532697807725 
1.766262158668231 2.024783231228311 1.3851057985379167 1.7025225970492608 1.201903545690485 1.5571246749902077 1.7133960193555253 1.9788357788011008 1.3170277062929845 1.6476125453101405 1.1227715881439821 1.4968904968177732 
1.7675074272889264 2.0222398580983216 1.3869555809475371 1.6997109523920588 1.204336772469196 1.5542839507894046 1.7152325017680605 1.9767129466064413 1.3196915598432537 1.6452833650412684 1.1262180477694006 1.4945697137576153 
1.7719446309882174 2.0205405614755594 1.3916947159804733 1.6969415333970614 1.2093413536665196 1.5509038961096107 1.7208917745018046 1.9759212749570692 1.3260825414535742 1.643560553197834 1.1332198524328676 1.4923081515652088 
1.7751587585735256 2.0196306527581473 1.396852524406317 1.6967369655784303 1.2153093646229753 1.5507082920911657 1.7243266779355646 1.975100465206846 1.331657181499916 1.6434811238527505 1.139776612253603 1.4922500062859105 
1.7813796031840716 2.021039512439141 1.4016204532755079 1.695826440187863 1.218967505489888 1.5482794320277717 1.7314111893597777 1.9771373565941845 1.3375392745785972 1.643258571022905 1.1447065979718296 1.49051689545615 
1.7831446254574865 2.019724305566955 1.4025005982522503 1.693130072764027 1.2196021568109496 1.5450278107846214 1.7334667716509364 1.9760031790505599 1.3387719078386429 1.640729025896086 1.1457450475642126 1.4874183100990521 
1.779032643955723 2.0143885661113377 1.4000431915694924 1.6890604149289896 1.217580686550214 1.5412030610143785 1.730436262697962 1.9716018376640074 1.3377493970322283 1.6377965674283514 1.1454061459849472 1.4848432194275902 
1.7670561010844845 2.007553062441912 1.3847358201403976 1.6808555338636035 1.19927929973793 1.5316830197269602 1.7198218032865789 1.9661050503978417 1.323930912948217 1.6311269406149538 1.12852585679722 1.476940297913189 
1.7599254008301972 2.003251774192982 1.3748901058947693 1.675112849215637 1.1864378070878094 1.5242424099884275 1.7136899508217145 1.962756607903112 1.315187680275074 1.6264682255326508 1.1167051988539005 1.470615774248097 
1.7562515215407186 1.9984217857384585 1.3711818005334266 1.6701526148571242 1.182074605646399 1.5187398065877147 1.7108515534826771 1.9586432204089874 1.3125292991983417 1.622345027438396 1.1135052781437949 1.466002807382745 
1.7528034208385719 1.994864150849225 1.366890254593762 1.665998834436387 1.1760182073860082 1.5133347192023978 1.7087569537600718 1.9562754088479977 1.3099310909446342 1.6195933474991184 1.1093012751382736 1.462091812186704 
1.7597404030807526 1.997215781740874 1.3711754133716116 1.665024506376651 1.177472132254012 1.5095115815504065 1.7170829472319649 1.9597342779761775 1.3159823614603692 1.6198747384519612 1.1127120848066718 1.4595591033852688 
1.7538218230692364 1.9889737787195436 1.3696117015686964 1.6601090079973362 1.1783884924225543 1.5062287822352551 1.7118089874381137 1.9520286152702528 1.3153840638664818 1.6156611466622264 1.1148984085888274 1.4570944261899774 
1.7494769851484473 1.9854302339201195 1.3631416278450672 1.6551189050228687 1.1704238520997854 1.500385112484158 1.70802773954175 1.9490054518251354 1.3095205745020198 1.6112441240371058 1.107511187773785 1.4518417693550838 
1.745734109667867 1.9818904852331924 1.3598100791132046 1.6520852777801331 1.166419564675533 1.4969425221623776 1.704990959406489 1.9460977584535313 1.3070922083991856 1.6089724531693697 1.1045094797501105 1.4492216892725074 
1.7437889367663306 1.9797959207222975 1.357776213662859 1.6499540230287177 1.1639753935494728 1.4945336224082246 1.7042850737739417 1.945091166091875 1.306653742614565 1.6081467702945058 1.1039141603805298 1.4482467003962585 
1.744963858033458 1.9808424194375005 1.3563549046776107 1.648798487457764 1.1613569257739027 1.4925105473138238 1.7063211566299616 1.9468871858335837 1.3062663017788563 1.6078462227349386 1.1024440723968767 1.4471422727441177 
1.7406089688761803 1.97577235600972 1.3544049445170376 1.6457124821706253 1.1608755337813783 1.4904995220301818 1.703437880232854 1.943105100619161 1.306290083791575 1.6063469747387082 1.1043609166446446 1.4469173626894523 
1.735710969904759 1.972419212441341 1.348991199321819 1.642413539401 1.1555899015860773 1.4876602432033061 1.7011183255281568 1.9420475112642637 1.3041810619111596 1.6058123242794347 1.1029501380605198 1.4471502982094568 
1.7322731286331554 1.9704002676675874 1.3451186071809802 1.6404423458398347 1.1517135158469314 1.4859848738208945 1.7000292278088929 1.9421138993489802 1.3033315965649341 1.6063562099498665 1.102621061745376 1.4482680098809404 
1.7278387619651001 1.966633576157259 1.33958238856335 1.6360628995454576 1.146076107485489 1.4817932648210714 1.6982807669372841 1.9407159500733457 1.3012347027915794 1.604815437135713 1.101009182590722 1.4472187311077374 
1.723422825220294 1.9628303853798217 1.3342118740628492 1.6317592384203927 1.1408077556233127 1.4778224597597305 1.6963370750974878 1.9390916326028278 1.299036012876587 1.6031255253504948 1.0994614923453663 1.446143997128329 
1.7192051410335127 1.9591294935241161 1.3284690407217097 1.6270685442218036 1.1350088930735565 1.4733523824245371 1.6947714840225687 1.9377235196219453 1.2966935097609071 1.6012295630845876 1.0976471443301166 1.444766870085295 
1.7121701705579326 1.9529224243242178 1.3214513633684668 1.6212997897453696 1.1292441005151987 1.4688674348042372 1.6902692950794498 1.9337501370053938 1.29294907196238 1.5981541243473294 1.095753546874652 1.4432793000553912 
1.7064314300510581 1.948289242562844 1.3141418306507482 1.6158253303764303 1.1227599906774821 1.4644154956453104 1.686902178226734 1.9312073182665035 1.2886812967161818 1.5951872089902488 1.0928498204721908 1.4416114168964187 
1.7016396772524112 1.944285453270607 1.3089591043266746 1.6118443688519342 1.1172704070186814 1.46046619098139 1.6837069859092735 1.9286102631168616 1.2855604069819861 1.5929010931629402 1.0897636374919517 1.4395322567416438 
1.6951638483519078 1.9388589021997578 1.301380821419791 1.605984250308592 1.1100289779817687 1.45525176579149 1.6797760383810842 1.9254196708767806 1.2812724568643665 1.5897334614957472 1.0863845536085508 1.4372977312301198 
1.6894533444270812 1.9343409542569918 1.2963079549998333 1.6024470782262514 1.1055598153857844 1.4524754144961798 1.675976978921802 1.9225818989566739 1.2786948600334052 1.5882326244589768 1.0848542465584259 1.4367780136805581 
1.6869814689420808 1.9321425148870308 1.2934996554131664 1.6001279885790323 1.102752338720703 1.4502865033620012 1.675024364077723 1.92171143555269 1.2778659954212648 1.5875168419686074 1.0843721059922098 1.4363603606107975 
1.6863436645732623 1.932029601394963 1.2926347260716695 1.5999649873251538 1.0997454410209575 1.4485936147403038 1.6757861109599816 1.9228214985552816 1.2788309777630429 1.5888335643818643 1.0834870417713263 1.4362895234967006 
1.6848388727012948 1.9310047941124768 1.2897843404869551 1.598011618507628 1.096003313391602 1.4461399485822144 1.6753905819615227 1.922766519899223 1.2774174024669345 1.588046821742158 1.0814225992300004 1.4351210144253932 
1.6860820191437456 1.9331380324022 1.2903101763838996 1.5997032313275639 1.0933682852908484 1.4455463618714721 1.6778561890936452 1.9259676706320512 1.2795425617304999 1.591030874722376 1.080640098867264 1.4359432789354352 
1.685279034851641 1.9327582275159196 1.2885250847812315 1.5986512549116143 1.0903918758457805 1.443725522261929 1.677953835500393 1.926374318451759 1.278929451873902 1.5909272401937429 1.079035723074301 1.4351679457089612 
1.6832470559653445 1.9313976084628457 1.28704323043789 1.597953800200744 1.0880657253199366 1.4425197028727197 1.6768145799628533 1.9257941754341246 1.2786190836899 1.591176555802655 1.0780878938082923 1.4350085635061554 
1.6834131690533047 1.9327428328006007 1.2864244458739464 1.5989067561750092 1.0863438369789236 1.442829820922097 1.6778780129979922 1.9279236464398921 1.2791726168512558 1.5930780092958696 1.07774656617504 1.4363678570972307 
1.682675065139375 1.9319967905878623 1.2857422188144092 1.5982331736144761 1.0852162971692787 1.4418427915836733 1.677673600138537 1.9276423248626287 1.2791897384679882 1.5929666069952 1.077445008063892 1.4360027748586701 
1.683028820251932 1.9336289811901892 1.287580536432036 1.6013115452336593 1.0877142941961413 1.445495559626044 1.6788631488833776 1.9300042745493102 1.2821306878312406 1.5969327248756002 1.081257531154632 1.440643215990208 
1.6858227321506047 1.9367728311228785 1.291014113724451 1.6049324462343362 1.0915208286770024 1.4493130905969662 1.6817236103699473 1.9332058909530898 1.2856568201801482 1.6006261819724585 1.0851791266310507 1.444542990712194 
1.688474861870857 1.940341688448148 1.2942815301045634 1.609081473366035 1.0945062810097574 1.4532455084843063 1.6846958162142533 1.937054078215115 1.289347630846627 1.6051155166933657 1.0886673657136094 1.4488530435933833 
1.6897913145194023 1.9423678232212378 1.2959337298740279 1.6114720929278328 1.0957363267799465 1.455347440264767 1.6860985868641283 1.9391561357160514 1.2911150182014033 1.6075994725942186 1.090032960889353 1.4510582103710414 
1.6960948336254107 1.9493166049954045 1.3035251435437714 1.6193441084929447 1.1039756496638908 1.463509404449049 1.6921391743739076 1.9458757738639971 1.2983740218638116 1.6152004960718684 1.0978886718838161 1.458923259705873 
1.7008372085005254 1.9546026918327568 1.3090332974450498 1.6251746512051741 1.1103382988170138 1.469855642884654 1.6967269638571374 1.9510271302521291 1.3036883653235003 1.6208725511217281 1.104031846406552 1.4650975363366971 
1.7026246102140923 1.9565298990270221 1.311025356469771 1.6272265262669148 1.1122978051343488 1.4718305234593723 1.6986042441389018 1.9530322733346444 1.3057998698907463 1.6230194030530534 1.106133907900255 1.4671778708413952 
1.7084182014314175 1.9628642416586433 1.3184979686681961 1.6348027934837157 1.119780833816225 1.4792066779129143 1.7042725055876948 1.9592570156827716 1.3131218205871684 1.6304699310021513 1.1134456152422352 1.4744166366065463 
1.7150893327619208 1.9699909533380426 1.3259412248488733 1.6423924831275045 1.1271366040341917 1.486529468605897 1.7109523619884135 1.9663903279546842 1.320585740265936 1.6380719258548235 1.1208316063502717 1.4817545095844082 
1.7194090188547255 1.9751110604163427 1.3323703707749472 1.6492140951916976 1.1344400185637715 1.4938709725337627 1.71539474687285 1.971617474171643 1.327185958484707 1.6450285393448254 1.1283465421575811 1.4892488865394427 
1.7249104268078095 1.9812775642928728 1.3394122429298232 1.6565536401729644 1.1420255393424001 1.501455007241409 1.7209336085713183 1.9778162936355588 1.3342869485647755 1.6524123176042653 1.1360100515005578 1.4968846459798761 
1.7320129621329454 1.9892209252811865 1.348220467503939 1.6657819237753002 1.1519617862570528 1.5113394541189415 1.727748491533574 1.985508962099275 1.3427376430250773 1.6613474551027971 1.145540006283735 1.506450428848072 
1.740015562019656 1.9967681896531153 1.3581390606526933 1.6745061227748854 1.1631497152433043 1.520640097857011 1.7352965071740853 1.9926572748344307 1.3520878373133087 1.669601918707145 1.1560783156043453 1.5152379743626345 
1.7489177760622712 2.0057882149984327 1.3683040183477502 1.6842591435484624 1.1741798439023727 1.5307420690065978 1.7440344677060142 2.001531713600012 1.362056799016326 1.67918780955157 1.1668938010575771 1.5251603584366464 
1.7579033302050628 2.0148186139665403 1.3809903651894353 1.6959965558886168 1.1885760973307724 1.5433674442549479 1.7533504031271243 2.0108474743217224 1.3751901346890363 1.691276983638709 1.1818319072296406 1.5381796337834048 
1.7666530442561832 2.02359463459944 1.3916722004766926 1.706055034276339 1.2022229279046543 1.5553817006701731 1.7623326077275083 2.0198238751583366 1.3861835214211862 1.7015807419748379 1.1958650466752676 1.5504726622097018 
1.7780157225516904 2.0341915643422106 1.406770222048011 1.7191852338945357 1.2187425838301582 1.569053503371064 1.7734852243650099 2.0302328073009286 1.4010397528410854 1.714499285459463 1.212123515587834 1.5639177816755616 
1.7901393370485128 2.0450797353767136 1.42210365629531 1.732088648784608 1.2370271995588817 1.5836630230097848 1.7849094048854381 2.0405033353681366 1.4155145872962558 1.7266828964371221 1.229446635705873 1.5777488101876322 
1.8032321910237765 2.0561928435690096 1.4387231885058398 1.7453386743965797 1.256296148025779 1.598299936415068 1.797177769038002 2.050885323153006 1.4311275316771772 1.7390827142848642 1.2475903215095931 1.5914660805447318 
1.816686166113787 2.066759403643591 1.4544322446058495 1.7568491570277767 1.274641503384073 1.6111662758850218 1.8098949364063126 2.060792441569313 1.4459405965769168 1.749825709957769 1.2649434836502418 1.6035048560042497 
1.834090226325303 2.079892768462355 1.4741369937363353 1.77063458858738 1.2964701285806781 1.625700391924047 1.8265354739237891 2.073233900818236 1.4647268535471043 1.7628079094166784 1.2857603483938989 1.6171724223168042 
1.8465229281259983 2.086512512038931 1.4918590461886843 1.7803176549411093 1.3186296763288057 1.637886370324575 1.837699244037231 2.0787077837769816 1.480923698620226 1.771164176448646 1.3062449275442223 1.627932231247668 
1.8616142077400892 2.0938491946794446 1.5100082505932741 1.7884971088765451 1.3401656820183692 1.6476167779128008 1.851106818759998 2.0845127598697397 1.497035040625222 1.7775575671296162 1.3255312336040068 1.6357353217619774 
1.8759834482832438 2.1030280354366866 1.5270564055832023 1.7986979416880116 1.3607303015045598 1.6598192591462149 1.8631072173046537 2.091550028752047 1.5112100683798697 1.7852643754841158 1.3429227670914996 1.6452521320371203 
1.883865062242474 2.106410759262742 1.5357294998592166 1.801800158379902 1.3714228453463357 1.6639769634035924 1.8691709567446846 2.0932794317858856 1.5176684715503053 1.786431163951704 1.351167315153027 1.647322623998663 
1.8899734822040466 2.10761349175661 1.5413548539627369 1.8016130697334793 1.377719321282274 1.6637744424754488 1.873923318141511 2.0932327795719448 1.521631895260641 1.7847684701031925 1.355617706831277 1.645519442083408 
1.8913371222254403 2.104229213633346 1.5428288359724192 1.7974830432323998 1.3807130057720214 1.660419488535355 1.8746770210540293 2.0892674330654777 1.5223595634632476 1.7799446941037267 1.357801983968211 1.6414172843210864 
1.8956745165192286 2.102977305008404 1.5465957605594327 1.7946838494231818 1.3847573869022725 1.6572521514182474 1.8787426495931823 2.087727380718184 1.5257950443622532 1.776789855385383 1.3614863537327173 1.6378573699197405 
1.9005920727265597 2.100395978788533 1.5510030740495133 1.7902579636775924 1.3899601305472904 1.6526954363436235 1.8838115638330284 2.0852239804949106 1.530394170412002 1.7724331743766928 1.3669253621288326 1.6333701314861369 
1.9037650833003767 2.0954595544638153 1.5543303217764526 1.7839764575783197 1.3940915056027312 1.6462443251211802 1.8875468021836415 2.080735971341316 1.5344230796079972 1.7666588349858867 1.3718609856810164 1.6274617709899333 
1.9132673545460497 2.0940727347854087 1.5629436428648475 1.7797026379065803 1.4029319340479922 1.6409651611693772 1.8975892546311595 2.079758069558005 1.5437117088665357 1.7628370567615261 1.3814742201328405 1.6226582109278713 
1.9255066984210703 2.1003752698183273 1.5784726800500573 1.7876174730809749 1.4203302283850787 1.6496478976025188 1.9107082764368846 2.0868172766307094 1.5603865141830757 1.7716676612853808 1.4002028530339488 1.632350531609069 
1.9373031102790834 2.1061705836652953 1.5932797441431967 1.7948123939557055 1.437254099001638 1.6578632427003772 1.9234365722885198 2.0934228989903136 1.5763899421199725 1.7798360699842586 1.4185077552191987 1.6416380350177715 
1.948837414972642 2.1114100462954255 1.6069171764584664 1.8006298691283698 1.4519505342804382 1.6638045160406465 1.9358211065584676 2.0994019315503283 1.5911061870903682 1.7865340780956993 1.4344324454631001 1.648539218276972 
1.9621243275980245 2.1201787943831527 1.6204229707554754 1.8085897399222413 1.465024713563563 1.6707853406563034 1.9501334736248184 2.1090867237152673 1.6058827143200713 1.7955738735434974 1.448925843289435 1.6566871589265124 
1.9724827769939692 2.124278468642433 1.6337496244950878 1.8141137071137081 1.4796450133521348 1.6766693389985516 1.9614950909390114 2.114079870434852 1.620466760466823 1.8021607110848468 1.464965546276717 1.6637291722446417 
1.9766184496195034 2.1191355677672465 1.6402574092428936 1.8094638509172294 1.4875180408237776 1.6722514706156517 1.9668232746528624 2.1100020978464 1.6284402558633244 1.7987586625548768 1.474477270125318 1.6606620003228258 
1.981349519563623 2.1225492862769997 1.6448318870556347 1.812440755080011 1.491321439085149 1.6743682954102421 1.9724675836816685 2.1142606089777582 1.6341219008002432 1.8027268069996076 1.4795006200319756 1.6638484422191224 
1.987164239798364 2.127350773129201 1.652617532260084 1.8187754957480073 1.4993130760229532 1.6806960748253712 1.9793390274870573 2.1200430612922485 1.643199920196386 1.8102225205022198 1.4889261129194455 1.6714366771533433 
1.9968354435646645 2.1339417006272896 1.6641258477278964 1.8263817317516318 1.511388833317254 1.6883872773970106 1.989550742960855 2.1271265951550906 1.6553776630171406 1.8184143092860026 1.5017511696736214 1.6797654504769675 
2.0097769410721082 2.148749876105909 1.679551435135334 1.8435877251883512 1.5277921238392218 1.7064792559141055 2.0015252893893596 2.1410339000737846 1.669668576234565 1.834588736383487 1.516920863085863 1.6967532472534594 
2.017138024895691 2.1612928760998797 1.6883730018808314 1.8582100199600935 1.5370348907816276 1.7218644953305966 2.008039250916199 2.152803455501707 1.6774919419240408 1.848329056207279 1.5250744497302713 1.7111964124612027 
2.0225320256599253 2.1718373895897547 1.6947412993197637 1.8703983328745883 1.5439480653247506 1.7349401950557373 2.012848754243607 2.162822683314571 1.683173307850395 1.8599231802039673 1.5312413072602373 1.7236420141839313 
2.0254966722950325 2.1786192630834442 1.6990228172329676 1.878942164484647 1.5489952283587738 1.7444573200506366 2.015999366388355 2.1697922871275606 1.6876893106488082 1.868700172119179 1.5365555288626083 1.733420900208097 
2.0266437564432507 2.1846720956542676 1.6996981634191437 1.8853331527160948 1.548976661518956 1.750667286474049 2.01743741357456 2.1761344093806363 1.6887103507974393 1.8754332563145002 1.5369116760863033 1.740001364967973 
2.0239365153861053 2.187737272003485 1.6975005102541945 1.8898103966570958 1.5472281494056557 1.7560724071954579 2.015173921355983 2.179633291706027 1.6870432410917184 1.8804228913500416 1.5357479810545902 1.7459659831489416 
2.0207917061237257 2.1887184300266767 1.6934188619294515 1.8906498058441281 1.5428550432034889 1.757068846328578 2.0126398955050155 2.181194304819825 1.683682770410875 1.8819343553318855 1.532162495879089 1.7476873748409465 
2.0193960894395158 2.1906591026546347 1.6905033645762464 1.8917791529783834 1.5387520805001724 1.7574938700443907 2.012419166367586 2.184229300958031 1.6821628817577712 1.8843297744194378 1.5295843554258814 1.7494727886890982 
