1.7772150605248316 1.996668141879436 1.3885188101557284 1.6601731185621214 1.1923934254080235 1.499997459463275 1.7437563103588416 1.9669459492716823 1.3454282532771042 1.6243052306005419 1.141925908067717 1.46020035507333 
1.781787718873093 2.002906167214775 1.3940667444304737 1.6674194815543508 1.198500388288206 1.5077363231901593 1.7454746788100308 1.970671838208224 1.3473442274218492 1.6285582908532872 1.1438171007494948 1.4646443935327715 
1.7878353396043776 2.009343606439252 1.4012353372429271 1.6746841485899062 1.2067879926226892 1.5157320958330003 1.7481516557891366 1.974117711495011 1.3502368238343596 1.6322518211471841 1.1471775229833872 1.4687146749584479 
1.7948697154227213 2.0151453960798067 1.4097192518163466 1.6812382463356108 1.2160719397065456 1.5225257418321834 1.7520831359218205 1.9771315047769686 1.3548233791832942 1.6354815990348655 1.1519848012806593 1.47184328458625 
1.7992970555100012 2.01798037576359 1.4150850002621609 1.6844110130745882 1.22197902681141 1.5257809950864378 1.754529418518527 1.9781679361082973 1.357707311774876 1.6365036044711176 1.1550481931274383 1.4727223877727127 
1.8029962429108164 2.0183866155795127 1.4199580930261708 1.6850430451328295 1.2272298073101549 1.5261658094553552 1.7557759812204174 1.9763194008637672 1.3594980067034006 1.6344185229709431 1.1567397478389507 1.4700802434664983 
1.8028701346419214 2.016831984649138 1.4201124944115449 1.683445879350976 1.2283606112147116 1.5251689490360667 1.7538327120463286 1.9731192852343673 1.357316453979609 1.630821415165922 1.155187539165732 1.4668772213664578 
1.8016155162109617 2.016701144753999 1.4197338426099766 1.6843126855937676 1.228737717925225 1.526781391834499 1.7508427424677782 1.9714754241055328 1.3547235970677156 1.629889893045567 1.1530083347713016 1.4665242101827334 
1.7979636001883577 2.0133561343195794 1.4168426523796778 1.6817767145499074 1.2262356280920401 1.5246585295082569 1.7484667547089021 1.9692805306309917 1.3534792153270327 1.6287528364740553 1.15243945625021 1.4659626585702243 
1.8008226939287555 2.0138029908431507 1.4159292498457752 1.6784801909849338 1.2228715493332978 1.5191625775830644 1.7509199942284115 1.9693046836761496 1.3518927811734258 1.624824360584497 1.1481172751025133 1.4596620801914462 
1.792615041697079 2.005663473935401 1.4117782956677793 1.6740176937770461 1.2200220098500765 1.5158070416377607 1.742022834574398 1.9605766598474592 1.3469568755452492 1.6197253185459008 1.1443900440752794 1.4556255892016394 
1.7882588349985022 2.000572771340798 1.4063227748103209 1.6679824637657916 1.2126152864574156 1.5082631021907948 1.7384149001519171 1.9561462413506308 1.3423712046487737 1.6144293739740365 1.1378279909855444 1.4488182389624311 
1.7860640373483534 1.9968211871294586 1.4035844383253542 1.6635261895651356 1.2095006430379027 1.5033834884583175 1.7343794296949846 1.9507286110602622 1.3371972689730935 1.6079075359015829 1.1317857863346314 1.4415995192872046 
1.7827008964022117 1.9930194264063885 1.4004883715451728 1.659961332933165 1.2066891860099063 1.5000675783554718 1.7300833637814246 1.9460967071636623 1.3328666994239333 1.6033207996010188 1.1275037699419235 1.43713906746468 
1.7859461396435727 1.9943900485832202 1.4042062563981759 1.661259541037396 1.2117088459311418 1.5020740259680212 1.72523161685838 1.9402093144781518 1.3261280966059725 1.5958081904752148 1.120294088803373 1.4293519152356355 
1.7838872147288938 1.9900312680893257 1.4022235272855785 1.6565632114631816 1.2101485719006613 1.497474680645122 1.7201305161159166 1.933085576370899 1.3201614363679959 1.5877018206115436 1.1140264645299993 1.4209242825616044 
1.7808278086245313 1.9863247245529745 1.399201739553825 1.65284716031775 1.2076567608267053 1.4941797346271464 1.7154227516476659 1.9279038991273527 1.3149498244687703 1.5821603168675575 1.108946520293224 1.4155919653171425 
1.7754462121826529 1.981691592093414 1.392939351857693 1.647778004396748 1.2010838203696401 1.4891254673041254 1.7107031055661674 1.9239016163031128 1.3094181536062992 1.57780487222398 1.1031310922069641 1.411308088410794 
1.7689164248101181 1.9752193226988768 1.3853590667992939 1.6406236005747967 1.192556988140613 1.4814243904982158 1.7053567179341131 1.918506604159342 1.3032252151500945 1.5718848609879192 1.096069517595946 1.40491794856604 
1.7599392113165158 1.9652496925453007 1.3753510449079536 1.6298499388745578 1.1814187428382028 1.469887945541904 1.6989587916160296 1.9108326201238557 1.2964048151751828 1.5638049019393052 1.088496758841936 1.396297074597451 
1.748421249072151 1.9521477562692378 1.3607931759848813 1.6142063269319136 1.1646864605579563 1.4527210845537486 1.6923324692586326 1.9020760196708806 1.2879326030918778 1.5532785932365836 1.078659758082696 1.3847060597134035 
1.7413904830751028 1.9446219856425928 1.3520901065182527 1.6053851589710617 1.1542879093815979 1.4427385176269956 1.687776682391524 1.8967614457607842 1.2823014353982998 1.5470652293050027 1.071694869272285 1.377549906654761 
1.7362449139266212 1.938779826678641 1.3458218838821354 1.598611071629388 1.1467453968235757 1.4350420970605915 1.6852698921288722 1.8932658092608288 1.2793845205082246 1.5430960976284207 1.067994950042396 1.372928996166976 
1.7257236323155745 1.9277215727984318 1.3337762779163753 1.5864890691815245 1.1331563810579985 1.4219816422979799 1.6797173119047324 1.886647464422662 1.2736904460317116 1.5363188989960581 1.0617775551933937 1.3657818214533608 
1.7220324155803484 1.9238525832270752 1.327581700803943 1.5805968157596326 1.1248211877047347 1.4145797347585218 1.6786833194231394 1.8851500758797666 1.2708482281175395 1.5332541669891167 1.0572628580014953 1.3614763577049327 
1.713636577757329 1.9165640349301793 1.3154300059782162 1.5706761219257934 1.1089787557152977 1.4023199563537023 1.6774558147229544 1.8842837869354632 1.2679368242731377 1.5311208867061574 1.0522079501447656 1.3578692682684328 
1.7035979350927992 1.9070849427050829 1.3047424221096093 1.5611149356445377 1.0972061482020823 1.3923319955716198 1.6714974466664463 1.8784650032546384 1.2625413172694389 1.5260201938547373 1.0466704932367445 1.3528659119264 
1.7103677033936795 1.9112620184559128 1.309687850142991 1.5629609998948055 1.1003994042220169 1.3922800261413542 1.6757924927663834 1.8803843493265333 1.264201353745585 1.5250475026018602 1.0458497247751082 1.3495801084752879 
1.7215375073646 1.917956541755605 1.3183889757060017 1.566210521629554 1.1069894278009706 1.3929434662121503 1.6843572744471764 1.8846552296860877 1.2694556037857805 1.5252486475270581 1.0482335770156956 1.3467217748232632 
1.721044734088629 1.9156222786588697 1.320912328935649 1.5660214297685073 1.1105385111441206 1.393165289007087 1.6814491908750022 1.880129016651304 1.2688915578150088 1.5223992653880913 1.0481279451928567 1.3439441682057331 
1.719941922955313 1.9103757771284735 1.3226061076296374 1.5622491182392197 1.113712141237232 1.3898525551436094 1.678548573583505 1.8731953196021016 1.2683106920148626 1.5165577479869403 1.0486562015642782 1.33828816798895 
1.7202380169206963 1.9058529548627958 1.3235075628266164 1.5571541091231946 1.1147590335400965 1.384104170053414 1.6780101772215954 1.8678262246684647 1.2681370544461077 1.5103735430545817 1.0484212048882118 1.3312564266734077 
1.7287682585946706 1.9055060729382234 1.3267888023059473 1.5500587821126173 1.1131916636071482 1.3716812246307266 1.6874803480468892 1.8681283754400952 1.2725245612735536 1.503872488319555 1.0479245741199366 1.3192648009874477 
1.7177200432031117 1.8883614304580836 1.3186336332817012 1.5343211541400645 1.107063309310583 1.3568109359972373 1.6780943750521602 1.8523896665663246 1.266583295161317 1.489825489378437 1.0445227405766233 1.3062827032467739 
1.7144590571077105 1.8770109063344997 1.3132419612922288 1.5193434545548479 1.0999182511889962 1.3392610810811534 1.6776954606002425 1.8434918341339783 1.2648702103056502 1.4777336474881593 1.0416872656026184 1.2918639414886768 
1.7097084642127498 1.8645577861146378 1.3071176302845584 1.5040043898076627 1.0933488218316785 1.3224539127548904 1.676630138975415 1.8342740602431031 1.2635434657029887 1.4662928748652908 1.0408636973786336 1.279402181364687 
1.7032272640196258 1.8546651395440041 1.2997495986919096 1.4926984579076177 1.085871357804312 1.310693050504114 1.6740051085644214 1.8278656324904685 1.2612133086436172 1.4592664858893252 1.0394357105178655 1.272488217328467 
1.697922654958644 1.845440540093831 1.2930164182336625 1.481418544038723 1.0793927428984362 1.2991528540636819 1.6732109660953727 1.8227299256504816 1.2603908332980724 1.4530294207144636 1.040087634895161 1.2666853330886128 
1.6936186112073313 1.8371013044380131 1.2870190352235857 1.4707192796614348 1.0737867916061596 1.2882605622962497 1.6727258613257134 1.8178583579827803 1.2593989852099492 1.446610869061839 1.0405219270865222 1.2606677132725537 
1.6810148636321007 1.8246637811476532 1.269673410665928 1.4545299970203607 1.0541101307510756 1.270722278954788 1.662703587285494 1.8078081097428593 1.2453283973201807 1.4333282107221816 1.0246562424403853 1.2463977525862482 
1.6779349657124378 1.8172624610992216 1.263805060585057 1.4436690529759235 1.047617025997764 1.2587607145603168 1.6636394342766705 1.804071304200696 1.2447624870955905 1.42702864464607 1.0245642250637095 1.239640655448344 
1.677795874404756 1.8114279090291228 1.2628819464105185 1.4356680967443765 1.047676240529306 1.2505589064132965 1.666155106131965 1.8006512463910438 1.247375104805936 1.4220466678451942 1.0289311670318964 1.2348973317363756 
1.67770168022132 1.807616514589707 1.2629459857877692 1.4310230952075653 1.0493587176068249 1.2465746083638316 1.6687059263445552 1.7992704089762162 1.250971264185329 1.4204659938968762 1.0349155806235792 1.2344410860861041 
1.6802819889424423 1.8053046680392675 1.2660529578040445 1.4278191321187603 1.054086591113069 1.2437346677022274 1.6730261782722857 1.7985533006459302 1.2564072280850545 1.419273231222364 1.0424814494197823 1.2339144842590875 
1.6854004901748665 1.8063080928240565 1.272805094695052 1.4290580544546396 1.0628292835077888 1.2457047000801111 1.6795407175420547 1.8008417853330925 1.2650355800062227 1.422142444553878 1.053512361333117 1.2377650865175023 
1.6874090237842188 1.8062458518010247 1.2754270001644195 1.4289467786969567 1.066604393366355 1.2461219023628505 1.6823333946124979 1.8015050691653383 1.2687042483685511 1.4229495189318593 1.0585562663497914 1.2392401835917077 
1.6852568909243035 1.803673232985357 1.2741318770079688 1.4270803701921801 1.066231012308238 1.2449879174465308 1.6807898782322106 1.7995001966512396 1.268217594251022 1.4218024508868488 1.0591564558495832 1.2389345184261555 
1.6814264045747884 1.801259243740695 1.26826501284286 1.4233187457352272 1.05894457437644 1.2404449688564585 1.6778298440847035 1.7979024152776757 1.2634929261777843 1.4190681744233784 1.0532244980540948 1.235565438356585 
1.6761254295509778 1.7985783282491339 1.2615144731581365 1.420178268122509 1.0511932060223041 1.237131643620617 1.6728037981268007 1.795483248122201 1.257097791513234 1.4162564756030065 1.0458887358736828 1.2326275978929928 
1.6729598377425952 1.795842618377159 1.257946761313741 1.4172812514034503 1.0469865184899612 1.23387068251893 1.670081324816169 1.7931613766696322 1.2541160500925461 1.4138823000447138 1.0423808242191188 1.2299649889243718 
1.6700521325906985 1.7933810683930898 1.2546977130650794 1.4147112362848966 1.0431320610405665 1.2309614241196758 1.6676945250407043 1.7911857971050185 1.2515579309207945 1.4119273300530522 1.0393533566842128 1.2277609421018165 
1.668362777700084 1.7916155146445734 1.2528790126804503 1.4128544209206906 1.0414620505880854 1.2292660400072637 1.6644729908217615 1.787993884630241 1.2476945938710882 1.4082590649007518 1.0352193883303866 1.2239816078173478 
1.6684507237945088 1.7960522169832422 1.2535438555273684 1.4189601636869231 1.0422257805919117 1.2362484888283665 1.6647004598637019 1.7925689301866248 1.2485479570566842 1.4145486027247065 1.036211552276088 1.2311824111277823 
1.6673891807275378 1.7963863213705593 1.2535469302771434 1.4206326203516693 1.0425447773631835 1.2384331828593944 1.664112985649487 1.793345801736868 1.2491858370183555 1.4167859369034017 1.0372969496760558 1.2340186779004805 
1.665109355306026 1.7947165557233962 1.2520121861737807 1.4198425492242617 1.0411150673809546 1.2378767845741554 1.6618017440379733 1.791648231865745 1.2476098691849347 1.4159621237687292 1.0358168056599824 1.2334240167710575 
1.664117356630382 1.7923804050029362 1.2510812030553773 1.417231497052789 1.0397700595028163 1.2346913445223828 1.6605080644123622 1.78902989678163 1.2462763064338862 1.412991709663751 1.0339836710405488 1.2298224146511925 
1.6618007891372417 1.78858355174623 1.2484195198638797 1.4127988379019711 1.0363790100041392 1.2294432525241497 1.6578642942946686 1.7849266867569547 1.2431747476107935 1.4081664361492074 1.0300551479882811 1.2241171784993299 
1.6614946407970024 1.7887713932744902 1.2483514033304723 1.4133364363084822 1.036012012959869 1.2298209410305063 1.6567557164160203 1.7843705220265103 1.2420371526959892 1.4077623892820692 1.028394843179 1.2234110549922133 
1.6609582535559344 1.7875139128732902 1.2481890797693993 1.4122321507158728 1.035787679814536 1.2285274870004252 1.6550698801910388 1.7820437640460967 1.240342681324633 1.4053019731629142 1.026318715563338 1.2205546995426217 
1.6589362188392054 1.7833598602908276 1.2460582165278313 1.4074672614652604 1.033200996794196 1.2230320163006854 1.651714508532428 1.776643979759738 1.2364273203454055 1.3989480089040192 1.0215653377520795 1.213218344906027 
1.658697582868752 1.7818084513366301 1.2464397664607143 1.4061208259799867 1.0338106748407274 1.221608856080636 1.6497574753928652 1.7734890508414876 1.2345177793837723 1.3955636257278419 1.0194050066654763 1.2094421248884295 
1.6500470449515945 1.7755554310168662 1.2369435245610407 1.3999896860382544 1.0234053915010854 1.215442484617635 1.6415461615664328 1.7676582358062005 1.2255806105489309 1.38996031274763 1.0096420877486685 1.2038766479226557 
1.6424728300374682 1.77115036537593 1.2268025747492097 1.394382005323968 1.0111020707185254 1.2089598904725045 1.6326094022488322 1.762007400572225 1.213565416576828 1.3827500279050042 0.9949994272919407 1.1955251898940857 
1.6356178797099707 1.767165527851576 1.2188887734436396 1.3904380591838459 1.0023272497677291 1.2051091527438251 1.6242698520464325 1.7566675003161354 1.2036181063223252 1.3770710585394421 0.9837004724340331 1.1896616215827673 
1.6308535892279539 1.7636502305155919 1.213576974030778 1.386920249328598 0.9964702877144406 1.2015538857653036 1.618098432728275 1.7518622217793558 1.1963812855430747 1.3718990073973012 0.9754548389329462 1.1841836212757295 
1.6283215196218468 1.7638240678887454 1.2109437835273773 1.3878145474318968 0.9942017111550352 1.203362544565685 1.6138824108043313 1.7505030154511592 1.1914572218521318 1.3708445144156942 0.9703723548739421 1.1837511893567838 
1.6240888712519062 1.7638762285728242 1.2062101581914695 1.3887179820698983 0.988884841487769 1.2047771236723788 1.608252179039186 1.7493055077327946 1.1848009771199086 1.370163509725861 0.9626544755956261 1.1833420162338064 
1.6198473894819538 1.7638957040628849 1.2012712516378221 1.3894153841135848 0.9830802585809054 1.2057650203963872 1.6029479375237052 1.7483891386105954 1.1783841246433608 1.3696757407545408 0.9549781777671676 1.182964838704642 
1.6125746983313767 1.7619162542296187 1.1906632629331142 1.386228961939019 0.9698622859450357 1.2019087248699587 1.594684065769308 1.745556930850017 1.1663186175391913 1.365375716364741 0.9398153891156125 1.177796542208598 
1.6065999939870192 1.7603014577847427 1.182792456299536 1.384375554637935 0.9597289037426611 1.1994070411161886 1.5875190623482573 1.7429040291763316 1.1567416424245691 1.3621853430862816 0.9274334484582115 1.1737250457066555 
1.6212589714146872 1.7742343300907606 1.202223743898202 1.4017020853493118 0.9830820557779549 1.218965600036609 1.6024536563322542 1.7570670238703503 1.1767408375222683 1.3799078970614704 0.9517496502193262 1.1938401075406244 
1.6403881927774933 1.7954872904044212 1.2268192527849446 1.4275807038496318 1.0124077908648323 1.2481469152322613 1.6222178187912406 1.7789018631177522 1.2024153640085484 1.4066641015550976 0.9826936265203972 1.224168268909062 
1.6407652131481123 1.810922262985623 1.2249819545923808 1.4449601195109054 1.0094584555478099 1.2674128496180594 1.6228966049126388 1.7947485473282796 1.2009428357074161 1.4246377267702024 0.980147580233186 1.2441938100380383 
1.6383547378909367 1.8235824927788926 1.2204015729134734 1.459666694821006 1.0036791076682228 1.283985440715618 1.621182753501184 1.8081704513263346 1.1972498787845751 1.4403659719146658 0.9753968547466615 1.26200074684989 
1.637237415325783 1.83613867651184 1.2177294484993988 1.4743554167780069 1.000434978068365 1.300664841756957 1.621254243449389 1.8219012616337502 1.1961538268561658 1.4565860299833477 0.974058064543716 1.2804874065537115 
1.6333805990045676 1.845124777201943 1.212718216736485 1.4856778706854725 0.995269634423014 1.314197438532171 1.619965126021088 1.8332594665689088 1.1945879212199157 1.47091589282478 0.9730963331163671 1.2974859289273697 
1.6311397325198507 1.8541665105553304 1.2085831714056463 1.4959912780711424 0.9910451338889313 1.3264565877799883 1.6215935584741727 1.8457741711122004 1.1956680660136951 1.48557690677559 0.9752534538697774 1.3146999357818994 
1.6307777219900326 1.863226756017367 1.2067475159862562 1.5061266657021248 0.9893506335667854 1.3382797323201903 1.6244352826564068 1.8576781081067302 1.1981625834330665 1.4992569966950295 0.9788609120498171 1.3305437425875934 
1.632547569112453 1.8728910749894077 1.2089852246470922 1.517944230456106 0.992621267863519 1.3519639029112351 1.6282558373164149 1.8691512740051242 1.2031836018476065 1.5133275234115644 0.9855467963293169 1.3467783414931276 
1.638260442349192 1.8841708315347019 1.2145552371819777 1.5301460288502435 0.9982518977523509 1.3648110846583017 1.6344215931167116 1.8808339611688667 1.2093721888840385 1.526035234418318 0.9919392715515251 1.3602007072069071 
1.6432470748923453 1.8947742635897948 1.2209728299770841 1.5429462765638502 1.006406694106438 1.3794067546457243 1.640185069247446 1.8921193467121067 1.2168487020916978 1.5396848133959915 1.0013992940791647 1.3757576483531717 
1.6491359760239692 1.904040426066771 1.2280204696243993 1.5536263226711018 1.0138960302795006 1.3905774472845913 1.6468453216366528 1.9020567788782043 1.2249425781629644 1.5511946352655201 1.0101659300315617 1.3878601092604868 
1.656846110128047 1.9149553740195724 1.237330322689313 1.5661741216373228 1.0246228292627684 1.404196209255117 1.6562452483392789 1.9144355237214024 1.2365256234492028 1.565538459855407 1.0236509328117862 1.4034871870047265 
1.6605710603447386 1.9199045023475645 1.241789322089077 1.571807167604999 1.0293704456872899 1.4100143850806806 1.6617532168088165 1.9209270692179987 1.2433697067141574 1.573056031822913 1.031276404061709 1.4114064167540297 
1.6722751465454868 1.9336524395231243 1.2551279989521904 1.586774679932135 1.0433889120331545 1.4251905180970472 1.6762691731084627 1.937107620095933 1.260444552018743 1.5909833625257461 1.0497783559941258 1.4298748853776437 
1.6807924403158914 1.9438224979105085 1.2649146414770642 1.5979335800286096 1.0539838675345319 1.436754909155716 1.6865826870992864 1.9488314027598819 1.2725985161169449 1.6040229609276326 1.063193268424443 1.4435243683371088 
1.6873671766001406 1.9514618420833982 1.2737787440005153 1.6073293443185592 1.0640904983447272 1.446818551549409 1.6938227224439781 1.9570464346835335 1.2823181021367243 1.614105029887315 1.0742979172778517 1.4543422387827185 
1.693848400389793 1.9592065128523486 1.2826945869937474 1.6169951020343445 1.0751559903116665 1.4578505273185793 1.6997212578311363 1.9642861580795858 1.2904399847815706 1.6231460534477666 1.0843847814881302 1.4646699665190994 
1.6977426227349448 1.9630914368339873 1.2883429788107394 1.6221053009502588 1.0818241858319353 1.4634690107313275 1.7017362751998115 1.966546294052324 1.2936011627742645 1.626284705902054 1.0880808363035026 1.4681000928584298 
1.7034146168824431 1.968690776482879 1.296473352679784 1.62940638596047 1.0922835123761414 1.4721430935234388 1.7051972655879906 1.970233420427326 1.2988146564343812 1.6312699127271244 1.0950614726894377 1.474205428483005 
1.7128748291219908 1.9885834456566536 1.3098126917386659 1.6541261220172088 1.1085325771666297 1.4997894568037506 1.7108125170689188 1.9868073405994073 1.3071145993216087 1.65199047087436 1.1053432783346944 1.4974337057311384 
1.7183453560570092 1.9937640620852535 1.317753042220996 1.6609808707094402 1.1181908056690013 1.507559302469621 1.714295002525146 1.9902742846810564 1.3124670179790006 1.6567902842130293 1.1119565058412537 1.5029409979978223 
1.7206156180478833 1.990652373999614 1.3214410656061435 1.6578254609307637 1.1227469860437391 1.5042405272130848 1.7170683432205893 1.9875870960363722 1.316818924564156 1.654143539457897 1.1173031750112858 1.5001817069709587 
1.7225002265505482 1.9836102982256092 1.3247031643604879 1.6500125025061751 1.1262510541023656 1.4953742747642444 1.719521127891917 1.9810239004178345 1.3208271470812105 1.6469022852697395 1.1216894916449425 1.4919417215249027 
1.7261665414770877 1.9770869138596234 1.3288145133595473 1.641636301668238 1.1309567157566067 1.48602988831146 1.723917859410642 1.975123925741109 1.3258921026972632 1.639271668770912 1.1275215962432694 1.483417232620334 
1.7349580368827167 1.9790025984378925 1.338646167493087 1.6426641338459698 1.1406514514714519 1.4857515366385894 1.7324022712880314 1.9767623844164806 1.3353320941113973 1.6399645412154282 1.1367602973203847 1.4827662892188809 
1.7404036376846062 1.976610609590521 1.3465351113379145 1.6404698979090746 1.150252281052209 1.4835986620194188 1.7376045640668103 1.9741464740352501 1.3429153380112278 1.6375000106704762 1.1460127002201197 1.4803140845596958 
1.7470794513391341 1.973986992786794 1.353194156539057 1.6356871533674922 1.1563737463689885 1.4770031413952545 1.743759306679523 1.9710491008677204 1.3489048653005333 1.6321404271788165 1.1513514457503624 1.4730744007114676 
1.7545891977736325 1.971588129519936 1.3638705455225286 1.6336215487266075 1.1687724145204317 1.4746543515223898 1.7494664689853074 1.9670306112574658 1.3572739362796 1.6281182505039122 1.1610678835037682 1.4685554567750991 
1.7620329612066086 1.9685869228201558 1.3727121485506457 1.6293903642462508 1.178237501176452 1.4692916407230152 1.754641925185458 1.9619741593452575 1.3632119321728846 1.6213947971849823 1.1671554045706722 1.4604198214001787 
1.7655141438557354 1.9603414478081747 1.3812294269072933 1.6228657152070993 1.189820216400213 1.4634105873590808 1.7555431796554166 1.9513662535451026 1.3684613232512821 1.6120126528891296 1.1749739617687915 1.4513656364523206 
1.7748561591430727 1.9554795096518143 1.3936325914846064 1.617404565057271 1.2035616870140475 1.456827533192622 1.7608545648713012 1.9427801022370237 1.3757565965780794 1.6020274467212163 1.1828166161447429 1.4397363906104825 
1.786083584156646 1.9629826699168411 1.4092037710685599 1.6275938256192328 1.2212989999151929 1.4679160875178967 1.7699484648864359 1.9483131065498303 1.3886966073098366 1.6098710072405955 1.1975784926065807 1.448240532078097 
1.800808705537334 1.9727393344279038 1.4282396566189617 1.639712476136914 1.242547125681376 1.4807808234843702 1.78256987040033 1.9561042483771283 1.4051732511185406 1.6196605673162046 1.2159632841739298 1.4585455756057297 
1.814438406492403 1.9825694623883146 1.4457886693962883 1.651877664597076 1.2620103573880406 1.4936750263677472 1.7941660705616664 1.9640333069972846 1.4202640720495219 1.62958429563944 1.2326862130950804 1.4689827235861863 
1.8303438689107163 1.9958888055949031 1.4641957003280162 1.6665180751192137 1.2813377928005751 1.5083898650876204 1.8089226111359904 1.9762627504760215 1.4373278622078713 1.6429622117745282 1.2505474296799182 1.4823232844825212 
1.838173396160765 2.007179042963831 1.4724264865701107 1.6786679345579936 1.2895231996180603 1.5207749203985446 1.815822123830746 1.9867300424449217 1.4444266369024077 1.654162805032564 1.257457209368653 1.4936816627224156 
1.8383372856971187 2.0119986596526975 1.4727844215581076 1.6845618370496973 1.2895545931771366 1.5269596193888857 1.8161337852989383 1.9917320493892372 1.4449747065275054 1.6603031448998253 1.2576998842745635 1.5001545351610448 
1.8413286291813529 2.019344197942213 1.477439374269848 1.6941331039097487 1.2953712860191398 1.537935836685939 1.8183796897245854 1.9984405332966202 1.4487376159963818 1.6691616306166637 1.2625372644016808 1.5103841276717918 
1.8383920463192664 2.0229920170307 1.4783558873187266 1.702453381026905 1.2988899195736103 1.549169586639868 1.814204869475865 2.0010374043055617 1.4481678500884971 1.6763059109333056 1.2644243811434277 1.5203882400985413 
1.8417232530280114 2.029302817803218 1.4824884420271478 1.7099407493665038 1.3041256614084702 1.5578411749418104 1.8167989198543906 2.0067096702772127 1.4514081972980861 1.683065994185635 1.268683378618984 1.5282941146206381 
1.8464574272866867 2.039597077940192 1.487436747825658 1.7213422926141593 1.3097756474992845 1.5703704837846928 1.8205466747057517 2.0161699839899834 1.4551471550266557 1.6935183649261587 1.2729875925483995 1.5398209702241912 
1.8522250759227399 2.049250324298376 1.4945952865832945 1.7327735658293615 1.318443813545727 1.583345587430931 1.825415325069065 2.02505068300944 1.461238669005512 1.7040855634495002 1.280506722589538 1.5518977499684057 
1.8600800586878834 2.0624838299507515 1.4987476721344124 1.7436130043126887 1.3211394115415376 1.5935341442241895 1.8366934058160933 2.0414172506002592 1.4696222055236918 1.718642240563265 1.2880039545623765 1.56617237590513 
1.8616398608273645 2.060144283568831 1.500089035564666 1.7403329027290528 1.3236140441311923 1.5907374502165121 1.8381161885096735 2.03891211683126 1.4707940935635178 1.7151462804557898 1.2903186772504418 1.563142279692201 
1.8580640272518194 2.042534446237627 1.4969864567748266 1.7206142759105687 1.3216118394472902 1.5704148779438032 1.829023398102728 2.0161526791161553 1.4607851016515914 1.6892122862172327 1.2804618368413991 1.5359451651368452 
1.852879900456198 2.0234631983840403 1.489738664838424 1.6972214585063936 1.315220564587769 1.5463002694220065 1.8226179773925664 1.9957894882012406 1.4519275655192203 1.6641313185006075 1.2722332724443934 1.509906251796637 
1.8481716221086018 2.0075539245727723 1.483270157175536 1.6776843488772075 1.3088576292200538 1.5256614004645785 1.8165085114382316 1.978443223200388 1.4436257085988529 1.6427384459577061 1.2637535839425105 1.48714744939012 
1.8417554823489137 1.989063024472146 1.477289670160284 1.6573150660397318 1.3049220522170204 1.5056991800895292 1.8082140091931265 1.9580465677818493 1.4352558712098273 1.6199592199812562 1.257138102454253 1.4644810231622258 
1.8357098643653493 1.9673665873060489 1.4692656921497382 1.6307796469321811 1.2975283280638807 1.4779311028759932 1.800364384153455 1.93442820969098 1.424858899585587 1.5908876347650232 1.2470208385300743 1.4337927166952167 
1.8301497644063258 1.9536747178372682 1.4630936063548805 1.6149426131960636 1.2919834835463377 1.4617175051002607 1.793519522591413 1.9194032981310962 1.4170063580367345 1.5733098110914234 1.2395504989779682 1.4155854557307836 
1.8323643184450302 1.958327330021853 1.4648919514798764 1.6196898979466778 1.2946118582457524 1.4674831513549038 1.7935221520768905 1.922032425842634 1.4160053474441827 1.5756135566789593 1.2390248496259146 1.418685840484256 
1.8281104365258243 1.956126149790611 1.4599950863392108 1.6174137992160942 1.2895524557514673 1.4653966295493652 1.78674805189054 1.9175271436656744 1.4078588299025723 1.570512091865147 1.2302139525036448 1.4134596261282597 
1.8240166307641086 1.9513656302251636 1.4552734744040552 1.6120211037154724 1.2846661439082336 1.4598487095668682 1.7794235347954825 1.9097484833621547 1.398975458034933 1.561385117677266 1.2205238826766358 1.4037341990932792 
1.8149222550050375 1.9427256823423553 1.4452553113248088 1.6028110306684846 1.2737443692172186 1.4500568965501215 1.767995435614179 1.8989597535157428 1.385867231574717 1.549473545651093 1.2059393793854523 1.3908738518904473 
1.808561915754241 1.9380242948726547 1.4369023791185853 1.5967875286075635 1.26442944094032 1.4435455571323859 1.7592311506554932 1.8920719346358508 1.3742949048281634 1.540690900160266 1.1928033574050043 1.3812392312111073 
1.8001569921670943 1.932430193670157 1.4270599233557364 1.5906669298781817 1.2535056973337138 1.4370100174348401 1.7482498484049926 1.8841705839461775 1.3609968261712002 1.531676734108108 1.1777473707243333 1.3714263108924518 
1.7924512763712295 1.9289154676151181 1.417757756940462 1.5867798714392773 1.2439829808180054 1.4336411544054004 1.7384340094593325 1.8788257258949936 1.3488173651183655 1.5254971607593537 1.1648025084300127 1.3655029061429527 
1.7830219884498846 1.925103353380223 1.4060158827324036 1.582319870442061 1.2302177017486702 1.4283875887152548 1.7269904818254733 1.8733263555012991 1.3342448708973103 1.5189025266342078 1.1475035105461684 1.357799623146133 
1.7705153985189652 1.917335691341704 1.3921150314513415 1.5746223793953804 1.2153891826048024 1.4207822641392909 1.7112564572713145 1.8627533490649721 1.3159248257224916 1.507683495914434 1.1273175024600521 1.346215483588259 
1.7633649173972612 1.9170115011724498 1.3829121396196689 1.5741420678031097 1.2047253877574964 1.4201551054823025 1.702108658161238 1.8608200202887568 1.3039033852964146 1.5052047375382027 1.1131402931290604 1.3433385931727897 
1.7534193641409492 1.911370978409071 1.3695029047594058 1.566651766253257 1.1884965568921309 1.4111639225492019 1.6881554762593551 1.8516826030895388 1.2848842950337787 1.4932472006283655 1.0899144513329706 1.3292001586610085 
1.743562392828401 1.9081827126000015 1.3582930818072732 1.5640049690028162 1.1753622652125173 1.408058202442463 1.6755086787914586 1.8462071334727044 1.269755728912258 1.487760416896988 1.0718190003473067 1.3228557806826486 
1.7367236592720443 1.9071328237003524 1.350850401145619 1.5638872545152607 1.1658284881899565 1.4071611856625663 1.664872808882192 1.8419413694022075 1.257135317837853 1.4836899089483895 1.0558164920833923 1.3174577805437562 
1.7308156177194378 1.9069033068463432 1.343750474806063 1.5640405549925869 1.1569316550866433 1.4067865416123084 1.6555913282152452 1.8388964530885143 1.2453615065761106 1.4803657660124132 1.0410335239854287 1.3131292081061632 
1.7289069684372897 1.90816084519912 1.340718193473565 1.5650826751168834 1.1527420019722627 1.4073992428415685 1.6494229303580752 1.8364516080831044 1.2365281929624654 1.4768075289728924 1.0297042394741414 1.3085294518775725 
1.7251850316462434 1.9095725896692828 1.337199982581607 1.567899191662605 1.1488882423526885 1.4107261517446432 1.6414850201010822 1.834305632389611 1.2273196287912331 1.4753025293194106 1.018898361573052 1.3070416799078177 
1.72032353271108 1.907271946126071 1.3314758666981277 1.5655673741105907 1.141606670442815 1.4076359647577672 1.6359168853335826 1.8315013718257298 1.2204667066821324 1.472315252043369 1.0099390023756534 1.303130848303243 
1.7127986237279327 1.904439287429321 1.3219593565024228 1.5623016399864338 1.1301152308699765 1.4036987957194733 1.6303760568483272 1.8306654420740838 1.213269756296719 1.4714731990778154 1.0008033754660803 1.301851477859245 
1.7114090044646837 1.9055780179889774 1.3206986565310044 1.5641456912457994 1.1273664098964453 1.4047283809487157 1.6271269430633863 1.830259241452642 1.209490078356495 1.471452701150397 0.9947745123608666 1.3007240800887787 
1.708990246059014 1.9073138598156438 1.3185365960506557 1.5670792110945924 1.1253377844562271 1.4083975389941752 1.622789637711817 1.830476633826515 1.2047146144481067 1.4725949208743216 0.9895371020153059 1.3024523695647567 
1.7068252890188966 1.903073844335642 1.3150718809382398 1.561362079017689 1.1198667853072704 1.4009065302847439 1.6177378986827375 1.8235990235231099 1.1971789313358467 1.463446235225073 0.9787364090675487 1.2908766200510566 
1.7042939289337093 1.8981662512594357 1.312988743363895 1.5563922260857959 1.1175567476420603 1.3954749748455897 1.6144802638683136 1.817955952062728 1.194097218161193 1.4574928773892173 0.9751214336790571 1.2842426295837948 
1.7011777356109061 1.8910674739517495 1.3092304537163233 1.5479712154424095 1.1128387995294962 1.3858357394143976 1.609496828247341 1.8090358047971993 1.187669454409875 1.4466130221445714 0.9668942784701179 1.2716190658519753 
1.6990270144472512 1.8853303787669522 1.3079141117908089 1.5422117769948265 1.11111069287517 1.379255166059399 1.606448578393202 1.802347046576086 1.1851681581199944 1.439583760780018 0.9636136212308022 1.2634591613113342 
1.6977654252608192 1.8811217405715797 1.3068520624810789 1.537554511830735 1.109900530322898 1.3740781458312514 1.6030340936770653 1.7960873779220903 1.1811744915511213 1.4322655979709384 0.9587439978904952 1.2551500376971072 
1.6967108115789502 1.877575180856655 1.305705763994668 1.5334042271263308 1.1088144597401766 1.3696461177139516 1.6002977182852258 1.7909253945345966 1.1777065641104747 1.4259921924011014 0.9547746933957245 1.2482210127973732 
1.696891125414533 1.8769894354499177 1.306241278903174 1.5329436153983618 1.1091606673113683 1.3689000092010373 1.5984485605206695 1.7884875313824808 1.1755273658365424 1.4232056903731802 0.9517540097265679 1.2447833322753805 
1.6821581387466935 1.86039968261977 1.2811057285609726 1.5075353604780686 1.0763269818004844 1.337875460232282 1.5751491550490513 1.7642351986035594 1.1369567910223062 1.3871199371329577 0.8999547925600152 1.2005622032996623 
1.6829115428507702 1.8570952533621856 1.2821017764048064 1.5034615006911085 1.0775206118958283 1.3332899864846957 1.5738125225643491 1.7588340954110366 1.1351121355092457 1.3802503682956797 0.8976331456560414 1.192626003062301 
1.6860436388338382 1.8566144356144736 1.2863221281047956 1.502963282230158 1.0820134945794577 1.3323014722396918 1.5750667514083494 1.7564479160715385 1.1369770167387072 1.3773128718893357 0.8993582833287578 1.1887469588907682 
1.705738977201465 1.874318729507951 1.3166268584319174 1.528735270013844 1.120727045423773 1.3636547773481016 1.5993964078565077 1.7780872056522705 1.175597590787043 1.409097206336135 0.9510796609455489 1.2280381764848762 
1.7106016727121482 1.8766810293828837 1.3226218021360452 1.531372598307022 1.1280425081908927 1.366840701634832 1.6025078027035 1.7787087623007878 1.1794920968474525 1.4096010818262024 0.9562181107496344 1.2288721164895882 
1.7162843521982947 1.8763282840272701 1.3295612619209092 1.5305910626423769 1.136325657899495 1.366093647097709 1.6053661101944068 1.775436903863587 1.182920757853509 1.405089808944866 0.960627071740496 1.2238383156286292 
1.7198757895384074 1.8720230072305093 1.3346371912397617 1.525697820802127 1.1434001106525922 1.3615657241574346 1.6055857870074586 1.7675981238959153 1.183718471698554 1.3955955103110498 0.962962512790794 1.2139992624381448 
1.7271502496060527 1.871147401947332 1.3437787012429725 1.5244296681100937 1.154418265237626 1.360450714364269 1.6094152224066511 1.7630547277989557 1.188659148500633 1.3896241169518648 0.9694590783082336 1.2074748525804793 
1.7375551520138979 1.8775529417116419 1.356543499004009 1.5317693714557814 1.1704053584506695 1.3696553748042024 1.6171114311914438 1.7666795191913105 1.198399657580909 1.393653070864496 0.9827513305460542 1.2132218759691238 
1.7463638006269941 1.883200223497321 1.367652119853715 1.5385476523593153 1.1842905208353058 1.3781148701687969 1.6237595657425272 1.7700993432517735 1.2071789114047513 1.39783313803199 0.9946620737418111 1.2190197695609206 
1.7494265433554392 1.8848896981724315 1.3711341800847063 1.5402353337969363 1.1896264661634592 1.3811325326255115 1.626112534296615 1.771033008691978 1.2098585385889375 1.3985970209737184 0.9994798009947774 1.2211780444622151 
1.7510272963469902 1.884554644087629 1.3728027507811347 1.5394924509565644 1.1929284104891835 1.381494772538879 1.6278085808080291 1.7706525321903928 1.2117143127619854 1.3977486146486606 1.0033655244985498 1.221553105580044 
1.7376735979219486 1.8750124910290622 1.355552979457096 1.5276407263211496 1.1740617987631696 1.3691542703125201 1.6152165467561959 1.7621256486173196 1.194545453348264 1.3867592252135947 0.9837865964298406 1.2099580058477275 
1.72304704374432 1.8648702335004548 1.3364750130683476 1.5149308015206637 1.1529142752850448 1.3557511567378582 1.6047634495326843 1.7561650269254427 1.1800593521327816 1.3789089699454566 0.9672569152795135 1.201846834249706 
1.7080273737772003 1.8552168310610595 1.3156434785960214 1.501795506536173 1.1289788731292716 1.3412923904399965 1.5966567193896877 1.753221223990926 1.1674214889114556 1.3738067234703142 0.9521283873366237 1.196252668399214 
1.6910278781586925 1.8418393412102723 1.292959926490334 1.484770098577517 1.1031472151575645 1.3227738478023707 1.5877467596282129 1.747494391072512 1.154603767320153 1.3659819668025965 0.9371756859361482 1.1878952565061827 
1.6755754668158191 1.8305328057576709 1.2717673423213265 1.4699283591233452 1.077823362613304 1.3057566423170321 1.5817992529569138 1.7451034595734003 1.1453942136465725 1.3620664861213823 0.925331795981879 1.1830199240144055 
1.666388798542969 1.8382342922896093 1.2566687025264376 1.4769799976131974 1.0591892880450973 1.3130634536645516 1.580886286255112 1.761094868401325 1.1408619767831165 1.3797897432252062 0.9188208585298224 1.202699237344682 
1.6523514460246918 1.8393048203546605 1.2380532771976696 1.478361538386294 1.037105420475609 1.314672801186626 1.5722475090328143 1.7676931720917772 1.1289255270653995 1.3882542154302613 0.9040379315382125 1.2124609283023886 
1.6429364653253882 1.8417446026786342 1.2245209423672099 1.4806196306600423 1.0190704232269132 1.3157839791910677 1.567807205639737 1.775049967312436 1.1217088495932803 1.3967869184868107 0.8929074601860374 1.220682876449031 
1.6373765822714699 1.8470486511218378 1.214717661751487 1.4853032165894613 1.0051751306966363 1.319455831322519 1.5679005081735893 1.7857487647961567 1.1193073434633583 1.408344977827166 0.8875173095388056 1.232182463018769 
1.6430560645719607 1.859638689677836 1.221310910999611 1.5000743868710977 1.0111424881423487 1.33455309229221 1.5716810367968113 1.7968873382175912 1.1234537780552878 1.421538327392793 0.8904814323873912 1.245624343952341 
1.6486409798587958 1.8692771417715912 1.2265830957867347 1.5101940415555115 1.0155275581045402 1.3444241047934873 1.5762392516333839 1.8057436503196598 1.1273948681760841 1.4308036696450601 0.8932017236827132 1.2545872912913512 
1.6483259263087322 1.870554025951012 1.2283227006538386 1.513529207383042 1.0188025493399298 1.3490562031292617 1.5759132305877568 1.8070684865277076 1.129292171203511 1.4343273031639394 0.8969296435850138 1.2595542029629132 
1.6540917612515245 1.875337330546206 1.2334757960495901 1.5173440902248145 1.0226178192463546 1.3515242332049286 1.5834387683520226 1.8133253656804589 1.1369790314338124 1.439997175907012 0.9038838325361118 1.2640714107281164 
1.6560312515171234 1.8763717017695003 1.2364613769954036 1.5189364680595991 1.0266818628968613 1.3536642511351809 1.5871884129369673 1.8159015158761693 1.1426129217549439 1.443570416073068 0.9114840644582711 1.2685166364543154 
1.6636477071117914 1.8801540270356365 1.2471554330468677 1.524024982137209 1.039448572551004 1.3593045306252458 1.5938685933094738 1.8187007903276229 1.152427903835342 1.4475308444169057 0.9236594255126291 1.2729501979018345 
1.6749071616214461 1.8844131284171233 1.2614991137732954 1.5287507489943577 1.0551649861755317 1.3634779010129976 1.6035680341821514 1.8212987889829635 1.16511649814549 1.4502397363025223 0.9378110621286198 1.2748287833080998 
1.6845400401042327 1.8855155070097858 1.2741633861928265 1.5300280765967564 1.069477219352694 1.3642855651125132 1.6130160805132634 1.8218985856667131 1.1779805023829428 1.450907179820394 0.9528521669148736 1.274919931781745 
1.7004156699731627 1.8885055397880834 1.2930065693144333 1.531961393576966 1.090066807994024 1.3650221130114633 1.6256066877108621 1.8214381203461951 1.1929164433145685 1.448478292502266 0.9692416098838722 1.2706175748234714 
1.7178527426176815 1.8959195212136748 1.3141500048773314 1.5396373017432026 1.1130541520155657 1.3719993917342272 1.6421211137912728 1.8275816091105452 1.2134800955759801 1.4546569107384357 0.9921860976445346 1.2759020487322252 
1.726684788060696 1.8958089808364689 1.324690702511424 1.5386542145070186 1.1236736880964198 1.3694137036776763 1.6509478586921547 1.8270961021851615 1.2243340770068478 1.453150118404912 1.0034097030227533 1.272588844293478 
1.7322230107355405 1.8945352678379201 1.3310816782307915 1.5363742240358305 1.1289492412512177 1.3649885389561702 1.6575470730454989 1.8265074928731337 1.2323328180981388 1.4516581886662232 1.010639465764968 1.268881181167764 
1.737526833451098 1.8938208268372696 1.3370581456924753 1.534692904838815 1.1342683778377143 1.361661698133057 1.6651827708100393 1.8276737912993664 1.2415952030362392 1.4522797510819325 1.0199994687266263 1.2680523425326733 
1.7435950441433012 1.8990337882620942 1.3438931516906694 1.5402124704601896 1.1410912357743705 1.3668558297644562 1.6755352539893276 1.8367427795859386 1.2543299057907695 1.4627197829936807 1.0341102058103286 1.278901704104377 
1.751772573759562 1.9051243250392345 1.3540136010307282 1.5473022896177073 1.1518092000744742 1.3738471447203287 1.688668433060854 1.8472662559837438 1.2713169386176681 1.4754790076772353 1.0533557613722915 1.2924201730459794 
1.7571631395946845 1.9086840565033933 1.3600518007599012 1.5508686047342144 1.156559995136547 1.375893728000186 1.6985917098438488 1.8549033196234916 1.283484475305506 1.484178199122413 1.0654682163022273 1.3002596080591944 
1.765329444776722 1.9135892233171907 1.371615771342576 1.5578079121623722 1.1694923342184378 1.3831659288732099 1.7096233910881338 1.8623232282167588 1.299135833912563 1.494386021734575 1.083575752107664 1.311324550809482 
1.7792298342164625 1.9160805011131292 1.3894152737630103 1.5608268599514616 1.1896599526612386 1.3860001755937623 1.727265516550927 1.8679271528745278 1.3222186523665216 1.5013220335577373 1.110440527298036 1.3186295341929588 
1.7806244769064166 1.9126222781715814 1.391130239969734 1.5565165581381555 1.1909760204799464 1.380552183931578 1.7321605461845186 1.8675868410754692 1.3285330159835134 1.5008332438209948 1.1172199923731447 1.3174524517257729 
1.7835565096729427 1.9134549987905987 1.393898125544593 1.5566593055632725 1.1930594560191583 1.3797199262157265 1.7371471679154675 1.8702717696090934 1.3340009161154012 1.5032613390215055 1.1224960246685642 1.3191791139177158 
1.7820233499037577 1.9109562056735394 1.3928808375457715 1.5544334749361937 1.1911668042731085 1.3765989815491693 1.7379792583751426 1.8699514172678953 1.3360695006406702 1.5037380459848084 1.124207738161506 1.3190865926625932 
1.779439135610749 1.9046247397907887 1.389238058988858 1.5463421829023256 1.186512811453433 1.3671153622950514 1.7370527176752957 1.8650854956444034 1.3345152270330711 1.497371915478292 1.1219452564109933 1.3114697558324133 
1.781637054821955 1.912950088746345 1.3909901555060158 1.555635259189843 1.1873197338184227 1.376544803932894 1.7396165201545568 1.8738764858214774 1.3367455460163875 1.5073274699661816 1.123282329779406 1.3217074711579146 
1.7848111891887752 1.920786151114551 1.3936075603459712 1.5639726626490154 1.1892937246338475 1.3850227509732287 1.7448763969328744 1.8837362070718529 1.3420822224340243 1.5182401486699826 1.12847783450693 1.3331656612114828 
1.782308500792579 1.9183867154558516 1.3915721698846562 1.56206821299119 1.1870722876040407 1.3830128755863014 1.7434923719068836 1.8823787209107232 1.3414973585130499 1.5176294544247255 1.1279550854965326 1.3326164763117294 
1.7834403086551818 1.9207012294461858 1.3905835230348769 1.5627400336575785 1.1860799865675544 1.3839145973636124 1.7451959404422446 1.8852434189770004 1.3411830861355545 1.518948961879921 1.127756742624973 1.3342672703758005 
1.779707477819397 1.91713573467459 1.3897028083033722 1.5618337344180655 1.1853878539137641 1.3831829534686582 1.7418375223786746 1.882033122165038 1.3408628353289085 1.5185400428458515 1.1277338391510114 1.3341043177076821 
1.7795465369937364 1.9163837786117894 1.3890938659883283 1.560552042748463 1.1860139879977807 1.3828846984931173 1.741414028164009 1.8810273063106766 1.339895036443676 1.516924394387011 1.1279920743898868 1.333456797007837 
1.7822741032410532 1.9189142532389767 1.390471639079237 1.5617753715831544 1.1875696944111114 1.384215558099135 1.7436637914987225 1.8831076310141435 1.340624413392394 1.5175654022096379 1.1287976868259877 1.3341346071456583 
1.7789722391617162 1.9191842734370377 1.3900576801370688 1.5654987709378918 1.1891299342410189 1.3901640364388836 1.740361717766755 1.883450279770626 1.340289907097733 1.521480556158392 1.13055149439026 1.3404002123127443 
1.7810351288920188 1.9202782471421713 1.3949415117299397 1.5688353123407854 1.1932663709111264 1.3925756884447644 1.7427643513761149 1.884836863107099 1.34573521735422 1.5252493866012238 1.135352846487562 1.343282733503044 
1.7879767314985058 1.927174410233822 1.403783475319495 1.5772597949165128 1.1988557956568755 1.3979970078151382 1.750041505170686 1.892032157469867 1.355135610564522 1.534122856260241 1.1415076417703387 1.3491405083608157 
1.7893708050636572 1.9297392798028856 1.4079865270712502 1.5825523278597013 1.2036855747304445 1.4038891597324055 1.7523254717586458 1.8954393604054338 1.360596465295335 1.5405416422071037 1.1478918258155515 1.3563559465620225 
1.7934608425552343 1.9339626368570129 1.4130884267373114 1.587617267718807 1.2101226755081196 1.410002332182089 1.7582218096869717 1.9013294346427527 1.3680866347051746 1.5476985258889828 1.157254953784571 1.364898792965592 
1.8019333772238002 1.9442368154762346 1.420690072025975 1.5973268855976757 1.2176438664704758 1.4197709266826002 1.7686888390197892 1.9134662547254837 1.3782803031579498 1.5597273777084155 1.1678839406692645 1.377332856492275 
1.805408699920514 1.9535599790200147 1.4269317929560195 1.6102889056404381 1.2259060444213008 1.4351800053054946 1.7728948574319572 1.9235519731446509 1.3855648463744596 1.5737490147379538 1.1774978690038806 1.3940578357402107 
1.7990165028376865 1.9605333612520701 1.4165659041083616 1.6167528084968152 1.2135013901443787 1.4421568246838967 1.768556767814463 1.9326209468186824 1.3776761681114833 1.5827894071171753 1.1678691225399958 1.4039761288862214 
1.7848823177643114 1.9642957500253622 1.3982977257607552 1.6210766284070903 1.1923977907844763 1.44722679520789 1.7558578679687318 1.9379602054241725 1.3610541848536744 1.5890630570898374 1.1484966067462716 1.411275083393631 
1.774458867773553 1.971561802079813 1.381662759945494 1.627065963082075 1.1719756017171177 1.453230359241163 1.7471029197446268 1.9469772156294485 1.346349256686466 1.5971875240497593 1.1301288199936323 1.4196981424867048 
1.7542525741634527 1.9673550872628711 1.35894431760801 1.6247503204428364 1.1490449698593612 1.4537497336815233 1.7290500741618504 1.9449159633205493 1.3262510031510248 1.597506077853571 1.1101875552171805 1.4232358740486764 
1.7405648575008317 1.967000300245755 1.3407152935529936 1.6238970584267003 1.12871389358282 1.453794762532487 1.7162259589130127 1.9454962606098452 1.3089625728976708 1.5977819548508145 1.0908073030773537 1.4245647512299642 
1.7299816529200909 1.9671130499084513 1.3261258061888885 1.6233628323699323 1.1129394899275207 1.4544179385307818 1.7051538066814178 1.9453140456286562 1.293569727088621 1.5968781639562015 1.0739400789802613 1.4247963099756151 
1.7169028892331826 1.9632359876126073 1.3094428979750319 1.6190060886411914 1.0948281851766741 1.4509268648202946 1.691778622059414 1.9413023767711328 1.2763228737499184 1.5923379321165623 1.0549920047361734 1.4211080683949584 
1.70818482918928 1.959738260276716 1.2966243810265214 1.6136645945153565 1.0798216891100167 1.4452313027306078 1.6829415342406906 1.9377747149223539 1.2631831151786386 1.5869184669013117 1.039428533989908 1.4153057321273061 
1.6992848969396186 1.954018053285867 1.2855960744211574 1.6072879823376676 1.0680956193932685 1.4392517652471684 1.673858877721503 1.9319474460054782 1.2517953699095912 1.580382561194311 1.0271624183774881 1.4091415916532626 
1.6911901638208078 1.9478544862551335 1.2744294612901297 1.5994322058856543 1.0554564194718083 1.4310839188615914 1.6661092676425069 1.9261186415027114 1.2409538159513633 1.5728888399197987 1.0147828215555534 1.4013554525331002 
1.6855225899710304 1.9406549209642219 1.266972068398767 1.5907147271156603 1.0465283383180075 1.4213995510983708 1.6607825327666024 1.919206539719644 1.2338680812561162 1.5644761304994876 1.0061976857172004 1.391973025493903 
1.6828253110078597 1.935575008814874 1.2630828845997002 1.58427521622624 1.0421486071423307 1.4144339174202163 1.6580390354478085 1.9140645314222557 1.2298661671371809 1.5579218133297636 1.0016317362527507 1.3848522384892545 
1.6815555262201036 1.9298663650111554 1.2614255315956506 1.577323546645193 1.0401815974921735 1.4066744309901174 1.6573868696418979 1.9088442667492207 1.2290226278068968 1.5515320875513243 1.0006397971604817 1.3776919839722412 
1.6826488299665054 1.924178548827434 1.2619573648058202 1.5696153647845228 1.0403997386522403 1.3977079877312177 1.6593491118109083 1.9038370407279217 1.2307188064166608 1.544611531501578 1.0022794051898154 1.369569278586392 
1.682987061253024 1.919925692844671 1.2636746620649992 1.5654209878639964 1.0426281095122507 1.39310537736565 1.6599322436608943 1.899748475784384 1.2328030080856756 1.540607826296196 1.0049890446890901 1.3651637988333452 
1.6835371777725017 1.9145930268185454 1.2614280160763038 1.5564606224194044 1.0383733098179093 1.3818784895721474 1.660761270364347 1.8945967978813327 1.2308660398037634 1.5317964085811795 1.0010243247505026 1.3540379345284974 
1.680895669799497 1.9080322071051892 1.2568608739039893 1.54753866089048 1.0329601056917443 1.371926831340032 1.6578817841060622 1.8877893581304828 1.2259123189162837 1.5225103166385114 0.9950720261723268 1.343631269311153 
1.6717578948016067 1.8966620234537044 1.2485275474860376 1.536676091182361 1.0247368515045703 1.3611164488064569 1.6490211656408478 1.8766521193634957 1.2179151787918154 1.5119093078328143 0.9872091777994672 1.3330920197463865 
1.6555898717031945 1.8838183364555618 1.2274554861526343 1.5213285877699796 0.9990433612642646 1.3438308446996596 1.6331135069939873 1.8640958741991251 1.1969665299941348 1.4968375247187653 0.961337371127431 1.3160407450402896 
1.6462950420471691 1.875958635596502 1.2145825695559318 1.5113385640779136 0.9820696263855685 1.3316884726050195 1.6238164383110212 1.8562632524319094 1.1839355042100435 1.4868210097819745 0.9439031787895885 1.3037970117810096 
1.6350806219231424 1.8615721636478586 1.201411240745054 1.4951091096199534 0.9668143661471782 1.314036642894166 1.6119899376759677 1.841323936587088 1.1697913866876306 1.4698211349169563 0.9272286328455188 1.2851907320894318 
1.6267686108889885 1.8512300282713896 1.1906986000553161 1.482713613741268 0.9527386414823795 1.2993796301211167 1.6034519915213208 1.8307743698538304 1.158639431364948 1.4570936264062408 0.912355793927835 1.2700667694706802 
1.628815468112361 1.8470103726189762 1.1882075486892387 1.4731750290315437 0.945260497620677 1.2852723041293974 1.605417178381398 1.8264095389704056 1.155924593666079 1.4472626415554608 0.9043461150699382 1.2554877073241657 
1.6177098333268825 1.831724462806153 1.1798242593041093 1.45952550016863 0.9379783903920654 1.2720192072616239 1.5932232509107096 1.8101352794867267 1.1460194174805634 1.4323372186892618 0.8950858524423733 1.240728852748452 
1.6084322685637373 1.8206418323099933 1.1659274225084038 1.4446691917380565 0.9197666370102201 1.254453261607259 1.5829432077232242 1.7981633735222977 1.13050501585667 1.416235824245768 0.874428672263833 1.2216005164852748 
1.598966720158881 1.8090510900402037 1.1549596741772632 1.4317482750733976 0.9061591503569613 1.2397966284740614 1.5724964526559828 1.7856977257687399 1.1180261045322915 1.4021246893966492 0.8585889163130689 1.2054651390295987 
1.5919765600990612 1.799612267880179 1.1459362599659895 1.4203467389003435 0.8946935430105887 1.226658665931497 1.5648385660204185 1.7756504961576307 1.1079261174396242 1.3898615860958385 0.8454625395041699 1.1912270365068283 
1.5873374590682756 1.7925741008731912 1.1363037267215705 1.4088533839691517 0.8814667490956933 1.2127099108695905 1.5596729344966302 1.768123683671855 1.0973265753645676 1.3776092737642738 0.830616086649741 1.1762673087191235 
1.580499951552916 1.7835919217070844 1.1309629345203005 1.4008201903095094 0.8767555541077399 1.204956575142345 1.5523546134111141 1.7586997731559442 1.0912845221017156 1.3689857393336025 0.824939422369164 1.1677949721157264 
1.5713855601372726 1.7728624389353873 1.1188592287718462 1.3876723758106342 0.8619544355752978 1.190274799274491 1.5428759304648998 1.7476426366931914 1.0784523781827042 1.3553037227086517 0.8088133327337836 1.1523747897224799 
1.56505209061483 1.7657391025454043 1.1105631011058534 1.3790565374406702 0.8519617577907181 1.1807986147763938 1.5365647510918146 1.7405395043542822 1.0700437325165035 1.3466403088493417 0.7984247144833696 1.142772311800496 
1.5609032091694859 1.7608059048275593 1.1047006932176697 1.3727280239273911 0.8451412277220891 1.1740026835044288 1.5327776667199975 1.7359222280032018 1.0645901412260026 1.3406605740736914 0.7919925769826381 1.1363409911094469 
1.5557306770871397 1.7543633904154547 1.0973301113293166 1.364414284310308 0.8362743131473129 1.1648380543363142 1.5276840679505728 1.729540857415635 1.0571915839004822 1.3323464305765262 0.7828635888007629 1.1271061905029223 
1.5520959331872917 1.7496008013648512 1.0910708619592633 1.3574007529600571 0.8283242033265296 1.1568155272715395 1.5244358861219878 1.7251104165289044 1.0513508505235205 1.3256846492347 0.7752573578473989 1.1194307255103058 
1.546262179005585 1.7430229624371274 1.0840638290354954 1.3499617427109185 0.8208005632448725 1.1493110484038254 1.5190043851428146 1.7188881998091383 1.0448167213837554 1.3186524571103257 0.7682194741628853 1.1123684110235692 
1.542747532011006 1.73902515926195 1.0776386835697993 1.3436679981848383 0.8130811995895921 1.1424708285755267 1.5159589581799535 1.7153046726182641 1.0389257662056757 1.3128234095665916 0.7610273664501495 1.1060294794923191 
1.5384954987004738 1.7342170946342386 1.071953100989787 1.3377682843159424 0.8051840671061617 1.1352805440601985 1.5122232972486636 1.710952901906309 1.033892814532348 1.3074688844257902 0.7537720365877338 1.0994147601981794 
1.5361347936359426 1.7313485827871116 1.0673605657972098 1.3330852892140623 0.7983531615888672 1.1292588638212853 1.510422236150852 1.7085763495843374 1.0300115555948584 1.3033731681904994 0.747685092708782 1.0940250494202315 
1.5313229578627365 1.7264169635859932 1.0619655955243936 1.3279067952825154 0.7913774894937813 1.1233182370804276 1.5064028703230354 1.7043518235967245 1.025704895434101 1.2990904754471415 0.742009391663933 1.0891021385515134 
1.5279951703142292 1.7222750724386653 1.0571415663493748 1.3225015977092844 0.7848654802599041 1.1169046542760979 1.5036741152934734 1.7007345559033045 1.0216725971678058 1.2943249516422102 0.7363969219134542 1.083394024002168 
1.5253210934239978 1.7192120561536846 1.0538465495717013 1.3189686144955004 0.778438553801249 1.1113290412943322 1.5015493286216675 1.6981566601065345 1.0191361529669039 1.2914039469756085 0.7307616097498418 1.078470299203543 
1.5214729439552612 1.7151867404419523 1.0479480488974107 1.313461361665386 0.7709269142972568 1.1051307355186035 1.498459777927953 1.6948059893297196 1.0142469620698353 1.286733280624967 0.7244515815897499 1.0732267838010239 
1.5187315982525023 1.7125055255533046 1.0445241061510262 1.3104045619008657 0.7642261635998862 1.1000777866362905 1.4962827739202906 1.6926286205339314 1.0116061883611627 1.284319503803707 0.7185806156101068 1.068872119877116 
1.5152941023388993 1.7086902281405634 1.039340445755408 1.3052718649166732 0.7568797710224855 1.0937884013569763 1.4933803073976335 1.6892870749766158 1.007123174255786 1.2797668409843452 0.7119940405109091 1.0632222688050932 
1.510756232611446 1.7039570613294015 1.0344777182589917 1.3004727686708129 0.749767313754294 1.0877666557007204 1.4896285391111201 1.685253232310898 1.0033707887587369 1.2758676311492227 0.7062292934552701 1.0582273325776128 
1.5092962316960512 1.7027135340426176 1.0310830314828674 1.2978406997054375 0.7433279495699727 1.0834180654816035 1.4890015625014972 1.684750402027523 1.0011407273365216 1.274182490827707 0.7012039494554347 1.0549621996696847 
1.5075158395655714 1.7004875743565697 1.028611191919031 1.295027014444521 0.7391222102880483 1.0795163851193228 1.4878680264529813 1.6830939510737628 0.9995940384681622 1.2721014997794358 0.6981754072875167 1.0519044078912732 
1.5044314987229728 1.6978127342348006 1.0256555737428865 1.2927580214912031 0.7352589323155821 1.0769678006931545 1.4855442379107562 1.6810995297631397 0.9977459117379784 1.270728472400713 0.6957968424690141 1.0504223875041172 
1.5046707069359926 1.6981427414122934 1.0258645576835472 1.2930788547537462 0.7353525447778501 1.0772178048153773 1.4858471687664445 1.681486438491628 0.9980510825259696 1.271125799136836 0.6960253140017683 1.0507645176876026 
1.5041947877444097 1.6982425072401908 1.0253592753164376 1.2933627864591781 0.7339504938873261 1.0770835535822882 1.4859509377087283 1.682104587472922 0.9984036624920052 1.2720988669114714 0.6957956289582811 1.0514548070161884 
1.5041154465030568 1.6988656595826197 1.0254907006936191 1.2943772363994548 0.7335144156791262 1.077879701501559 1.4863355926603823 1.683144303649895 0.9992304012634373 1.2736728966689563 0.6963286692425423 1.0529268106136769 
1.5054441514896926 1.7006102313271316 1.0272362690513415 1.2965058496183193 0.7356703960704958 1.0802425641005449 1.487770838729715 1.684985202966044 1.0011564951467478 1.2759417672505748 0.6987924634500003 1.0554733405512997 
1.5062491417282202 1.7020977239151105 1.0281378560081327 1.2982363558909447 0.7375028304738904 1.0827098455989952 1.4889606199483585 1.6868176880021741 1.0026388690635326 1.27813727218832 0.7015181221871606 1.0585262682413696 
1.5063592740674216 1.7027037895033093 1.0281830929211635 1.2989389534496723 0.737404015834556 1.0834420218862337 1.4899453887471612 1.6881999862779675 1.0039818083256937 1.2798677289739475 0.703266437027198 1.06050252883665 
1.508361481483328 1.7055385777643906 1.0314511794663768 1.3029194207788062 0.7405111696811737 1.0872277929866307 1.4927770476472968 1.6917714962141253 1.0085239168123776 1.2848455051883008 0.7082271864187225 1.0655013979355352 
1.5115492188727861 1.7095037711555159 1.034824506220707 1.3070898443469485 0.7434181570791301 1.091005343155995 1.497029016630917 1.6966785137894953 1.0134972097815218 1.2902707842755063 0.7134321213927294 1.0707975972866817 
1.5121405861969748 1.7112138080918264 1.0367639783596505 1.3101767405217244 0.745714329501673 1.094428346582877 1.4990886207239817 1.699691218240575 1.0176330808224199 1.295090974319615 0.718879267738422 1.0763228819290844 
1.5146148262276782 1.7147636011907588 1.04017229333832 1.3146537703778511 0.7492307573963445 1.0989553512171 1.5029254050779433 1.7044473912000628 1.0230762929658277 1.3011691809171857 0.7253091956046746 1.0827878672060838 
1.5181892199645506 1.7197636110746646 1.0450439012867212 1.320910718397186 0.7555282943851739 1.1061244839422777 1.5075009193418656 1.7103354618835949 1.0294548410768538 1.308612104550684 0.7338143619585065 1.091408213354 
1.5222559314012774 1.724246836872949 1.0507226202411226 1.3265677737930959 0.7630602392251676 1.112665701127868 1.5124412348935645 1.7155880982294003 1.0364523110140527 1.3152936656071792 0.7432874928359618 1.0991998593460472 
1.5276041225539163 1.7304952595265093 1.056983820710478 1.3335120116608323 0.7705550981232426 1.120176167950256 1.5190086532089673 1.7229122950759044 1.0445227285816812 1.323656760086889 0.7533711519056991 1.1084257216988966 
1.5309250618696395 1.734497406818632 1.0634959672046527 1.340064693013199 0.7790919582825636 1.127711837598843 1.5238160337326023 1.7282259730314664 1.0532366457072029 1.3319373637902645 0.7650281295877688 1.1180419259851393 
1.5373755028751468 1.7426365688693126 1.0719851536474794 1.3499670158787622 0.7922631017790808 1.140587391110655 1.5325789400355894 1.7384064489527788 1.0650948034051289 1.3445020321890964 0.7829148057359818 1.1341139128679314 
1.5451694413425638 1.7509809358639206 1.0840387436152317 1.3614424824276972 0.8070934721944478 1.1531632617105396 1.5419295358928988 1.748122515431596 1.0794156237793162 1.3577642373250558 0.800873250932312 1.1488183491565975 
1.5533111699491509 1.759394074620237 1.0955797805220762 1.3722197253387665 0.8233419947317154 1.1664407226296585 1.5511917071364196 1.7575231524531334 1.092572733088649 1.369820096293232 0.8193364155759221 1.1636168102123652 
1.5628712642228597 1.7687187358236358 1.1092878591842426 1.3843117179499567 0.8417541449458744 1.180825735853331 1.5618075092448365 1.7677788532091792 1.1077886359471105 1.3831106390500945 0.8397774395240445 1.1794174519030827 
1.5730047078849096 1.7777939602856372 1.1221686931242065 1.3948011076953193 0.8593570972698659 1.1936088868754664 1.5733338360526319 1.778085181836936 1.1226300033706962 1.3951722756233689 0.8599593997789021 1.1940425970073638 
1.5864100915112715 1.789019359103976 1.13860193327115 1.407234042811927 0.8801668855670497 1.207719766853553 1.5882659535382608 1.79066524732257 1.1411862789084 1.4093258714608203 0.8835075026103626 1.2101565171368538 
1.593803899916486 1.793148434957073 1.152381316487299 1.4153279256020495 0.9016090315591343 1.2198644532033058 1.5967933287025595 1.7958060510503355 1.1565123266913329 1.4186934835224274 0.9068830734934907 1.2237676852201158 
1.606261317546074 1.8007245767981426 1.1693467464549812 1.4247474845336103 0.9252404480160009 1.2323163018822927 1.6097544422193248 1.803841164150782 1.1741404334426313 1.4286844783523234 0.9312914853282243 1.2368659635889614 
1.6151135674701085 1.8061906644886692 1.180945676915759 1.4312112256707674 0.9422164654823327 1.2415734970133745 1.6189839938819717 1.8096524674936953 1.1862335471761114 1.4355775524526775 0.9488357099340328 1.246604221517808 
1.6201430454527435 1.8083623518888272 1.187404850810746 1.4336112400957557 0.9527932995822809 1.2462447511339376 1.6252317948307835 1.8129228596189333 1.1943388040790144 1.439359610010261 0.9614208084542845 1.2528530955099604 
1.6241064785176862 1.8089469054682394 1.1916506044823374 1.4333869737105607 0.9596359688773237 1.2471841267443713 1.6314703998182498 1.8155612682372138 1.2016675809403865 1.4417253650827955 0.9720468119813571 1.2567585519594127 
1.6238998849371842 1.8054606960825816 1.192374731826786 1.429823412138366 0.9640264757251223 1.2457867131652192 1.63494573399211 1.8154021708423176 1.20737492847044 1.4423563036569709 0.9825190902465967 1.2601512811956348 
1.6273394986420995 1.8048173155199725 1.1962713228363873 1.4283545695662265 0.9701104637311774 1.245088756033368 1.6425579556657108 1.8185511640536045 1.2168927116721178 1.4456692465016747 0.9954281017334802 1.2649145442600935 
1.6301946616160814 1.801561688897044 1.1989896344679423 1.423258946116823 0.9750056268358506 1.2404538913242886 1.6490884770689442 1.8186760814783842 1.2245547411208573 1.4448613075799246 1.0062773687217506 1.2651814205644856 
1.6344192425844628 1.7997921221158764 1.2054947753227179 1.4216691160851633 0.9854116734291155 1.240548906101799 1.6588288301239429 1.8219875164090367 1.238387855419444 1.449665445111516 1.025389191112511 1.272536213846337 
1.6445959202774765 1.8011193242740249 1.2161238306164879 1.4206661292060567 0.9982198764767811 1.2392651052431518 1.6733560201084883 1.8274176997373424 1.2547437190252517 1.453862744454689 1.0449246627548419 1.2771854329396808 
1.6563809603357074 1.8087468562412596 1.2335287194721654 1.4316285852003097 1.0204657357121991 1.2527240805391426 1.689409541171897 1.8390410278192926 1.277536619358772 1.4697166795007262 1.0732460248249887 1.296080373280392 
1.6677937183523088 1.815782689860056 1.250107901333089 1.4416312478561986 1.0420007883756233 1.265423459872394 1.7047280228515693 1.849764450332912 1.2989732521862873 1.4842042985099526 1.1001488026150918 1.3137192537659712 
1.6785835956261754 1.8215114635722993 1.2643682515411796 1.4487540163620944 1.0589491316891948 1.2734340924937182 1.7183546061349793 1.8582259488138948 1.3167105758006576 1.4946530918060217 1.1209250324733138 1.3254184444337946 
1.6967569048690916 1.8362588544703984 1.284554968625687 1.463879794867372 1.0797532220933355 1.2879167702227265 1.7400568471808442 1.8763422976154802 1.3412290276537189 1.5138553071614669 1.1465953330713239 1.3444491229574065 
1.7097999730074978 1.8441353666410825 1.3018873598343446 1.4738826277884003 1.099166706053472 1.298301486749684 1.7553903713238375 1.8864820854003463 1.3612090602609284 1.5265350990188336 1.1688228504510167 1.3577798637984142 
1.7180510584144495 1.8443805013822419 1.3137658790359148 1.475134156434258 1.1131503988765443 1.2996706525420239 1.7657893796030744 1.8889288307607066 1.3756065857355475 1.5304683836260748 1.1855026378372213 1.3621514228891771 
1.7258503160307879 1.8512024600846797 1.3225392177714694 1.4823971186640812 1.1218299032133034 1.306481368647701 1.7747196216483239 1.8968450043015033 1.385705742451683 1.5390164520054912 1.195647420380929 1.3703882620423928 
1.734506556613863 1.8592892285969065 1.334752481524751 1.4933210062061273 1.1353798390567273 1.3181543231262718 1.7842004294743572 1.9057320412839995 1.398721689449506 1.5507629751759229 1.209936178703852 1.3828915348560347 
1.7462493116965656 1.868703277131158 1.3499282357965292 1.5049822328388895 1.1524947483614534 1.3307552082786414 1.7963380028994347 1.9155927281185656 1.4141251019130978 1.5628227932880712 1.2270646710995838 1.3958341543395225 
1.7596469560244634 1.8844367530183017 1.367344390944052 1.5245901579526742 1.172377941214419 1.352484566760804 1.809070083729804 1.9306680279442554 1.4303873046997306 1.5813767127810376 1.245330155037675 1.4161891333173546 
1.7681787783455185 1.8981506003558963 1.3784580137934743 1.5416439294569448 1.1848848380291859 1.3713028800492797 1.8166941344517658 1.9434240627283201 1.4401624497783054 1.5970558509931483 1.256134334118549 1.4333153786907644 
1.7741283708312794 1.9091581484487998 1.3861163197179558 1.5552079640319652 1.193826079204358 1.386569171368111 1.8218664510079903 1.9535994279556006 1.4467150171711254 1.6094526089663062 1.2636797840071867 1.4471489059901368 
1.7803458993754948 1.9193153748728058 1.3949881260509496 1.5684807485663124 1.204582144240541 1.401840978507598 1.8274889364434301 1.963123989875102 1.4546739027091742 1.6217941145605195 1.2732252093102538 1.4612468718266396 
1.7847772473722037 1.928501918131662 1.3998438802729039 1.5790037095072005 1.2092815534595325 1.4128169382611109 1.8312431204887842 1.97158342249003 1.458624157463978 1.6313412451836984 1.2768646831741803 1.4710789389551806 
1.785876974111369 1.9351317698185773 1.4021329825167013 1.5878776088103201 1.2123593669622799 1.4230929816990807 1.831557326010076 1.9773670975216462 1.4598707382714333 1.6390854072808956 1.2786950013436276 1.4800132791165015 
1.7875373088896604 1.9406776809332582 1.4031280749356025 1.5936463300470682 1.2128120541421452 1.4289343264378842 1.8325105920109956 1.9821794319466866 1.4599910389562292 1.6439324999623584 1.2781699878468786 1.4848093306658905 
1.7907229905231017 1.9470182799316498 1.4053729213230204 1.5997701089806624 1.2139079648754267 1.4344908158604572 1.8351311246851 1.9879380267976163 1.4615370210802052 1.6493276865401856 1.2785108381190986 1.489557423125406 
