1.6896266225847325 1.9215403867697107 1.313029434151074 1.6004766881111043 1.1478592884788144 1.468012357028063 1.7050026809794434 1.9350745402663665 1.3327574097888517 1.616700852844177 1.170374711170354 1.4856837815588786 
1.6884447447152333 1.9223350879481156 1.3117734209673901 1.6016479146043583 1.1467257038875907 1.4695259012200126 1.7038888949683573 1.9359142286776265 1.3315934884177265 1.6179208116581263 1.169346633978347 1.487245132719045 
1.6887941075040025 1.9234988956431038 1.3122826622112478 1.6030933377505627 1.1480059030946834 1.4716453436681813 1.703988308921232 1.936852761812379 1.3317794130186273 1.6190919890297277 1.1702427837590965 1.4890569622886292 
1.6918078748529841 1.9255912928174999 1.3163716668990448 1.6057777887910176 1.1529207975462017 1.4747590674325655 1.709500078307857 1.9411538989205803 1.339033605901872 1.6244072578311666 1.178729399707401 1.4950220531131204 
1.6960516003204769 1.9283660223229537 1.321842249192259 1.6091213182509423 1.1591869359812723 1.4784176803764388 1.7209722775192082 1.95032050317112 1.3536696350253448 1.6353672266159824 1.1953530447485587 1.5069417330108188 
1.6999673347867745 1.9292502062568375 1.3269147346163768 1.6102236279293787 1.164406701518868 1.4791755763066297 1.7304433010827167 1.956157314037409 1.3657407484080022 1.6423657360229023 1.2084651610460477 1.5141021974959452 
1.7021242216773869 1.930377042388572 1.3295289952539018 1.6114515223800094 1.1678353276129516 1.4808673175476763 1.737659319078642 1.961781988127338 1.3747292069279862 1.6489417976814251 1.219045690522242 1.5215784749203212 
1.704552569117509 1.9344566456462913 1.3328016262314133 1.6164724643139148 1.1711308077602176 1.48599139361071 1.7440037205651542 1.9693075002002864 1.3828990170453879 1.6580207309756716 1.2278423699095498 1.5310845627675502 
1.7067474079932625 1.9371871186572867 1.3368540801043771 1.620767117599478 1.1759301290007498 1.4908114858330412 1.7487195355607257 1.9742662515607463 1.3900403342535497 1.6649082103382515 1.2360602605260473 1.5386852133076863 
1.7182684548569238 1.9470738907181722 1.3459955609720264 1.627990879309955 1.183058551956073 1.4960874942049345 1.76127227207959 1.9851272677983143 1.4004776269531762 1.6733164185402591 1.2446931633123082 1.5452868095458527 
1.7171510884151227 1.9471291491951017 1.3506972581763983 1.6331219018938052 1.1898927624140083 1.5028469147738368 1.759602531756885 1.9846675119438117 1.404270733357795 1.677700913680755 1.2503751418535318 1.5511744126838993 
1.721407484022473 1.9516550549030378 1.3563956377283806 1.6387564960446623 1.1954884048156136 1.508279235860714 1.765249831810948 1.9904322887223718 1.4116204761580147 1.684751048668194 1.2577979840612643 1.5581301280665165 
1.724670778384756 1.9545330497830626 1.3604991656793766 1.6421535033894608 1.2001019397594022 1.5119374374273162 1.7686234630283177 1.9934239646533498 1.4158028252459027 1.6882558422390488 1.2624517123336956 1.5618881121432098 
1.7259843143696787 1.9561569691643281 1.362997148291283 1.644776416662815 1.2032815626652682 1.5150626236595535 1.7701437551820953 1.9952285955674778 1.418502127883554 1.6910578113625123 1.2658094562809088 1.5651842748284208 
1.72962187827509 1.9601015237297914 1.3664457457974137 1.6485084524283915 1.2070657109734542 1.5190173705813406 1.7730061680963918 1.9984886823867307 1.4209620003743415 1.6939714129901513 1.2684504960414695 1.5682387581066382 
1.7306888371042324 1.959910216330636 1.3678305472817898 1.6483096223941667 1.2086721976107502 1.5188326723102845 1.774099588071989 1.9983477058803356 1.4223592737410617 1.6938329636647174 1.2700527464626028 1.5681193143371457 
1.7323631498107346 1.9617416840456263 1.3699422999609034 1.650481825807897 1.2110546014206667 1.521184275399325 1.7763140574296457 2.0006598868178895 1.4251145403167318 1.6965552761764555 1.2731310990711717 1.571054151683566 
1.7339764180646777 1.964806655181219 1.371876815754392 1.6540365689562035 1.2131237763742042 1.5249459894187762 1.7782559991194773 2.0039923583298442 1.4274334231775612 1.7003991153386342 1.2756133727757835 1.5751128374324204 
1.7354686522527942 1.9669851251679893 1.3738696302605025 1.6567126487813542 1.2149082594797558 1.5274754068829162 1.7802582744456295 2.0066137055776654 1.4300300142766689 1.703574149079555 1.27807283037084 1.5781790771050446 
1.735490347884208 1.9663085793128325 1.3749745034724281 1.6568034182362281 1.2161982991269351 1.5276062923015374 1.7809189240724153 2.006518102484812 1.4318869898561304 1.7043306701456882 1.2801889584429518 1.5790270582859718 
1.735569572176673 1.9646278997473083 1.3750939965927858 1.6548246263775264 1.2163554328671864 1.525477493660762 1.7818355515213855 2.005616857045612 1.4330456002045153 1.7032852775931342 1.2815056503447497 1.5779156430131238 
1.7358906584613705 1.9646840695728793 1.3757015585269394 1.6550594832915977 1.2166837132687567 1.52544628657762 1.7820741362955275 2.0056059788386777 1.4335364059742082 1.703435863880249 1.2817141285222107 1.5778017056504439 
1.7371383772080564 1.965108247758642 1.3776050091259975 1.6558370224780696 1.21862205000937 1.5261193874035675 1.7833457386522222 2.0060714611920085 1.4354329810788937 1.7042501362796012 1.2836323394060465 1.5785159697035187 
1.7387920497854998 1.9658653546713873 1.38085660689199 1.6577073834357077 1.222448062372083 1.5282696311506228 1.7844434657386206 2.006356718711122 1.4379171251561265 1.7055305506255993 1.286553518209507 1.580015428885826 
1.7430912191824988 1.969687011474445 1.3846733558464717 1.66090945784866 1.2255389044788132 1.5307663215432754 1.789766324946117 2.011109997660777 1.4429888433079203 1.7098294437431851 1.2910623942750132 1.5837114733091788 
1.7511883503470151 1.9776116469294724 1.3934180802584344 1.6691018944543499 1.2337906039482958 1.5383518589942615 1.7986366906996811 2.0197477894061677 1.4526001697408342 1.7188177450826774 1.3002586516270909 1.592155692390383 
1.7523703670066353 1.9783853484200113 1.39700425524154 1.6717737804030095 1.2384835708086603 1.5417678939590647 1.8017814120483566 2.022281617501126 1.458504454159455 1.7234970050693357 1.3074616280422802 1.5977054148005412 
1.756093958852991 1.9796643545156765 1.39817911596475 1.6703621776548851 1.2375846186503654 1.5384474812420377 1.8101555859428133 2.0277742008270963 1.4655040407040747 1.7271094515229688 1.3131690452184632 1.5998805910254583 
1.763546374393985 1.9825764630747964 1.4022179426316617 1.669349806343227 1.2390127128638229 1.5348179435809868 1.8218674065250111 2.0346288271471455 1.4748966712818121 1.7308477137686518 1.3207034243001605 1.6014902910283813 
1.758881884095362 1.9762095857572521 1.399477977747006 1.6644150488501508 1.2365612553362855 1.5299747000649553 1.820157598082883 2.030938828842181 1.4757529636964482 1.7290418313328484 1.3222677254848392 1.6000408690089294 
1.7542985496328982 1.9671420199731615 1.3966221998966255 1.656091149286201 1.234311491173962 1.5217125821731547 1.818035002205428 2.024187638225293 1.4758866613815877 1.723463304728038 1.3233339432071143 1.5947717864146238 
1.7535678679139282 1.9610481966897704 1.396635970960293 1.6496368684471743 1.2348059780306377 1.515076092392788 1.823455995131278 2.023783962912099 1.483436393708945 1.7237439765058498 1.3321926670644153 1.5954457259776027 
1.7618916799728892 1.9595828019141446 1.400798581794574 1.6425404507523367 1.2358435829657772 1.504331023132106 1.8372284996803445 2.02758748902179 1.4944507134187095 1.7231034212831478 1.3410651101410735 1.5919039214844874 
1.753281038637685 1.9439130762578967 1.3962724348945803 1.6292269209801438 1.2343909528372443 1.4928243942428188 1.835210567201061 2.018118300191156 1.4978585173394847 1.7170858410593337 1.3482301175861782 1.5882468629172353 
1.753240771228518 1.9345448912594325 1.395373000848866 1.617305334776946 1.232988053915353 1.4794831109201516 1.8411666579313153 2.0145732542347448 1.504362746108122 1.712226038313274 1.3551018417366163 1.5826912951924546 
1.7535011850557303 1.9257308316978907 1.3956319309874827 1.606692664124614 1.2337796592551888 1.4682932533223223 1.8471367978392532 2.0113645070180217 1.511600618791832 1.708393766346579 1.3635835843584543 1.5789341410242068 
1.7527403640189552 1.9206780339248168 1.3954798880891477 1.6013336455596319 1.2345165581964868 1.4631939238533287 1.852144841490886 2.011801640371461 1.5184550860204262 1.7095646155092532 1.3719959411970941 1.5809105569263873 
1.7537823978901745 1.9167835091500056 1.396556760733129 1.5964576749007187 1.2366228174950558 1.4586097197500807 1.8586355770051886 2.0131648044582464 1.5261534309856954 1.710979431994847 1.3813071713813008 1.5831348090132469 
1.7544017480288259 1.9125121553931625 1.3969383948788148 1.5909789848161415 1.238335311895207 1.4537027191714955 1.8635013778923266 2.0130610116056094 1.531714324215387 1.7105338412456506 1.3885914577753242 1.5836551037541602 
1.7438551534635351 1.902168931856824 1.383215766343534 1.5781323472134174 1.2240747184144152 1.4406855192308037 1.8553741707756228 2.004901285011641 1.521403422364144 1.700554092830137 1.378311080119916 1.5738352145765864 
1.7445276599875508 1.8978036758267804 1.3826662287268174 1.5716386148162815 1.2242204718357064 1.4342237618940918 1.861931922187715 2.0062583378971013 1.5281294534369918 1.7010178311768633 1.3864088466472073 1.5749322288853067 
1.7474170590437303 1.894204273418535 1.3859044084773813 1.566931549442106 1.2291780020147773 1.4301825099745276 1.867424050181704 2.005446592257455 1.5344501407334943 1.6997295919048536 1.3945195465094924 1.574556514323014 
1.7497882550892836 1.8922483852941716 1.3894290850735778 1.5650425541972972 1.2349246727021044 1.4296446975554449 1.8720792545638658 2.005872814853524 1.540595657584559 1.7006704543115927 1.4028402421403512 1.5769609249973189 
1.7550144643432886 1.8919070565263398 1.3957361861233517 1.5643899902946705 1.242879379688214 1.4296802764723866 1.877932699394246 2.0064565193230974 1.5474608087619408 1.7011382939473674 1.4111359274903887 1.5781448432682468 
1.7629149590755788 1.895099350633747 1.405555931769508 1.568158114850811 1.2543608259717176 1.4342083103832755 1.8863766133337345 2.010459928268268 1.5576055507516817 1.705774735295505 1.4226625236268964 1.5835090943763 
1.7669530295934526 1.896779163695521 1.4105347913431558 1.5701135578770984 1.2604205117299068 1.4367700071443168 1.890281406412675 2.012165992772336 1.5622577201695884 1.707717005615825 1.4281808894637542 1.5859851323607923 
1.7673115899872807 1.896593113438771 1.411910173100035 1.570721337075221 1.2624205708492595 1.4378389616168323 1.8903353813128956 2.011726381912652 1.5631595998628454 1.7079646121870824 1.42957451552669 1.586618567042303 
1.7653643956935265 1.896212858542619 1.4085948925018754 1.5694748569194634 1.25830591383112 1.4361216968287784 1.8886071966881757 2.0114544237199037 1.5602773038733755 1.7069203321486242 1.426064327645275 1.5851723003832643 
1.7614963348230277 1.895269023995 1.4037824310038076 1.5683687223720575 1.252959284891157 1.4349502797361864 1.8847515816135982 2.0103392400574984 1.5556427290335528 1.7056376039812677 1.421029963229122 1.583824956273565 
1.7603664245195116 1.89456381982123 1.4025640406682363 1.5676951256464409 1.2512382298250042 1.4339034927691647 1.883394489791135 2.0093921774943806 1.5541784787390442 1.704685561203476 1.4191130904109122 1.5825182723038649 
1.759666591929079 1.894282262233192 1.4017742584137076 1.5674341599605706 1.2498726128495254 1.4331993310810958 1.8828567698131742 2.00923577259895 1.553606826848833 1.704574124727728 1.4180636971699472 1.5820187810172481 
1.7587442940106728 1.8932728335068614 1.400688277567532 1.5662784494766886 1.2487352522112525 1.432005677535917 1.87703097459661 2.003633152544422 1.5466064265982797 1.6980259035642242 1.4104621646804638 1.575025094522338 
1.7608155830265275 1.8999659345969995 1.4034374490617847 1.57449538221903 1.2514071397547042 1.4406314117875707 1.879201102322221 2.0101730816447247 1.5493746928903447 1.705860772211217 1.4131330775864845 1.5831437490540932 
1.7620472423359625 1.9025482725502054 1.4060643025920863 1.578574125020352 1.2544120701841839 1.445139815721569 1.8803809313603905 2.012638043013142 1.5517856765106997 1.7096544185839926 1.4158289461032252 1.5872778741555524 
1.7611768221790904 1.9022858896025172 1.4060455693116207 1.579212446056844 1.2544421895730546 1.4458813968582762 1.8798197395869742 2.012627650645007 1.5520768657965494 1.7105234298719325 1.4161933700384421 1.588254220249655 
1.7615598656039624 1.9013079960876011 1.406707631352958 1.5781968495680916 1.2548145520779754 1.4444509323568764 1.880488485858568 2.0119930122459793 1.5530518811188023 1.709926630392851 1.4169344887632067 1.587319212170838 
1.7606136891485822 1.8988840640643072 1.4057199576079797 1.5754519115343952 1.2533544414958524 1.4411445043288962 1.8799888425938542 2.0100642215156657 1.5526255456733218 1.7078191389656516 1.4161549498121242 1.5847696893294556 
1.7613991047159925 1.9003616736017122 1.4068526196067233 1.5773655181010837 1.254218745073721 1.4428833441738456 1.88070091932617 2.0114381999838575 1.5536226810761677 1.7095587499569296 1.416888775576368 1.5863232604845394 
1.7626552361287702 1.9010814458176615 1.408504322553598 1.5783033956854333 1.2555882493286443 1.4434884945963962 1.8815120183863216 2.0117764929316007 1.5546763073167902 1.7100221059133036 1.4176162547502658 1.5864403638057656 
1.761672010594813 1.8981233588028916 1.4074263266377995 1.5748755116621664 1.2539780607782458 1.439390492268575 1.8807628684108932 2.009142349240882 1.5539078348451592 1.7070482042148578 1.4164186073308873 1.5829168277307468 
1.7628874124162894 1.8982453607834262 1.4092087605659427 1.5752564082509868 1.2557008532512033 1.4395652308026199 1.8811926780890362 2.0085938646166874 1.5546649780887842 1.7066184737590884 1.4170033507708442 1.5822332056229258 
1.7579530978279483 1.8962745050237002 1.4041023383510476 1.5738364847730784 1.2500251753316332 1.4380614879770892 1.8813072262240633 2.0111625453162354 1.5557702792645447 1.7105201156615726 1.4182668029122305 1.5864862522199428 
1.752657327104982 1.8949960647491542 1.3967843857427602 1.57168985471523 1.2410321568173726 1.4350481502077832 1.876069499159021 2.0096863299616636 1.5488175101266062 1.7082265829903187 1.409960947570811 1.583411586680728 
1.7480625850168123 1.8940198272287596 1.3911670281945514 1.570647638757866 1.2342992666025772 1.4335560625017985 1.8714738914597928 2.0084827186748857 1.5433850542284189 1.7069346005092463 1.4036332871571762 1.5816999429777001 
1.7449887779965518 1.8927443879282535 1.387546846392546 1.569325247880088 1.2299125930463106 1.4318451275308723 1.868338522547212 2.0070337111104783 1.5398016919181183 1.705428020508019 1.3994241623017303 1.5798365322823433 
1.7432216662528321 1.894272059893536 1.3853912435457718 1.5712268317761444 1.2275562462442606 1.433994141164217 1.8654477022562976 2.00732159582198 1.5363535562666883 1.7058215349365538 1.3956961309157878 1.5803203944306041 
1.7393247802011218 1.8953303111335713 1.3806911106477366 1.5726837699619336 1.221899011793397 1.4352921278616697 1.8594755277716564 2.0061593993652846 1.5292829987878895 1.704621009978957 1.3876007143201101 1.5787533181791509 
1.7344532792580547 1.8952712162244802 1.3747556626284614 1.5727930369406586 1.2148354645502493 1.4351132397999191 1.8520666633166907 2.0034659294555075 1.5204525245363696 1.7016170792775382 1.3775514340194415 1.5752373657607988 
1.7244052388222004 1.8912616952493513 1.36112882111777 1.5671531641538585 1.198933654410222 1.4285444620023033 1.8387688058582705 1.9960881978603677 1.5033858325118838 1.692177985212386 1.3582853902613579 1.5646841769627027 
1.7151852320810366 1.8869417498664023 1.3495547643385502 1.5620457256395794 1.185319730515307 1.4225581361016078 1.8233425236605656 1.9857660349670805 1.4845927523024218 1.6800906008989158 1.3370491545896432 1.551254082614734 
1.7273564000394734 1.8970316820014708 1.3650435124043958 1.574265816346569 1.2029856893402058 1.4360165871316841 1.8293652748910836 1.9903633785661676 1.492032495281966 1.685565198008469 1.345359336748859 1.5572285685593268 
1.744490539591522 1.915145610423479 1.38654586174577 1.5959463941888272 1.2277799520778632 1.4601298151617614 1.8387078857513828 2.001345086566612 1.5033658480637107 1.6984240752898905 1.3583236201746327 1.5714892692997682 
1.738452167209912 1.9248144974196448 1.377834355238989 1.6065871972217505 1.218439314564677 1.4721716187580984 1.8259444360869366 2.0041876148396987 1.4867026119829212 1.7008761178512795 1.3403176896828752 1.5745305398996996 
1.7295200677064289 1.9313487624453667 1.366282138725106 1.6141856337482532 1.2062471142345792 1.4811821218875314 1.8093976158874672 2.003194476325065 1.4660855876718963 1.6994926678215618 1.3182231102431978 1.5737155225704706 
1.722288622694724 1.937672481505502 1.3569251094528725 1.6215863524289078 1.1966201926524933 1.4900323591062343 1.7957804290791481 2.0032782870045014 1.4490669419539215 1.699438597885693 1.300172732779645 1.5744032776844978 
1.7156297875111342 1.9430354672613415 1.3491819212380143 1.6285862322381026 1.1892522967795773 1.4987735935208824 1.7869857020512223 2.006319804661136 1.4388273656472828 1.70359192513216 1.2900594393032825 1.5799539917907417 
1.7132364184480728 1.9504677753699957 1.3457353280258268 1.6371160894563281 1.186705035253824 1.5091104525371164 1.7880754545814839 2.016521596347726 1.439804979459642 1.71527953877401 1.2924022773412231 1.5935649229751452 
1.7100006651801045 1.9551812853023118 1.3412392358249887 1.6424232923325217 1.1830108285710659 1.5159637871652476 1.7876925605697418 2.0234812266478777 1.4389805780191753 1.7231647301974353 1.2927710689508796 1.60308721540545 
1.7048725494408927 1.9565714137329846 1.3353250053215844 1.6445893581794484 1.1776303876162035 1.5193401913452727 1.7849112856321707 2.026694250442599 1.4361095910748212 1.7274235279100172 1.2907870535363646 1.6086368467671905 
1.6989939047115412 1.9553694276036355 1.3267418515472293 1.6422951168431847 1.1679138979595072 1.516875796895372 1.7800943139977077 2.026234210768086 1.4291254035692496 1.7260616238382018 1.2830348208552134 1.6071924781080111 
1.6929269289607776 1.953907603936422 1.3197156346730798 1.6411589485240514 1.1614057025865552 1.516778343701073 1.7759514778226824 2.026266761682817 1.4246583524412335 1.7266744797733504 1.2794003559404576 1.6089184593075467 
1.687637052338861 1.9509052872312893 1.3129749711350174 1.637625077405387 1.1537997266540672 1.512999150213575 1.7721239202908468 2.0244346885456688 1.4199322671405845 1.724563789074501 1.2741892236504748 1.6066956142925766 
1.6843267499778956 1.9495578906436968 1.308590982809793 1.6359186191773414 1.149296497815555 1.5115230094745828 1.773800091800398 2.0273593993051895 1.4219073546722725 1.727900429293048 1.2768291212496292 1.6106247151807587 
1.6816855120649195 1.947277691488569 1.3052666064406344 1.6332621223089239 1.1455976546279458 1.5087140990157977 1.7757350473449158 2.0290537707633702 1.4243909964504304 1.7299462295253718 1.2796729203859283 1.6128815918873431 
1.6802536191397088 1.9463377039332332 1.3025108846501399 1.6314143672752455 1.1420547205068983 1.5064087153731185 1.7801446205384803 2.0331977530855405 1.4290546700641267 1.73412095401448 1.284504429744051 1.6170744766868623 
1.6785072658543752 1.9451492284310552 1.2992097480876326 1.6291607805449806 1.1377312589209851 1.5035462403484403 1.7831293294447068 2.036116176662307 1.4318203565831609 1.7367580179362725 1.2870881793901807 1.6195106856288197 
1.675074893714036 1.9418040492570534 1.294930802611124 1.6252916198981304 1.1323814143437227 1.4990045809506685 1.781830701147303 2.034612423463272 1.4303462977723576 1.7351131368619999 1.2850417952545705 1.6174237174318575 
1.6723107341410717 1.9393574313012674 1.2914099765463523 1.622412950621219 1.1284184789002039 1.4959319230310748 1.7777210351918127 2.0309544883584785 1.4252749260979265 1.7308647173547242 1.2794518947437805 1.6129107866783734 
1.6697092743045088 1.936255036790993 1.2880982434187578 1.6187500089570626 1.1240477875510853 1.491522019783312 1.7701906228365603 2.023543759837797 1.4159247385290255 1.7222071222644766 1.2685145679803955 1.6032104403285583 
1.666611798752862 1.9320022538967832 1.2840343661063942 1.6136238950456363 1.119335489896684 1.4859171444808927 1.7587430368482628 2.012017616966176 1.4015443037101074 1.7086147185899607 1.2523953532580077 1.5885628543379233 
1.6683605028907091 1.9437087082342714 1.286486602653032 1.6277667381003151 1.121710689084195 1.5009369223474183 1.7477276355902083 2.012244682702812 1.3878663117914996 1.7090200918262313 1.236672952160651 1.5886902673163639 
1.6684147766999697 1.9429274317819514 1.2866632900299946 1.6269178098388406 1.1213885395842111 1.4996237510691839 1.7391079996684538 2.0039600226977607 1.3770951997994947 1.6993382027633022 1.224091918162525 1.5778973864516062 
1.668469730740387 1.9368364930672128 1.286939519012801 1.6198017422131945 1.121294487990064 1.4915916623784473 1.7386318111828334 1.9975947870719177 1.3766853881903809 1.691983160831366 1.2232541278315392 1.5696799099615502 
1.6689781324208237 1.9276820833889856 1.2878477475613723 1.609043824455661 1.1213327585061001 1.479140751726792 1.7385782193674522 1.9882465724801086 1.3768507686960487 1.6811270765111421 1.2225192733281958 1.5572487218742226 
1.6712918827243013 1.9190253196297697 1.2898103066963529 1.5978273521817494 1.123041716616146 1.4665143427120446 1.739927954933807 1.9790884034019651 1.3775860620520737 1.6694864415382775 1.222847262891053 1.5442788117694746 
1.675517409758329 1.9161616735190328 1.2936094976472847 1.5930293472071568 1.12548232967171 1.4598039056884524 1.7445269630771718 1.9767881256126716 1.3818253387831836 1.6654603674549748 1.2258573362766403 1.538519800835615 
1.6762540979331444 1.9090803165706938 1.2955182712866924 1.5852846575671071 1.1281307112376915 1.4517020203601219 1.747988631638564 1.9723651058101945 1.387084729473171 1.660952708844433 1.2321993982865191 1.533973667120026 
1.6792414892874015 1.902945293628845 1.2975095534693262 1.5763501681238754 1.128905710564071 1.440755674826294 1.7523299235601069 1.9677421000233162 1.3908052426577096 1.653991545989329 1.2350045688191482 1.5253147531588915 
1.6787211678594305 1.8928561097926406 1.297934403973995 1.5650665193464874 1.1293755595989008 1.4283867289986034 1.7535853097295637 1.959556309846525 1.3934096296851584 1.6451109047901087 1.237919962557891 1.5156666278107893 
1.6791676292669888 1.8833603367964717 1.297726004508702 1.552911785588003 1.128232298056619 1.4143374241736375 1.7553414046441564 1.9515803027029452 1.3948879175253186 1.6349784504690328 1.238760524903066 1.5039846638507055 
1.6755298822393738 1.868520562615539 1.297148452212425 1.5383636805765695 1.1291194391547292 1.3995997336799868 1.7526168898185053 1.9379459923117286 1.3952991375605053 1.621982857467085 1.2406354356043077 1.4910214588385675 
1.6761532267025412 1.8555413422732838 1.2983190372883469 1.5228842228105652 1.1296134408660954 1.3818721211766811 1.75050032089267 1.922965264102641 1.392980278627569 1.6043497405944065 1.2372502818125926 1.4711669835016485 
1.6821361273145792 1.8581998608376038 1.307323317170198 1.5272259255319398 1.1395445758797196 1.3863212515203285 1.75769893245029 1.9268705999980615 1.403216961819123 1.6100753441801692 1.248393137892423 1.4770951894637292 
1.6911818412879733 1.8626131724977626 1.3192521237057684 1.5328594116755065 1.1523257488671248 1.391792528203173 1.768787886390615 1.9333500451553463 1.4173710638510226 1.6180768037093232 1.2634750485237844 1.4851265967257403 
1.6998443236256815 1.8677900229957463 1.3306066836456407 1.5393774689797335 1.1643902647147348 1.3982036811575238 1.7788995469172648 1.9400135163092165 1.4302192209666496 1.6262520916089394 1.27703467534067 1.4933139011816807 
1.7119991098415004 1.877527085556448 1.3445126506277616 1.5498003976635475 1.178445884755889 1.4081554275711505 1.7921500562559178 1.9508892405869918 1.445190347233917 1.6379078559669007 1.292128312257761 1.5045805329852204 
1.7174688970031597 1.88659551412942 1.3498266526384972 1.5593508950628303 1.183231411082908 1.4175964848761617 1.7986043903908524 1.9607450050665054 1.4516577878870935 1.6482880679338943 1.2981967929144063 1.514878917568414 
1.717748919644463 1.8915434799812878 1.3503238958634034 1.5654552083849986 1.1833575184785532 1.4239418535388724 1.7991368098673652 1.9657488767235045 1.452448461536491 1.65435241685069 1.2986789157523577 1.5211319179938732 
1.7194429401583902 1.897738471876599 1.3533533920083587 1.5736876077673516 1.18721121240516 1.4333170430998612 1.8010855903872336 1.9720133333931922 1.4556753357464467 1.6625035236896581 1.3026495086171606 1.5303016125850908 
1.7151972528883812 1.9003480531091796 1.3526336715888194 1.5808348921237314 1.1887229125056225 1.443081172129915 1.7969388635387264 1.974439258608846 1.4548902063371827 1.669169439911913 1.30389793530623 1.539341070827336 
1.7184443718524407 1.9067719981034257 1.35655458509834 1.5883855753409906 1.1935551707195313 1.4516550344869577 1.7995823577739725 1.9802083365169763 1.4579732321312795 1.6758324317220175 1.3076771577156685 1.5468509761484233 
1.7230453398573267 1.9172077132861869 1.3611972206862788 1.5998931358950352 1.198670773817419 1.4641078500862053 1.8038405007660876 1.990135855886238 1.4621262539890494 1.6865981605836198 1.3121611688371402 1.5583860579728148 
1.7293261037172833 1.9276677324886673 1.3688955398415177 1.6122062873211978 1.2077180569147752 1.4778081806777226 1.8093150050662818 1.9997387082911606 1.46864802235185 1.697722335200312 1.319710164982448 1.570658789628734 
1.7417086101563173 1.9453410073950146 1.3786317726980797 1.6283207046072496 1.2167663073460944 1.493761359472339 1.832205163035147 2.0267655295600058 1.4913257328473382 1.7247768533386139 1.3431109870195574 1.5983584941472455 
1.7444359915695615 1.9443942663161915 1.381608592866764 1.6267926844202616 1.221372408024383 1.4931050509871302 1.836266820710781 2.027187206708665 1.495881416437573 1.7248980683632529 1.3492847984185103 1.5994316495065615 
1.7379732657010292 1.924457361437634 1.3749621310754345 1.604215049671178 1.2155712778325671 1.4698974777825493 1.815508040062478 1.9947567539004598 1.4717470003813495 1.687905298537658 1.3240588743449062 1.5608065115290555 
1.7344750738796852 1.907281823278862 1.3697414738226845 1.5828808788439956 1.2117368147869156 1.4483184317718047 1.8109795695727602 1.9771108145245524 1.4654128853705157 1.6663598339224155 1.3189197579117313 1.5391132184832732 
1.7313791609290439 1.893245503092338 1.3653208146437084 1.565504922694068 1.2079710157530104 1.430349157017041 1.8068554555634382 1.962506400850545 1.459847171898264 1.6485928852750031 1.3138671216296416 1.520839093848971 
1.7265695741486498 1.8766386656188905 1.3613674450257176 1.5472722796249696 1.2065303255102418 1.4129563380712973 1.800651863063999 1.9450134495359794 1.4541753532349015 1.6295263559930075 1.3103511223927158 1.5025811961008464 
1.723395159052923 1.8579852015791327 1.3567816501733245 1.5240979565917179 1.203141362536859 1.389088648462383 1.7957554413246393 1.9252936763224073 1.4475852918039234 1.6054660731659982 1.3046822866303696 1.4779086589119945 
1.7221867626190517 1.8488947230116402 1.3558633213345253 1.5135553500220233 1.2034064678820244 1.3786484607688392 1.7932189141709078 1.9152332822871185 1.4450163234165523 1.5939123647115263 1.3030325996460295 1.466416859961822 
1.7277301003223535 1.8574543029533432 1.3615668362441449 1.5228097181065958 1.2101401569900445 1.3890732117350364 1.796748575944862 1.9218196151459923 1.4481430851818096 1.6006884716146017 1.306787413912412 1.4740347801730764 
1.7273233674986426 1.8597594999748892 1.3610144407414824 1.525588309389807 1.209477821171951 1.392083324283015 1.7945782590198873 1.9223866701542773 1.4454153104719938 1.6013384406760647 1.3037260876989651 1.4747071212911567 
1.727033439548363 1.8595291528013886 1.3605931983213242 1.5252599844348669 1.2089438371232346 1.3916714303736533 1.7925109731653668 1.9204946648502437 1.44279760843933 1.5990212968307365 1.3007675768246416 1.4721414530262538 
1.7229403642475614 1.8566437354197813 1.3564863713113817 1.522713938030883 1.2043374661420776 1.3888956742223368 1.7868794230483263 1.9161264399912443 1.4368263114634001 1.594701323393669 1.294157373008986 1.467462356462175 
1.7229933601673484 1.8592296491775215 1.3554851827964665 1.5249160140744704 1.2026118086817417 1.3907925551931783 1.7853525099264766 1.9171625788912035 1.4339168547376693 1.5950380294841782 1.2903691827925718 1.4673382013362732 
1.721344285753216 1.8614832119831888 1.3535194463675984 1.5277789401923465 1.19993554547536 1.3935346826309167 1.7821241567565513 1.917826923498377 1.4300193186440697 1.5959476338825311 1.2856071224504202 1.4679507047906104 
1.7211667485818132 1.8666990941937296 1.3531135602098185 1.533970938011438 1.19988280978756 1.400667444136434 1.7804056488968154 1.9214564284582907 1.4277064141565277 1.6001550352586746 1.2834126598345874 1.4728538920285643 
1.72000468635961 1.8725875088761594 1.3509190101183048 1.5405031740308166 1.195989089707352 1.4066121569213812 1.7778195955830334 1.925827191556662 1.4238007463261917 1.604797938227433 1.2777387432644518 1.4767478299760664 
1.7145549034803318 1.8736062579017103 1.3450848729535434 1.542710344830957 1.1894264306162234 1.4090554021927064 1.7709644023718971 1.9253614743908352 1.4162872988445707 1.6051702730453397 1.26939025963982 1.4771775532644849 
1.7124412361107315 1.8798652460994247 1.341549723242657 1.5495786576655122 1.184476024549442 1.4157760448222205 1.767710320242672 1.9303466353617555 1.4114178860608397 1.6104467720022448 1.2630630395560032 1.4821493171244422 
1.7122585046519991 1.8866313127935463 1.3396398596462782 1.5563365565368885 1.180410030605086 1.4215893795372487 1.7660194100386044 1.935554979919997 1.4077039189521 1.6152952817033484 1.2571249779688176 1.4859043488371317 
1.7097427273927328 1.8934734433554488 1.3376598582122214 1.5656804856331128 1.1777154489401676 1.4314451318483499 1.7623812799086185 1.9411360752385032 1.4043153058242797 1.6229981407852383 1.2529091190395016 1.4939219348387451 
1.7080695329842577 1.9006062764257776 1.3369454833721006 1.5755081446914387 1.1760597100101082 1.4414989177897637 1.7595333656992869 1.9469875072760636 1.4020981994885593 1.6311597253148018 1.2496289757400234 1.5021235852915231 
1.7074017654655917 1.90867907761756 1.3364041331554688 1.5855002490491823 1.1745697533629156 1.451705596233279 1.7576630980466705 1.9537693310252926 1.4000481365421047 1.6395029177329998 1.2465042651491491 1.5104992272937512 
1.7086343264559476 1.915970184241803 1.3370871776902093 1.593522075813062 1.1743320909962267 1.4596459657408607 1.757578149802611 1.9597426968925205 1.3990896368223051 1.6458925533653677 1.2444699880123948 1.5166463122374874 
1.7074122154587685 1.9230989332059387 1.336621439861646 1.6030002828751528 1.1738216531900492 1.4700035057433773 1.755381367907789 1.9658119900432545 1.3973775963560529 1.6540003567707655 1.2425636992918392 1.5254565153414958 
1.7088759006213177 1.9294023844611368 1.338830587835638 1.6108395514030318 1.175500200818494 1.4778827556894762 1.7560836520975645 1.971336224646704 1.3985851037260193 1.6608362381054673 1.2431305931254044 1.5322240009229462 
1.710205019727313 1.9375920175827779 1.3407794446144004 1.620848893697528 1.1773972603588392 1.4885314661774873 1.7568435795484183 1.9788787178855858 1.3997812945601538 1.6699848172065819 1.24417139582957 1.5418897753407992 
1.7116843156956396 1.9439554639750494 1.3431091913163464 1.6288161188785093 1.178731234420489 1.4961640860274819 1.7573590992960004 1.984290969892886 1.4008533495974695 1.6767497596237937 1.2441282611846938 1.5482101858592876 
1.7119114945386196 1.9507278594446353 1.3443552531728546 1.6376780096262664 1.1806339010605489 1.5061854549866855 1.757244818798294 1.9906299429259697 1.4016274236734418 1.6850096887773225 1.2454576654360636 1.557518222324686 
1.713561216070815 1.9529263434195592 1.3458201613967928 1.6397747309987705 1.1809732649057259 1.5074239994182426 1.758548077091465 1.9925161482512732 1.4026514909420977 1.6867307036519166 1.2453502120456277 1.558373001640522 
1.7117206512647587 1.9490189653480157 1.3446432002454218 1.6360784441114826 1.1797521281889047 1.5034967320504058 1.7567649081041692 1.988695623182756 1.4015351191983203 1.6831482494617784 1.2442067506432561 1.554586047044759 
1.7091851116869994 1.943394916025176 1.34161475916617 1.6295398785032849 1.175922488097111 1.4960828023984836 1.7542461209113447 1.9831413228392223 1.3985692220024364 1.6767426523925788 1.2405077205453017 1.54736209671573 
1.7080327979722314 1.9388207623988478 1.3414550660193019 1.6251620238944946 1.1754184230940272 1.4910594820827403 1.753167327664091 1.978697952833845 1.3984710701293932 1.6725343774490407 1.2400919761005027 1.542555677746787 
1.7083600787013726 1.9370892333345306 1.3420585644824 1.6232503595873804 1.175716897259098 1.4886674450328254 1.7537405158633246 1.977226930926382 1.3993687251688027 1.6709438555440934 1.2407344038836676 1.5405331545866061 
1.7087173984267967 1.9354066590994359 1.342466717533973 1.6212034653572758 1.1761295114426984 1.4863930893563921 1.7546602746761097 1.9760861489131591 1.4004764973131252 1.6695562907330916 1.2419332347298064 1.538987312464414 
1.7089266367369462 1.9356063059695405 1.342878476165677 1.6215622478674847 1.1761629452372022 1.4864389646766698 1.755404781555824 1.9767618645322584 1.4015485361231876 1.6704729333542194 1.242728840539661 1.5396481718461041 
1.7204476369946458 1.9425780220677005 1.3518485549944046 1.6251657810268034 1.1835205784609153 1.4880827462948623 1.8123348924358489 2.0244078300877173 1.467007909433504 1.7221444499578018 1.3135214693108217 1.5934264810528471 
1.7209937659939387 1.9391213637083162 1.3525061946586419 1.621001273037748 1.1842290617063913 1.4834994409132751 1.8127486268950805 2.020997205567093 1.4674845990026608 1.718104527934782 1.3140154155526487 1.5890275746222906 
1.7228536770293754 1.937093103000896 1.3549561001204578 1.6186447820611043 1.1865219736918655 1.4805199395123458 1.814061914724423 2.018644477785437 1.4691840835149421 1.7154028006545985 1.3154581833162315 1.585728579957377 
1.7167912211723646 1.9318070391357673 1.3518428551775166 1.616163804957437 1.1858111624936323 1.480085961170668 1.7653745799615728 1.9751085405451774 1.413030224579255 1.6676812509992731 1.2551188882231434 1.5361737411290757 
1.721178932882488 1.9333168372252127 1.357251696259209 1.6178347385003513 1.1923877452399871 1.4822434378665674 1.769868228710403 1.9767879555224177 1.4184882075641305 1.6695406161871296 1.2616517597968546 1.5385129954272405 
1.7247800610484951 1.9298416156644695 1.3616849101721185 1.613570016190946 1.1978760412456917 1.4779477029822299 1.7737739585444507 1.9737518736078379 1.4232334986257351 1.6658379255409124 1.2674047527173196 1.534841102450169 
1.7249165474350374 1.9207509350811756 1.3624989481152674 1.6032312505110453 1.2001222236152491 1.4677330856171398 1.7739587038077325 1.964911331794697 1.4240771646281005 1.6558812849402007 1.2696006217764741 1.5250681289093972 
1.7284174407347896 1.9144297649577537 1.3668301298391836 1.5955685755730464 1.2055162704153768 1.4597547580865082 1.7770137629732077 1.9584157856073874 1.4277869827800642 1.6480868131613091 1.2742136958125194 1.5169822075806296 
1.7372197175488684 1.9180566028458519 1.3775653125135556 1.5995921276752303 1.219002097389734 1.4652559155726246 1.7852303255884296 1.9616462729250068 1.437637352951213 1.651608289904289 1.2864995459775999 1.5218705156748948 
1.7443241291476768 1.9211128155334345 1.386307530502089 1.6030771508591843 1.2298033951517617 1.469838145241441 1.791235795155624 1.963805860141679 1.4448901603398094 1.6539998059028906 1.2954826888255977 1.5252157813000757 
1.7464350808116174 1.9214879253665584 1.3885942327006404 1.6032075033910864 1.2337093963691288 1.471094568860031 1.7925500554376386 1.9634958765145092 1.4461653269420753 1.6533222640155427 1.298167587197231 1.525555453036526 
1.7482202390219945 1.9208163075437796 1.3905250821636121 1.6021302341963715 1.237273617324042 1.4710905095629296 1.7937079929035606 1.9623072254379843 1.4472989890848815 1.65164634441097 1.3007537675540748 1.5248677473820869 
1.7334307794437165 1.9117174364750797 1.3716314128521738 1.5909915218262007 1.2169001924245268 1.4597011228751076 1.7791490941241688 1.9532672087870748 1.4289723456816268 1.6406837765160143 1.2811851194588744 1.5137095494588286 
1.719158618751743 1.9037598375815161 1.3533373307599255 1.5812391007018516 1.1972088477907268 1.4498635066751628 1.7635936444171032 1.9439798623927154 1.4093537941299197 1.629439560029276 1.2601845941878513 1.502285050910246 
1.7078508977302234 1.899355684556721 1.3377291548284092 1.5749020983089488 1.1799996502024608 1.4433282724515342 1.7511945124051556 1.9384219220432712 1.3926402346183777 1.6218027471483485 1.2419044672912365 1.4943640899921042 
1.6950072992915666 1.8912797283775051 1.320993438686086 1.5649002943867347 1.161901848458677 1.4331452026126625 1.7364056066056945 1.9284692626463324 1.3737097040683997 1.6096482899601667 1.2215034144249004 1.48187713990455 
1.6849959894747228 1.8861644752475593 1.3079799725324162 1.5585944153903222 1.1475555466058713 1.426635438956253 1.7240340430762673 1.921119029322728 1.3579004034486108 1.600718104110121 1.204145186298521 1.4725388187840416 
1.6853343170041635 1.906257643009436 1.306134574411033 1.5809661501537249 1.145392689374212 1.4509965039006434 1.7239858824456453 1.9405137887507757 1.3556412096391472 1.6221065102920615 1.2015406675064686 1.49571602155352 
1.6830831317512456 1.9206325929822134 1.3040625047847898 1.5989495755731573 1.1439800367076252 1.4713092989665972 1.7255679096186218 1.9579696983216008 1.3584530903588758 1.6436105157687388 1.2056144104586588 1.5197259080326226 
1.6829836023899638 1.932962418882866 1.3041533510724495 1.6139163144393516 1.1436956764426014 1.487262487664333 1.7289129669053616 1.9730813348753518 1.3629094629994685 1.6617557315181737 1.2102669298685722 1.5390438422713955 
1.6843982610636388 1.9453812692719672 1.305036097690102 1.6280141268533914 1.1442648516292937 1.5022159736982597 1.731907548766449 1.9866591399719808 1.3658057958122047 1.6771214186319996 1.2131151249053858 1.5553003205922031 
1.6835561329339424 1.9522266396961931 1.3041485008769094 1.6363468190880226 1.1428416565471746 1.5109317165045844 1.7324007747745584 1.994502455360607 1.3666215657743332 1.6865592500826914 1.2136466716633347 1.5651727839569312 
1.6836542326713226 1.9563744310566062 1.3033485777765135 1.6405568732878664 1.1415097788420652 1.5151745491830504 1.7337137029140828 1.9996180992809753 1.3674023342352681 1.691891983245993 1.2141318724389292 1.5706131105310628 
1.6798114220003566 1.9530626925377639 1.3013100583192538 1.638931156389084 1.141241868441068 1.5149655011857068 1.7311891126283285 1.9974241440372298 1.3669883679398518 1.6915509645242321 1.215599577362077 1.5717410091942183 
1.6837340207566454 1.954069922892561 1.3045822109216956 1.6387079532220925 1.1435693758812098 1.5136644041376344 1.7354687362650298 1.9988198381678473 1.3707028222606603 1.6918200961843843 1.2184590265385782 1.5710096785995111 
1.684811816773568 1.952162437488195 1.306793659588173 1.637087961332515 1.1470266603439738 1.5126194114647116 1.7370003035635457 1.9973776255330014 1.3734223186550634 1.6907501855034204 1.222394926437381 1.5705402511810547 
1.6870589057395062 1.9483638919449777 1.3106786130226509 1.6333500943260697 1.1519430462635643 1.508948934137594 1.7400900347841144 1.994459183125837 1.3782684805055145 1.6880693434675544 1.228298969939721 1.568015453863571 
1.6908569256908166 1.9425801329563215 1.3157444175661928 1.626592697068507 1.1572798803904785 1.5013051493139558 1.7446959321774667 1.9896191408298722 1.384250744972384 1.6824893921676294 1.2346106569103477 1.5616926406808094 
1.6941746541139082 1.9343972093295576 1.321058219247729 1.6176710492130286 1.1638873994686858 1.4920786452000379 1.7485291382421915 1.982175308115299 1.3900795686873397 1.6745106784078685 1.2416763939456932 1.553520219405586 
1.7004500291859475 1.9250281408744365 1.3282864783466293 1.6057857920527538 1.1717878457120514 1.4789488824021235 1.7554136388949728 1.9737477257791811 1.3979598386285959 1.6638794282695155 1.250213380674871 1.5418289589375633 
1.7056611234590533 1.9167271832995951 1.335160142784228 1.5959999479948614 1.1798103515733367 1.4685079818644502 1.7607884519156751 1.9659448617699329 1.4049016731428574 1.6547845594879111 1.2581925806487655 1.5321918277812345 
1.7053673886928413 1.9048925035857116 1.3351259949596668 1.582055290505689 1.1795409761500615 1.4531532727888823 1.7606649142914845 1.954553263591719 1.4050709705979412 1.641512093228996 1.2581653009112277 1.5176684236739724 
1.703203441563905 1.8936372940547854 1.332808301953109 1.56886526121115 1.1761887842328416 1.4381864601765413 1.7597947436320889 1.9446947775409718 1.4044050505873047 1.6301269227256907 1.2567400815264587 1.504777681451692 
1.702830675289895 1.8850326333271366 1.3324644137492905 1.5585817700423161 1.1753322079770638 1.426576853558279 1.7597726789072046 1.9366247962442902 1.4045031102237688 1.6206001069444118 1.2564128986237924 1.4940847003527742 
1.7090619060481513 1.888316615984973 1.3404031551383861 1.5625388512945653 1.184307357869966 1.4308846778846085 1.7726639239305741 1.946068968640356 1.420607407697475 1.6318616517048679 1.2743738487606138 1.5062787756271876 
1.7171885505248163 1.8922790179816293 1.3508804478759473 1.5674378291637343 1.1956945140183255 1.4358512230358407 1.7832028916232499 1.9523821133511543 1.433859832443018 1.639493026192402 1.2887053214344697 1.5141812207703276 
1.721187538914932 1.8928375959696173 1.3554694089193013 1.567687768376101 1.1991161799075352 1.434652304050023 1.7880846528830898 1.9538665119388376 1.4394643101779356 1.640854996907417 1.293305762252701 1.5142613431227911 
1.7266304303351574 1.8934235475348273 1.3635454401520215 1.5694127101433102 1.2077667041938895 1.4361408354194827 1.7927568262425806 1.9539132850357945 1.4463680591188988 1.641883263158307 1.300547887176543 1.5149999650955013 
1.7401956064614172 1.893020482638162 1.38065518821595 1.568902338479875 1.2264325292276048 1.4350548936147425 1.804839811918947 1.9526117242369565 1.461292149670154 1.6403111124502023 1.3165495610449383 1.5127949450033273 
1.7404648187368164 1.8870781292518282 1.3810318161652104 1.5617602113962885 1.2263118238280915 1.4267749541888446 1.8057557416662364 1.9474598530394869 1.4624585090048128 1.63420652648329 1.3173369738076055 1.5057299834965696 
1.7402475569921452 1.8839503704761251 1.379982461778819 1.557292212019674 1.2242558351983175 1.4211297579099278 1.8054872053872688 1.9443743177734913 1.461394568218019 1.6298716277109462 1.3153420996900882 1.500310727155255 
1.7365763903364027 1.8787123447919882 1.376521091256436 1.551989957980982 1.2199076153028188 1.4149336044047471 1.801920182226119 1.9392727652689319 1.4580909087960907 1.6247743268878327 1.3112564102851165 1.4944082067874929 
1.7308644027019275 1.8685336070782081 1.3692446938880938 1.5395964705015075 1.2116195784736643 1.401266663836937 1.7965552408931653 1.9295432085912716 1.4513959434905073 1.6130952994230376 1.303741215111611 1.4816434848575077 
1.729547638043847 1.8736858404714087 1.3668170541308922 1.545170688300503 1.2080125026931843 1.406647718223383 1.793904274018837 1.9332501495830925 1.4473929568514041 1.6168827935453607 1.29848054230437 1.4850640778306672 
1.7285583278677434 1.8771706494564977 1.3646339869873276 1.5485740772662215 1.2050827457236826 1.4099929710395473 1.7915516394123083 1.9353327959348308 1.4435959622695438 1.6185873645314701 1.293819078496267 1.486547531100479 
1.7235901806843412 1.8719513697186365 1.3593706253084477 1.5431549878711082 1.1990962775988756 1.404019480844721 1.7846656417916156 1.92833354807499 1.4360211833366108 1.6110852425093711 1.285340509355976 1.478356873231724 
1.7213374446762668 1.8706629795515333 1.354120747365101 1.5394870519314607 1.1934334495247816 1.400235974064593 1.7793887720351107 1.9242145895571574 1.427187724878763 1.6041328457034412 1.275737121057712 1.471014135440112 
1.7147238502931836 1.8639424856803604 1.3491015454606374 1.53430071600201 1.1873615107305273 1.3942134213685795 1.7686443816110349 1.9136631510702924 1.4170038975967145 1.5943348936043145 1.2639827621468103 1.460019222532457 
1.710309607853999 1.8586796838933006 1.3429577308008245 1.5274379461430503 1.1815936267252374 1.3876940265482516 1.759390633366479 1.903939760963487 1.404931284005627 1.5822019862766257 1.251582975586397 1.447753831760669 
1.708465231595589 1.856518307469918 1.3383909173223532 1.5228581765781637 1.176319279605231 1.3825823035070894 1.7521474433594253 1.896793990308639 1.393720726426557 1.571707428776415 1.2389084967304769 1.4362106536545989 
1.7024873638798763 1.8541523637691295 1.3346419547469088 1.5233800941559692 1.1740215460419157 1.3848264708874718 1.745827915417396 1.8940255737847496 1.3895038803294684 1.5716675212495324 1.2360333638905747 1.437774753064836 
1.7029863119589013 1.8533300423560235 1.3370929150658826 1.5239709087444484 1.1746146893000189 1.3836146629388473 1.745771992489105 1.8927201898165984 1.391177535241056 1.5716376178175997 1.2358305463773664 1.4359481211169782 
1.7080756804946933 1.858147857420773 1.3432146720079445 1.5295151469787442 1.1763624866075124 1.3852868402022052 1.750244248754273 1.89698335787044 1.3964447912815636 1.5764672482603024 1.236794687851387 1.4369592999237697 
1.7090419944047366 1.8601138314412158 1.3468223512545816 1.5339913210702725 1.1802080634527623 1.3899964029877632 1.7504650989034085 1.8982431324145281 1.3990117832523496 1.5800104103957417 1.2394331756407522 1.4406226168427732 
1.714594871503951 1.865452327803541 1.3537385703996359 1.5403522100181017 1.1885459774815823 1.3973969924497658 1.7550071581984072 1.9026631176452784 1.4045720590014774 1.5852127563351395 1.2461364662538568 1.4466972407686587 
1.724514240159498 1.8769704201219821 1.3632804294468874 1.5516449731858413 1.1983395237214243 1.4089308739653943 1.7632660118861505 1.9126357787547765 1.411981300681029 1.5946033321716375 1.2534653079654379 1.4561057213584767 
1.7281748075904733 1.886703278936667 1.3697968555922333 1.565057354460331 1.2067212625914774 1.4245130054690165 1.7648174909067424 1.920323377291015 1.4157457526725516 1.6054273989721148 1.2586376826594576 1.4687511407213851 
1.7231193692973596 1.895739560368916 1.361221439607726 1.5740431784254618 1.1968439056316953 1.4342675672090373 1.7571945415029409 1.9267643282424893 1.4041068703940345 1.6112740993970363 1.2454025976718253 1.4750307624547123 
1.7099088366178854 1.9015932282809407 1.3442863049008311 1.580940936861314 1.1779505208386003 1.442163654320802 1.7425767516709072 1.9310210542000648 1.3856013768266577 1.6162177303086145 1.2248889482169107 1.4807503205348056 
1.7014329589610107 1.9118440470757074 1.3302400106141823 1.590538283833124 1.1612277889539242 1.4521444571180993 1.7337755177239123 1.9406831509442286 1.37136498345948 1.6250893711912646 1.20811978291013 1.4899083717996955 
1.6852427617349053 1.9124417224898358 1.3127944740818687 1.593994826566225 1.1450164262489382 1.4589217910223595 1.718077112931748 1.9414373906773017 1.3546863589701825 1.6286697968341801 1.1928153320526569 1.4967292982767089 
1.6738558273005504 1.9152948103067606 1.2976180119696281 1.5969888492998345 1.1288745543185965 1.4631878345544054 1.707359126612796 1.9446429150432758 1.3405574816575416 1.6320708444880725 1.1779811611515736 1.5013995123976862 
1.6624075700910563 1.915572124649983 1.28227516091362 1.5968867285866113 1.113153972950755 1.464557750017407 1.6961818340307888 1.9449551279492414 1.3257690120439722 1.63201749651652 1.1629899623367566 1.502785176975089 
1.6498676460444848 1.9133701417301279 1.2665486826270713 1.59469985115205 1.09697345522322 1.463650508579275 1.6836143054347006 1.94254451152718 1.3102058790374778 1.6295893640007504 1.147102716178621 1.5015880564470305 
1.6415696600780727 1.9111332760246837 1.2543833527629582 1.5909610446295785 1.0833489569334713 1.4599056176098646 1.6744829585543233 1.9394774111416817 1.297158365539397 1.6248997738718656 1.1326019565976566 1.4968188407181544 
1.6334168771403736 1.9070230771878482 1.2444389573325845 1.586604752585536 1.0733540061540787 1.456288139389664 1.664690162927327 1.9338768474096302 1.2852124192315486 1.6187826552527087 1.1203711289331808 1.4912805869275607 
1.6274921105898488 1.9036035572545562 1.2364032793681035 1.5822986451337813 1.0650948729724503 1.4523784016544035 1.6593427504262646 1.9309050459699462 1.2780378956009872 1.6150408031230046 1.113155371811231 1.4879821285728534 
1.6250127459675663 1.8999419745868686 1.2332272305447403 1.5779614964874933 1.061510197669834 1.4477282141331118 1.6578748880108685 1.9281240174161645 1.2762178974991105 1.6117832373297127 1.1111645330449718 1.4845200240269747 
1.6252609226570485 1.8982152918349486 1.2334017864086464 1.5757627340929343 1.062216958401644 1.4457015923613141 1.6591169373242018 1.9272823454688832 1.2776838074093448 1.6106595354562179 1.1133287078468963 1.4836606886872885 
1.6282289373409653 1.896799621645494 1.2373915202531856 1.574121058455953 1.0669414587476156 1.443981789592407 1.6627495071099823 1.9265137569388102 1.2824758186392793 1.6098023349698838 1.1189148883603657 1.482797983433512 
1.6349048403552053 1.8965682788280733 1.2451482193766652 1.5730389338655546 1.0754256177983113 1.4424276961625773 1.669713748190653 1.92665549596623 1.2905131739338733 1.6091866427909722 1.1276393143629215 1.4817651036979107 
1.6389469546344262 1.8960355482019475 1.2517086997003177 1.5733970728476203 1.08313144987368 1.4429058935514332 1.6744333971840921 1.9267929005332824 1.297826933918949 1.6103286715281013 1.1361134710958496 1.4830905229100009 
1.646462161156961 1.8981732068021744 1.2584202737248198 1.5734819542090877 1.0892753566117477 1.4417852397016866 1.682264026043965 1.929309754347821 1.3049123305884003 1.6109065973611414 1.1426702970330724 1.4825381218105826 
1.6483544181215306 1.896707834786573 1.2597488894778872 1.5707945719732959 1.0908164654701404 1.4388567976490119 1.6843667689255715 1.9280870662552483 1.306516891992128 1.6085442834627743 1.1445084909518015 1.4799756784017666 
1.64634180391942 1.8930956600955617 1.2603047573236603 1.5689926463411645 1.0924801267449444 1.437665701848886 1.6828257561413331 1.9249084052163754 1.3076044017716713 1.6072333727472967 1.146723165167884 1.479305195175306 
1.6361742322868673 1.8879042025059216 1.247152793205195 1.5628519600523654 1.076794121826229 1.4305948903304249 1.673026416814606 1.91993061093351 1.2951221419462797 1.601392369783096 1.132005677441381 1.4726007650410615 
1.6309506369735414 1.8852745657130159 1.2394508376875624 1.5590056404402135 1.0662097625910205 1.4251538393185488 1.6681126587147526 1.9175140286434413 1.2879589438194061 1.5978418097059546 1.1222313129495185 1.4675364825599395 
1.6285614469326142 1.88137861978796 1.2375529204180522 1.5552846541373866 1.0640971737746745 1.4211530247637831 1.6660246056572063 1.9138994516993963 1.286453586825133 1.5944704310884068 1.1205928767644606 1.4639335777333786 
1.6272993759153138 1.8796561822935518 1.236149027769051 1.5534054601533918 1.061407696813232 1.4183054690842767 1.664711932778272 1.9121375274583077 1.2850007700909638 1.5925548919627137 1.1179216694985252 1.4610793831665583 
1.6366199074226306 1.8838732529265496 1.243562256331407 1.5546384779401479 1.0664203342829037 1.41693543998732 1.673780201780407 1.9162447326977992 1.2920768273876209 1.5937114668571783 1.1226164847676432 1.459699107210818 
1.6331012967744714 1.8777205791295093 1.2452385713293899 1.5522351069623634 1.0709978307757957 1.4162807212154165 1.6707097406570839 1.9105197631237578 1.2941677988292168 1.591755326451418 1.127513878196832 1.4594869897626563 
1.6303835485331237 1.8756485124690767 1.2405763886707903 1.548850090592198 1.064969744606606 1.4121145080790933 1.6681077699499693 1.908530942680118 1.289752996882527 1.5885117626153922 1.1218705690798114 1.4555069222671047 
1.6285216442741803 1.8737592076543559 1.2394788536596661 1.547642933970714 1.0632441824291727 1.4104534780947156 1.6663917828738475 1.906764903292873 1.2888315083165371 1.5874436932469385 1.120386995474992 1.4540143885221632 
1.6298416682359056 1.8745604605128106 1.2413147885681537 1.5486947604089065 1.064831923412329 1.4111910153193297 1.6677360158364392 1.9075996632202472 1.2906672535235408 1.5885260513815944 1.1219744115255035 1.4547919565071838 
1.6329334400788937 1.8772898870254136 1.2421948963539862 1.549449534747063 1.064836241554489 1.4112483557219437 1.6708230661826196 1.910339084740688 1.2915983351212132 1.589330663986538 1.122075897650373 1.4549226853300108 
1.6327495073388476 1.8760006821201451 1.2451451308643704 1.5504496130204457 1.0693118909444754 1.4131296917534673 1.6704292388231385 1.908884870157247 1.2941596830048638 1.5900807811917135 1.1260065756092412 1.4565021160009517 
1.6346654574103687 1.87886589985306 1.2475667539857938 1.5538432088311385 1.0720263679829194 1.4167732513111087 1.6720182230617733 1.9114525498245174 1.2961236770658306 1.5930921185639735 1.1281641344461584 1.4597123779123917 
1.6364937298612083 1.8816179555358865 1.2499632544499257 1.5571713265389426 1.0748165550804705 1.4204242428919078 1.6735477714529243 1.9139322208623402 1.298098052126668 1.5960679671163913 1.1304340062715073 1.4629611906182096 
1.6380864156424775 1.8834139149301248 1.2518093674008115 1.559149627890928 1.0773493210247174 1.4228852481322656 1.6748040953832242 1.915434579345486 1.2994877241099354 1.5976824512250298 1.1323971089297338 1.4650065126655305 
1.6396271986360496 1.8851852050838664 1.2535368928384598 1.5610575417540187 1.0796842375931492 1.4252241788108633 1.6757560673102454 1.916690977723613 1.3004367682925226 1.5989626935257433 1.1337985268675823 1.4666441308262546 
1.6424476991249495 1.8880791172090325 1.25594006081534 1.5635196656393036 1.0823067718354347 1.4277941927465736 1.6779300809511821 1.919025186140307 1.301998597756864 1.6007525283568476 1.1354306938606336 1.4684723930128343 
1.6427187829579382 1.8887002314932906 1.257120065500034 1.5649327217624436 1.0846327665541042 1.430067062358549 1.677624048910485 1.9191367887784365 1.3024009784558708 1.601534224811574 1.1368050351237937 1.4700303576602796 
1.644134554783458 1.8907657373543132 1.2576321785931688 1.5663509619344573 1.0856609411013183 1.4319484342506892 1.6781894715415777 1.920452171159959 1.301837226688882 1.602060174935074 1.1365743034192706 1.470924126701646 
1.6440034302577502 1.8911533628183752 1.2575561905136683 1.5668954449162362 1.0850210808547684 1.432125870480402 1.6772067145999772 1.9200875309472871 1.3006623916678954 1.6016979803006712 1.1347007670303435 1.4701223056940704 
1.6449657131844906 1.8925113368623607 1.257688139227114 1.5676308296766048 1.0845309739940858 1.4324435053964817 1.6773522974833164 1.9207284275692282 1.299760742549397 1.601582014906686 1.1330516165967728 1.469521326307502 
1.6438119769480632 1.8920092855686252 1.2573625602656935 1.567973829206948 1.084200110845733 1.4328542150120855 1.6755814015851036 1.9196755857326258 1.2986207397611897 1.601248621188446 1.1317884511417757 1.4691924377895156 
1.6431559299972385 1.8911646691827473 1.2564566710734955 1.5669160034810705 1.0830936258168498 1.4316543570167661 1.6743530575374748 1.918332754494144 1.296988865520861 1.5996007354852928 1.12986218331489 1.4673550861891236 
1.6425824111965555 1.8908343673078005 1.2561351666012261 1.5668609331374275 1.081230806059599 1.4304676448603408 1.6739807623662495 1.918173407122591 1.2969233485338638 1.5997461670503512 1.1283592828404834 1.466414776996021 
1.6409551587132964 1.8895479127420347 1.2538818751811431 1.565208369051156 1.0791309841292576 1.4290490413375532 1.6724860110110877 1.916994245861938 1.294872727733417 1.5982342952983395 1.1264986928655443 1.4651473600521485 
1.6394267421787043 1.8887839977961163 1.2523235638486885 1.56464029602036 1.0758413703565597 1.42731201968269 1.670935992481663 1.9161972858582907 1.2932986339475814 1.5976252075911546 1.1232727639227615 1.4633955888722228 
1.6369786611296007 1.8864440282429957 1.2490198401121018 1.561737012333914 1.0718806206820142 1.4240435385526877 1.6686950704708337 1.9140311316469385 1.2903079718476749 1.5949503430871006 1.1197196819801196 1.4603917628203946 
1.6338512050057954 1.8835159048170764 1.2462621074633096 1.5592727933555726 1.0682302377759625 1.4210131049708479 1.6654530639855598 1.9109935405277774 1.2874134490282791 1.5923554227429533 1.1159659444350842 1.4572379327820457 
1.6333327066045056 1.8836245364891593 1.2446448390058908 1.5586553304897142 1.065247830349351 1.4195135096447655 1.665034755548364 1.9111793220898976 1.2859649225324927 1.5918452958701734 1.1132465795069841 1.4558789821904843 
1.6317657027335513 1.8816020144062133 1.2427256359380054 1.5563206090704833 1.0624962982606199 1.4165681119584472 1.6633728344473826 1.909077268833695 1.2839458259512042 1.5894287388799535 1.110427062700437 1.4528644443228418 
1.6299801320399705 1.880225499828422 1.2414391260327828 1.5555011420777034 1.0608902376989995 1.4155920301432328 1.6614209726150202 1.9075461587088893 1.2824412349285403 1.5884168912489691 1.1085903273279267 1.4516835788852334 
1.6289606753697279 1.8790653971325746 1.2399366585035705 1.553968082651957 1.058940070212191 1.4137637557601341 1.6605607014803765 1.9065245154733783 1.281168169484787 1.5870619910075976 1.106934069265645 1.4500610050963374 
1.627808465453826 1.8781599153435098 1.2384281086131483 1.5528774734676074 1.0565083815110698 1.4120673594425797 1.6594158998886144 1.905619425856889 1.2796893798118119 1.5859789330893206 1.1045862070491104 1.4483904709031814 
1.6264759210076765 1.8771063277762852 1.2367102341364244 1.551630254724936 1.0538618528145753 1.4102230493711874 1.6581694579920865 1.9046338744172777 1.2781057205950415 1.5848212760995388 1.102146466953358 1.4466620471892426 
1.6255953916901156 1.8760681556340484 1.2353201897014958 1.5501894459014163 1.0519581192633765 1.4084343193007403 1.65724648647814 1.903559104426269 1.2766837942670612 1.5833486216383743 1.1002369854463812 1.4448504321361917 
1.6244079658486685 1.8747097121988272 1.2335191119364992 1.5483554711411103 1.0502378585409164 1.4067106401149492 1.6565154843685008 1.9025979121854963 1.2755044923294507 1.582007261504387 1.0992460461391753 1.443667945011113 
1.6226970820660274 1.8725144540071248 1.2311106270947383 1.5455736593464577 1.0472263041700203 1.4035125551506835 1.6551238846399383 1.9006839910478543 1.2735472623760768 1.5795844991090537 1.0968008869004435 1.4408805453005467 
1.6223649718554236 1.8718694705516863 1.2309036255952168 1.544976034889684 1.0459003055279454 1.402046597650538 1.65515567345898 1.900359838626214 1.273811578289132 1.5793742906174741 1.0960746555702534 1.4398634877874534 
1.6228595650946172 1.871918581888403 1.2307002947993024 1.544353983003602 1.0446536953551113 1.4006096359868045 1.655917105648435 1.9006492232863723 1.2739746890653243 1.579055894380908 1.0953034447033798 1.4387826956073282 
1.6215957637039047 1.8704834962069166 1.2302377024227675 1.543573935120197 1.0441727386129414 1.3997972698867684 1.6545845904765493 1.899153984215722 1.273405728997027 1.5781944871790834 1.0947027241413305 1.4378837724108475 
1.6213819850821212 1.8699714105699157 1.2301348956715439 1.543096042490175 1.0435862118430081 1.398923055907236 1.654606235316681 1.8988510549142184 1.273606734415628 1.5779694701574045 1.094492774735786 1.4372988446209924 
1.621545720068355 1.8701042265585093 1.2303487872436825 1.5432554662764038 1.0438360763414916 1.3990972268545172 1.6549032278269324 1.8991008370784317 1.273990702270625 1.578268546664984 1.094937407102342 1.4376255497840875 
1.6221589585509952 1.8694519783153698 1.2310475209378597 1.5423777135407688 1.0445306653264184 1.3980326617169034 1.6557097287408955 1.8986378586416235 1.2749325542346348 1.5776260742860615 1.0959102745422409 1.4368264830059507 
1.6248273298129006 1.871363689854786 1.2333579143569477 1.5437324745262437 1.0465082694880725 1.3989702520450247 1.6592829405580352 1.9013569062190612 1.2784082955092713 1.5799575874139533 1.0992431865728896 1.4388446028765303 
1.628064227093624 1.87373402646746 1.2389372246978292 1.547660014713167 1.0526187562180143 1.4029584171820488 1.6656312725035993 1.9064662625763824 1.2879052197820924 1.5871313523278279 1.1098381207824677 1.4463840184204055 
1.6313733300801323 1.8761863833470116 1.2425929372472468 1.550075356444563 1.058109348459194 1.4065176132053019 1.672250245865355 1.9118361037904739 1.2957928655447752 1.5930397212112257 1.1201059485587692 1.4537309720016078 
1.6363316195443087 1.8796977411968392 1.249407111041273 1.554574076157357 1.064482770701574 1.4102503317711006 1.6801951306084957 1.918003677280234 1.306327920899075 1.6006795638292193 1.1307511118369507 1.460917693116385 
1.6403605358544138 1.8819416698316076 1.2544806726245645 1.5571266868975626 1.0708586967422826 1.4133860440263941 1.6861555993408732 1.9219891951435575 1.3137959413807685 1.6052979588377294 1.1397703128212193 1.4662871911902458 
1.6453410301937348 1.8845786825173896 1.2609247013358809 1.5602630571153637 1.0783286230268492 1.4167859133259975 1.6930965403954317 1.926412624558659 1.3226336952833844 1.6105432614055981 1.1498788669677256 1.471975242203136 
1.6506900379992968 1.8867804411192417 1.26656060445212 1.5618382106319846 1.0853051220509926 1.4188199460784725 1.701398306696618 1.9312998289934475 1.3319738590641033 1.6153381047539612 1.160976229054721 1.477507575571144 
1.6591714615716726 1.8908862070716683 1.275497733786258 1.5650863164994702 1.0952173295259164 1.4220062264610096 1.7127222200152248 1.9380449200505854 1.3444188086061128 1.6217467873049356 1.1747631518454604 1.4841392024112428 
1.6617560249244776 1.8878456699139368 1.2816530469564686 1.5637016083040909 1.1049797731962339 1.4225007860148267 1.7169648558234383 1.9366198654286289 1.3524680264364108 1.6222508898357244 1.1863875964172923 1.4866215779319227 
1.6690692197390256 1.8880154169604229 1.290710490187571 1.5635676268969756 1.1169049908923496 1.4234770504227456 1.724538092441057 1.9372252803120857 1.3616802640415406 1.6226470028568258 1.1982138084166114 1.4881285176624495 
1.6714731333244486 1.8853206596983576 1.2932377650785836 1.5598318728265077 1.1216968033410142 1.4208501937521247 1.7272268687307553 1.9349222750605386 1.364534403254623 1.6194337566339199 1.2032015372602587 1.4860368413082665 
1.6700206364084995 1.8795302124281614 1.2908772815532272 1.5524268257893026 1.120971625880981 1.41429921849312 1.7270314187154356 1.9303632856616004 1.3638301768293037 1.6135977332130367 1.2042615916943669 1.4811856313879939 
1.6680710248844022 1.8727488340188334 1.2869633474419153 1.5430495484328752 1.1174296806774466 1.4047691420724262 1.727541848320584 1.9259096782972196 1.3631634352853292 1.6071533226667891 1.2044039957169272 1.47489533057736 
1.6627444033299585 1.862657916936199 1.2805102956263568 1.5311702001819067 1.112464454985012 1.3936831520561264 1.726489676564879 1.9197765932537827 1.3622607201578925 1.6001655646854485 1.2056636413548762 1.4691495433770858 
1.6611961195928584 1.8554865395120415 1.2771684899614342 1.521320841344905 1.1090374906874743 1.383192649745642 1.7290652881746167 1.9164875479194667 1.364277675097841 1.5951524457964419 1.2083287544250405 1.4640068747551598 
1.6613960572070976 1.8483366843200646 1.2759920885739418 1.5113793202910015 1.108644704719817 1.3730275747425067 1.7329103219103088 1.912874753736713 1.3678074188215568 1.5896568103472177 1.2131918257980845 1.45874810912758 
1.6608911454961761 1.8398462092760905 1.2748742778751165 1.500592916479216 1.1081410431834027 1.3617823791588726 1.735756239702914 1.9077013393787823 1.3709831329624738 1.5830569880669487 1.2174838389348746 1.4521506721644277 
1.6670860890620793 1.8355339850311407 1.2794278369428655 1.4922950686122032 1.1126182955283002 1.352009043388505 1.7442580350063748 1.9058974459672011 1.378475844650279 1.578038223917374 1.2252263202707896 1.4460942285149678 
1.6758002567782833 1.8387452414998007 1.2917286869223583 1.4970773403996736 1.127200736611789 1.357666771758873 1.7548016868062786 1.9110223762526068 1.3926900085870366 1.5850119944461494 1.241613450321057 1.4540569186033123 
1.6842543423957113 1.8416547130172933 1.3034838855462734 1.501349270482658 1.1415733834838695 1.3631467939949862 1.7646203307110597 1.9154279687993514 1.4057889107397348 1.5909814121034884 1.2571245012164904 1.4612807408772652 
1.692898530113846 1.8444742465758692 1.3145697704046067 1.504750309613399 1.1541420749897389 1.3668298146739486 1.774173596021996 1.919341491720955 1.4177024359228632 1.5956378065969798 1.2703662640442008 1.466291327752306 
1.704846371644671 1.8522180419027343 1.3270840552542253 1.5117415829267908 1.1664009210001507 1.3728443583851737 1.7865105368035197 1.92764893638598 1.430479233302602 1.6032720794518938 1.2828132583154883 1.4730310178506085 
1.713951061735177 1.8555633239054765 1.3397653846935813 1.5167261760196333 1.1807100956725745 1.3782464717978202 1.7952813414290083 1.9309381403564279 1.4423516002983254 1.6080625441453265 1.2959487578153466 1.4781644664526137 
1.7181470492534596 1.8511186383963536 1.347107766905963 1.5130466834233403 1.1900466665044571 1.375071634140698 1.7993624748778025 1.9267372022562832 1.4492671833717792 1.604676384620391 1.3045639507507365 1.475295913421565 
1.7218124676075992 1.8535607460045571 1.351099190884581 1.515426767986157 1.1937929274413424 1.3770224468500758 1.8022193089324534 1.9284822278177651 1.4521794956164922 1.606198790003582 1.307095183025693 1.4763289210094648 
1.7273199536142834 1.858242838703825 1.3595007606301845 1.5223910613223035 1.2030471371289033 1.3844690822095125 1.806824019088204 1.9323677862648327 1.4591850917392388 1.612033919430373 1.3146487089538597 1.4824754478216662 
1.7362509408359725 1.8645242320854398 1.3711421437450606 1.5303313565479209 1.2159410130239874 1.3929809150285584 1.8147699510389188 1.9378527440633355 1.4693037208126167 1.6188689590185488 1.3256451986839466 1.4897041569633211 
1.7462800662783533 1.87676615040903 1.3840338548898037 1.5454147743958997 1.230110333702278 1.4092297706623749 1.8233966375369703 1.9487258430115637 1.4801455804687356 1.63205026050705 1.3373304232616299 1.5037319489926153 
1.751663282898129 1.887369865101552 1.3910522336179363 1.5584822962399831 1.2376767173432042 1.4232654031112577 1.8274020404096767 1.9578659219500836 1.485294676922209 1.643149727910835 1.3427276780097481 1.5155059776633844 
1.7564452537597324 1.8973975541132884 1.3970997766283875 1.5706385118018371 1.2445042877608297 1.436596140588958 1.830636725911258 1.9662777960286002 1.4893014062489467 1.6531897131167643 1.3471903410636117 1.5264138901212507 
1.7598255492914345 1.9046752918906935 1.4023173201308252 1.5802834777149632 1.2508667749760163 1.4475737260460688 1.832832100302398 1.972327435163568 1.4929103825410617 1.6611993901693136 1.3516490789768252 1.5354990186577455 
1.7625279396928095 1.9122509135512995 1.4049615444551427 1.5887466001781971 1.2529944391727283 1.456088555953167 1.8343696669640446 1.9786639161964268 1.4940964755589847 1.6680896548020971 1.352184307510548 1.5422714481107986 
1.7621049374217332 1.9175046903687225 1.405316986478869 1.5958465651766307 1.2538085398042438 1.4641879256386627 1.8329221949897518 1.9827794128409875 1.4931529710267633 1.673713303402363 1.3515272164799532 1.5486885561616481 
1.7620330993333382 1.921443375404607 1.4042560407369624 1.5997246730879189 1.2521083550341199 1.4679779747960284 1.8322568786789286 1.9860385875421074 1.4914220241991365 1.6767598683193277 1.3491404519419947 1.5515682262814772 
1.7642730676780678 1.926959520740947 1.4053836187084934 1.6048727840468167 1.252063119069554 1.472472611417333 1.8339801913799887 1.9909788747282529 1.4919540880248896 1.6812021109950404 1.3485124912933435 1.5553133049048928 
