1.7423426672252993 1.982889160279457 1.4390004594974142 1.7224441280789835 1.3527797880045997 1.6510919437613913 1.6797144267147823 1.9280902487263842 1.3624995074178081 1.6590649051902007 1.2711002085255787 1.584861884213817 
1.7439446916362944 1.9863277800973358 1.4410646468102706 1.7265058003917653 1.3551081230242885 1.6554374006849095 1.6787995744478879 1.9293840917936507 1.361503668730426 1.6606767302718521 1.2701743773066791 1.5866625070462874 
1.7471478790557855 1.9900780179905335 1.4449276264537023 1.7308092477477495 1.3597343490877656 1.6603500554067296 1.6795159809269842 1.9309735204267122 1.3623744215850244 1.6625128182931794 1.271662580635732 1.5890281701055933 
1.7510855903089404 1.9930290403773876 1.4498194422022386 1.7343126667898179 1.3650727472877078 1.664117669093027 1.6806214503770949 1.9314120406240638 1.3638783413001359 1.6631380402923897 1.2734250351974432 1.5898035512187063 
1.753897468316378 1.9946953127649847 1.4532616237163218 1.7362668021841 1.36877824521235 1.6661953504816296 1.680745819666555 1.9306888852755641 1.364081935928557 1.662339492801215 1.2736970069551863 1.5890113677776507 
1.7572521908820287 1.995149338109729 1.4574551213535494 1.7369113534546572 1.3728590893313448 1.6665616394720266 1.6824854235801538 1.9296224551864258 1.3663811214151378 1.6612293604315116 1.2757601723520333 1.5875294127541983 
1.756908471446296 1.9939974494466537 1.4570330152195454 1.735581648554674 1.3729291889386575 1.665602896611242 1.6824742097398582 1.9287347971662046 1.3663591390405965 1.660191479378135 1.2762941068733962 1.5868916467735785 
1.757411958608456 1.9965032011644785 1.4577868753216328 1.738582990213585 1.3733589608911465 1.6684253281043209 1.6841421570164468 1.932320637223546 1.368568809610978 1.6644845528391097 1.278261650930673 1.5910628800396327 
1.755645028339456 1.9957195009652657 1.4565543197330642 1.7384353158323291 1.3719519769777109 1.6681903632778394 1.6862731589434286 1.9349739087576994 1.372143646770647 1.668347999780936 1.2819828111847091 1.5950193695291133 
1.7619737276748622 2.0010317720557187 1.4592945704745324 1.740435973880237 1.3722958098808178 1.6681644180285258 1.697651216845336 1.944632713346263 1.3809449230351114 1.675286726568455 1.288667539304242 1.6000752365487223 
1.7586203929226256 1.9991330515209165 1.460468173430469 1.742628634242916 1.3743636217549307 1.6711261580393415 1.697634192010555 1.9457001621944043 1.386428306506806 1.681062378486691 1.2954117215323204 1.606822578744564 
1.7577539139857803 1.999155221900573 1.4595807412172614 1.7427847598749333 1.3725418238189793 1.6705669209140737 1.7012994675166186 1.9497032228758122 1.3910776384416257 1.6858291061944355 1.299458392628379 1.611060176806667 
1.7591131097006267 2.000261197684095 1.4612655277945241 1.744093709913722 1.3743845723525165 1.6719745449499552 1.7042008395493207 1.9521440591720196 1.3946750558895824 1.6886931153293099 1.3033627743343792 1.614100507329271 
1.7593504386306469 2.00098603994377 1.4624059325337304 1.7456409360604057 1.3759848026449455 1.6739072086737214 1.7056167423632573 1.953908810044586 1.3972994014991382 1.6914717803054977 1.3065789999191972 1.6173372713104246 
1.7680514908927991 2.0093184314707937 1.471911890585931 1.7543885254550229 1.3861077421500285 1.6830475802686773 1.710219487945407 1.9586232872985683 1.4019162728737582 1.6960907171340363 1.3115408096388956 1.6221879607333578 
1.7696499941796542 2.0095132330492502 1.4737902600777528 1.7545768899082337 1.3880583127160222 1.6832077148706426 1.7114860301328931 1.9584858343220282 1.4034176356808583 1.6958960439956365 1.3130990857281297 1.62194683662568 
1.7705749562216027 2.0106644212546088 1.4748643111822626 1.7558645949215814 1.3891599321889219 1.6845180487305946 1.7130748007600631 1.9602196336888196 1.4053164532585285 1.6978663295734235 1.3150874170940614 1.6239737232785294 
1.7685777673579328 2.010498776958785 1.4724563474659513 1.7556667417687133 1.3865927993440503 1.6843032993355946 1.713639279286271 1.9623449218913505 1.4059942942675017 1.7003111387251364 1.3158008403678614 1.626520785133953 
1.7662441525886645 2.0092905598926327 1.4697285792123829 1.7543466715771003 1.3832583947164931 1.6825676610685378 1.7141532681804301 1.9636577029445967 1.4067000806190528 1.7018916723263118 1.3160952878928067 1.6278012637707497 
1.7609350466390095 2.0038535057986477 1.4642804634637214 1.7489007718854523 1.3774242603067257 1.6768524762487398 1.712748171191997 1.9616429165731286 1.4059627787112752 1.7003728912628344 1.3152610586197442 1.626175970349313 
1.7520768970335747 1.9941488321885104 1.4537000928385468 1.7378435118614106 1.3662612293111447 1.6653906023869596 1.7097144825726895 1.957033398723384 1.4023530649300837 1.695125432090145 1.3114952937463404 1.6207640227123752 
1.747440060583152 1.9897821426555344 1.4481460657443537 1.7328627290212142 1.3598652029266907 1.6597950415731606 1.708326459612111 1.9555217980147523 1.4006996662421427 1.6934124615435102 1.309223394769147 1.6185648295050927 
1.7434625375774093 1.985392798520197 1.4434901246409204 1.7279429054271032 1.354534672843726 1.6543539900564992 1.7073361353394532 1.9537450252056585 1.3996423825520075 1.6914850704383586 1.307707627505422 1.6162370443458653 
1.7358105524339138 1.9777156427456728 1.4351426277345851 1.7198707078036215 1.345539880472121 1.645842780936542 1.7050475188630168 1.950771111945461 1.3977779257024092 1.6888173433503488 1.3056133951445696 1.613365187178938 
1.734091818448703 1.9761305145639367 1.4314237034542672 1.7166802831601258 1.3403526412145161 1.6415122840206617 1.706398988727645 1.9518747102492848 1.397747077525376 1.6887019478021363 1.3043267522866844 1.6122300246896315 
1.7288078054197986 1.9721496603859505 1.4233870633388588 1.7107391931444196 1.330021441962655 1.6338772570056845 1.707837704484949 1.9537931005458127 1.3978425980275533 1.6895448451403767 1.3026473939099636 1.6116724505123303 
1.720370226188738 1.964296778543581 1.414799896365804 1.70306983585427 1.3210016874919919 1.6259869548667019 1.7036969147288754 1.9497105673142077 1.3944777548805467 1.6862254676930633 1.2992131928427644 1.6083354872341435 
1.7245191244173257 1.965568480684685 1.4164387139869838 1.7017026392002512 1.3207206557334903 1.6228974990001988 1.7071558019059363 1.9503523204183135 1.3952466993263595 1.6841040923176633 1.2979667838512279 1.6044347957337188 
1.7324963264800564 1.9683860968740075 1.4210529051611307 1.700703285222584 1.3228972738904898 1.6195855958753431 1.7144424790779333 1.952514614328633 1.3989856511297354 1.6823082824401983 1.2991638426568413 1.600258415121411 
1.7285450561288964 1.9622256116225907 1.418964312119107 1.695854079485511 1.3208797928152471 1.6146779142936372 1.7095746679006594 1.945535115326282 1.395792697046252 1.676513821287391 1.295955616959026 1.5943532547612058 
1.723887886064822 1.9525096483042128 1.416019177455249 1.6868950156785218 1.3184886416352022 1.6059006137121439 1.7043002927656383 1.935237445617731 1.3921064453270233 1.6668727720258196 1.2927731209771651 1.5848554588103736 
1.7216138645890635 1.9444292668094898 1.4140105200263857 1.6781765776059712 1.316608978681708 1.5969690283863647 1.7027611251274473 1.9277568114586678 1.3909949321422022 1.6588302433116204 1.2918592621664675 1.5766265341307972 
1.726428596692571 1.9389738398539265 1.4138366691658129 1.6667327257955549 1.3131682583271194 1.5822372536499956 1.7094153368324152 1.9238411176492407 1.3930108475521215 1.6491037182536095 1.290719167362862 1.5636559152057337 
1.7147872405150266 1.9199516271648978 1.405240901850334 1.6493698683597744 1.3067022247754612 1.5662661570286 1.7003394876415532 1.907058820187028 1.387573812535081 1.6343439220840696 1.287683888706052 1.5504350252923014 
1.7108875232388892 1.906330495893747 1.3990735129986915 1.6322887419738272 1.2990990694995128 1.5474554063928625 1.6996436031458184 1.8962458227019248 1.3853010341851695 1.6204995519019743 1.2842549018456189 1.5350148192491495 
1.7075040453371026 1.8935445062851228 1.3942759986611581 1.6167703278086747 1.2937707432318022 1.530942019961099 1.69999709483945 1.8867779029081748 1.385072423399791 1.6088400636802185 1.2838468731365786 1.5225647855190168 
1.7025092243695479 1.8842678686703227 1.3884071158933895 1.606113962738448 1.2877160633708813 1.5199146034246136 1.6991209110194012 1.8812069562127927 1.3842501691036198 1.6025218477460457 1.2832329761440047 1.5161182714100507 
1.699563775794189 1.8762941200333705 1.3840352109653136 1.5960940016401917 1.2832914799030655 1.5095693489441948 1.7002573923002953 1.876922426993668 1.3848868680407795 1.5968325629670133 1.2842099495299824 1.5103502214227666 
1.6970107852255154 1.8687583658706974 1.380121084097957 1.5865517424943063 1.279901905761422 1.5001870260776553 1.701359925886266 1.8727086859017126 1.3854653366330463 1.5912028229775486 1.2856628176204365 1.5051050147586778 
1.683115939411733 1.8555310693442566 1.3624612638537068 1.5704830401191348 1.2619588446149264 1.4841349026627733 1.689689054702622 1.861495470148085 1.370573066852636 1.5775255355720363 1.270712383500625 1.4915851452001792 
1.6805074587205526 1.8478333090447876 1.3579524183178915 1.5602619618562166 1.257984476062964 1.4740785464877404 1.6910448341411324 1.8574216673322754 1.3709712187626004 1.5716057717746552 1.2720268292278312 1.4860803724817206 
1.6811783956272992 1.841623154069252 1.3584641481923545 1.5526235492236937 1.2599094276669176 1.467169659447734 1.6941074792597957 1.8534333532565932 1.3744323174620057 1.5666139406260815 1.277110456962897 1.4819669911856943 
1.6818658881457165 1.837702719214449 1.3599838240612203 1.5485588203901655 1.2634123070906742 1.4644757001084656 1.6967858825933755 1.8513672649877388 1.3783923488499854 1.5647504228688296 1.2832069682511 1.4815864948993631 
1.6860333045633944 1.8358399996777932 1.3650025998865203 1.5462316443589426 1.2698117227750576 1.4628814072292255 1.7021559358933482 1.8506579993118555 1.384867727870413 1.5637962859710852 1.291142260673455 1.4814346214453609 
1.693663300655151 1.8382779906385487 1.3743228604611435 1.5490429043980996 1.2802915892819493 1.4662595774507663 1.7107624290900534 1.8540438731772502 1.3953408320500407 1.5677202022255436 1.3028274123559498 1.4859777458852135 
1.697260201487954 1.8392801706632218 1.3786797068046408 1.5501667937983092 1.2854529771076537 1.4678721712039267 1.7148660951208203 1.8555390264920137 1.4002968494554755 1.569423658938188 1.3086110533672448 1.4881942896123914 
1.6967581144741906 1.8382055367923387 1.3790093566883475 1.5497349135558667 1.2862584470603136 1.4678120755376043 1.7147159726421195 1.8547944261545564 1.4010458856275942 1.569376012972675 1.309856312896193 1.4885345333226268 
1.693028424886688 1.836311062950474 1.3734896028271564 1.546663105370494 1.2799094540920852 1.4641930484448762 1.7117562785555365 1.8535918185011229 1.3965092190079877 1.5671410501975562 1.3045813582810002 1.485808060556376 
1.6880777249779109 1.8346399415271106 1.367247570546973 1.5445592344246948 1.27306382902296 1.4618443221651887 1.7071385912943915 1.8521931539033936 1.3907126530979 1.5653686444306336 1.29823236636844 1.4838142021717542 
1.685645708354576 1.8327896620000341 1.3643499120439009 1.5424549178287836 1.2694940688692484 1.4592229719731662 1.7051799527598839 1.850771504625625 1.3884120064642915 1.5637788816626856 1.295319423190357 1.4817452207225774 
1.683364702290178 1.8310871095653805 1.3615782222540502 1.5404734782580645 1.2659935662223958 1.4566753212766734 1.703591772143931 1.8496994912732445 1.386507648921022 1.5625513567292755 1.2927675409432662 1.480003782703443 
1.681898414897654 1.8295572440225094 1.3598360064490276 1.5387174515014899 1.2641960175681775 1.4548845321726531 1.7003282102097936 1.8465138649777963 1.3825656255076069 1.5588409604431235 1.2886137183947872 1.4761513290835868 
1.6829505398317384 1.8356678625284966 1.361255579059252 1.5460823825139265 1.265278223759478 1.462286895762914 1.7018842695964786 1.8530418368455526 1.3845953557266975 1.5666710826143244 1.290355195711607 1.4840385820793 
1.68228325252041 1.8365596325604705 1.3614489719819285 1.5480367067839995 1.2654391114987122 1.4643122915384716 1.7020545538585565 1.8546870481433384 1.385805204893765 1.5695000503824936 1.2916071026092455 1.4869846165144582 
1.6800554760317559 1.8350680259446215 1.3597632679787646 1.5472053523189122 1.2636323070198427 1.46343939561715 1.7003530191652232 1.8536689691215877 1.3847635654451231 1.569222224378781 1.290496259035372 1.4866972966560104 
1.6790983927396392 1.83264913109434 1.358858569719763 1.5445802140713962 1.2623873464594138 1.4604291279281032 1.699826879167652 1.8516594839064875 1.3843903420426047 1.5670890352308768 1.2898301512760664 1.484214689437091 
1.6768696428945722 1.8288703580465648 1.356335437294687 1.540298933889578 1.259349259602502 1.455622047422122 1.6980073370516895 1.848270516986453 1.382383064089462 1.56328433855181 1.2873607400730263 1.4799231947507852 
1.6767739540358593 1.829503040755344 1.3565370406048813 1.5413316404113198 1.2593400939115094 1.4565191228861534 1.6979158312216334 1.8488993085382044 1.3825845433509842 1.564305118163669 1.2873557197266998 1.4808089790087884 
1.6775788417912791 1.8296446003652647 1.3578202079899127 1.5417536477809188 1.2604630672993835 1.4567414792082256 1.6983657983796572 1.848722526050291 1.3834201574018539 1.5643464849980548 1.2879995181310318 1.4806320785143652 
1.6766021054995757 1.8264433269514853 1.3568178811342404 1.5381337292204504 1.259033925263974 1.4526069775977293 1.6971363485429243 1.8453109201285323 1.3821114021473124 1.5604911195984454 1.286251760094271 1.476260206313782 
1.6778939536176771 1.8263752762197478 1.3586998151125065 1.538305469530275 1.2608014338454567 1.452562833610567 1.6977480311008344 1.8446319164285214 1.383143320522772 1.5599371702433276 1.2871054786251046 1.4754521487011225 
1.6712457998740728 1.8230337896311 1.3515281910477228 1.5352583254087013 1.2530561275524452 1.4493237503528085 1.6934899751332246 1.843447306113394 1.3789395285786574 1.5594434577812464 1.2825737526850962 1.4749186776282717 
1.665339846709929 1.8215228288879197 1.343281829490688 1.5326430388579886 1.2431454548200906 1.4456829641936886 1.6873611668104282 1.8416775826348786 1.3704878604569433 1.5565428316560548 1.272494213762817 1.4709963069905545 
1.660961491205889 1.8209975404895224 1.3376277461494623 1.5318247140155723 1.2362155876985577 1.444114935338905 1.6825821729439816 1.8407394535644879 1.3643817943335692 1.5552416686511745 1.2651160708444462 1.4689307811836776 
1.6585661745831095 1.8204582858366323 1.3345158724688326 1.531064736995549 1.232120851325571 1.4426879105583612 1.679679241096719 1.8397143713009498 1.360666458530984 1.5539111385054327 1.2603977109512894 1.4669113827260494 
1.6581796674724547 1.8234128388324624 1.333408659346061 1.5340316893790231 1.230242177792267 1.4452578964389227 1.6783210293680588 1.8417480959184023 1.3583741461096275 1.5557811195727567 1.2572579226312555 1.4683228715848091 
1.6553289949155998 1.8258199542693936 1.3292781926324866 1.5363869751492591 1.2245484659286827 1.4467285057702741 1.6742931165325532 1.8430306194060615 1.3528207095059899 1.5568006603506725 1.2500649199414764 1.4683891609748043 
1.6514110436472804 1.827040889537013 1.3236902771721941 1.5372299524925344 1.21712800669453 1.4464855898487894 1.66918889731516 1.843125484572388 1.3458042538646546 1.5563126506843667 1.2411421048857378 1.4667493655973403 
1.641107477208114 1.823334265889933 1.3091182970795192 1.5313735041355456 1.2000081998671426 1.4392129005704404 1.6574948143594237 1.838097699538406 1.3296037092413588 1.5489222437063714 1.2223236018454278 1.4578714213017485 
1.6322652211047841 1.819864911477841 1.297388447932326 1.5267073487830765 1.1859135455960732 1.4331815940864752 1.6461583802381379 1.8323362019095322 1.3148248726078502 1.5415521365261216 1.2049641481920736 1.448984866183305 
1.6458228702022644 1.8308896139474984 1.313780725722835 1.5392997283377983 1.2031432959048642 1.446021316876352 1.6581646004968322 1.8419917754216004 1.3292090571241304 1.5524885107210358 1.2199716032518215 1.4600529343557442 
1.6641295191899577 1.849890574558236 1.335976733569638 1.5612821378083461 1.2271970537119943 1.4692789693721884 1.674671265126204 1.859379446869143 1.34908510563248 1.5725134986509335 1.241454549405414 1.4812081148303908 
1.6577300843164364 1.860575262424979 1.3263576210237493 1.5725443757006603 1.216690316082026 1.4812179447832041 1.6664689789695397 1.868365631392255 1.3372637601714106 1.5817539754866365 1.2285703686267955 1.4909917589872117 
1.6476075377513058 1.867422283270423 1.3130436856612655 1.5801073083986796 1.2026532511305659 1.4896409728706177 1.6545611272524567 1.873560223055272 1.3217585429324525 1.5873566175925686 1.2121620220972606 1.4973283385466662 
1.639677087888618 1.8744511922871983 1.3022690283297456 1.5877439786901726 1.1911988800141224 1.497992353607621 1.6455569492019713 1.8795967633476334 1.3096645916672327 1.5938154417582042 1.1992795721877778 1.50442607395209 
1.6292105372991699 1.8776018192275616 1.2893851928910345 1.59172101587139 1.1780595300945746 1.5029590390847813 1.6360698771344242 1.8835568108200638 1.2980415415797177 1.598741211199189 1.1875276520850577 1.5103918502119407 
1.621511166256221 1.8814561360535647 1.2788657686769203 1.5956429374686587 1.167534824445768 1.5078847090854162 1.6317196266006027 1.8902612701511952 1.2917848628287953 1.6060158347393745 1.1816717157627197 1.5188570615543813 
1.6141436252710384 1.88345024194512 1.2688542995171392 1.5974718790273368 1.157710820456961 1.510701663030504 1.6269866834437 1.8944684845579065 1.2851526207042998 1.6104478971339404 1.1755510915749812 1.5244164587746782 
1.6074267915460194 1.8842430860215278 1.2609810752663697 1.5989447736616578 1.1504536732002424 1.5133059080106475 1.6216874391016076 1.8964232827035028 1.2791100547411587 1.6132804000482774 1.1702960796909174 1.528444971590384 
1.6039517922652973 1.885781440865049 1.2553044870114423 1.599781124376413 1.1441296422657092 1.5141145693477294 1.618011047487334 1.8977539462720292 1.2732194441615554 1.6138767126986684 1.1637572926478528 1.5290001069297086 
1.6004286435822028 1.887183838309975 1.2514235695392546 1.6019213297719619 1.1411906666277856 1.5173684898462767 1.6145595674605413 1.8991823486064656 1.26944543170566 1.6160392013990164 1.1609250153555868 1.5322656061069735 
1.597019505164198 1.8861844157491336 1.247072831503798 1.6007532593797522 1.1364312888489565 1.516145251819528 1.610999234653729 1.8980355329642542 1.264926037859487 1.6147006631555276 1.1559945105643452 1.5308636970007814 
1.595300812162051 1.886464589491385 1.244859671001073 1.60107450376455 1.1346298249582987 1.5169537915852611 1.610450243846391 1.8992930142621227 1.2642155303210365 1.6161698157139612 1.1558330962145442 1.5328777225939778 
1.593466707077989 1.885068802645137 1.2424352883615186 1.599372905205653 1.1318891575441343 1.5150977886281698 1.6101212323567347 1.8991678775258312 1.263724527769391 1.615966560986325 1.1552174259791834 1.5326041711498668 
1.59425995023991 1.8863130103296641 1.2423890988490522 1.6000133302378952 1.1313127582322051 1.5153813186584293 1.612602044913425 1.9018405136233059 1.26584013179349 1.6182902160178068 1.1570173392213965 1.5346664482091736 
1.5948707715676058 1.887388346620973 1.2422797641435883 1.6005877062381335 1.1308547063175929 1.5157355837218607 1.614139385245478 1.9036984918732929 1.2669223296637602 1.6197883140585532 1.1578711257306011 1.5359972450368033 
1.5944435331596443 1.8867288531356619 1.2418319388848917 1.5998881677337982 1.1298296103548577 1.5145991328581334 1.6132560802410167 1.902653611473883 1.2658955582648237 1.6186374360104892 1.1562265990862732 1.5343909323424099 
1.5951330328330142 1.887351977442218 1.2426644279269645 1.6005820737328813 1.1306866800467095 1.5152889040559396 1.6120228178208427 1.9016481429263012 1.2642717481518955 1.617414958350222 1.1543918490595166 1.5330585884091483 
1.5961565530741182 1.887563206062634 1.244018337132315 1.6008624981807307 1.1315766983821514 1.5151385874834848 1.6099951373347219 1.899279720631337 1.2617250982054093 1.6146607502511015 1.1510145197352857 1.529710279628613 
1.596594609321978 1.8864416404532633 1.2445779098618135 1.599538023941913 1.132189171877209 1.5137371096845054 1.6061343912001884 1.8945224725286316 1.2567925484327156 1.6090603550258766 1.145602748336438 1.5237957124614834 
1.6036731792551873 1.9036014966642678 1.2539121775716353 1.6199465242107345 1.1420989065148606 1.5350312389337357 1.607652516765498 1.9069550615844202 1.2589974971628974 1.6238859843297004 1.1476797728732697 1.539188050012876 
1.6074270568307385 1.9062201574979556 1.2589296743788074 1.6231936023936056 1.1472146211723115 1.538166094039109 1.6081248934928936 1.906808647686372 1.2598205646327298 1.6238846636665825 1.148192195179679 1.5388953385112094 
1.6083534095951455 1.9007199586041945 1.2602126962367621 1.6168091138524456 1.1481016110764455 1.531036570509121 1.6090096059801289 1.9012752517761153 1.2610500631364046 1.617461879803147 1.149020683598137 1.531725890039184 
1.6108707429065343 1.8932537208499682 1.2633055908814186 1.607932248918545 1.1501082564490397 1.5206097798949767 1.6115700972754023 1.893848800615363 1.264197233042475 1.6086328808004173 1.1510875855608251 1.521350627170558 
1.6137773965567803 1.8845833422158809 1.2654187732278905 1.5964528053649378 1.151307890026634 1.5076096131816021 1.6148056558290782 1.8854639201580017 1.2667298417964186 1.5974922160115774 1.1527487489030643 1.5087102326880335 
1.6200013419563484 1.8827899317237624 1.2713323853109264 1.5927270993489029 1.1555889061168638 1.5019584877753345 1.6203837391742641 1.883118966300422 1.271819620929151 1.5931160432436708 1.156124921528971 1.5023709306427524 
1.623876992422434 1.8778644435845018 1.2769659297408562 1.5874635012115808 1.1619290016687465 1.4964883517351315 1.6239397310611408 1.8779186968766592 1.2770457115228608 1.5875276789016721 1.162016681687027 1.4965564307699628 
1.6296467662224534 1.8734651704953844 1.2821269276710867 1.5804975865401694 1.1658337508664345 1.487713513099649 1.6290692946339944 1.8729628744636933 1.2813928526097296 1.5799021504888522 1.1650264025846366 1.487080926217299 
1.6347099001313168 1.8674865994666037 1.2894079287748077 1.5741037285983854 1.1735397888385974 1.4806840910833543 1.6322140419710092 1.8653022329926425 1.2862422120298105 1.571511619303955 1.1700606211676983 1.4779281439932521 
1.6402921830793713 1.861692954133761 1.2958519754475393 1.566708189763266 1.179929115952009 1.472268633188689 1.6354269050652461 1.85740770198987 1.2896879693209864 1.561613674316183 1.1731561850884518 1.46684615560436 
1.6425285734434363 1.85123790016792 1.3028195759114651 1.557729275521947 1.1890754644588921 1.4639269478420465 1.6350614802318995 1.8446158658588323 1.2933927388609114 1.5498536786994215 1.1787393222159555 1.4555438977159465 
1.6504860437027935 1.8438200800071842 1.313165276900703 1.54918409217165 1.1995638492625975 1.4541395171845444 1.638856181328215 1.8334169984097177 1.2985177885103074 1.5367878038485663 1.1835112298063333 1.4409257920023848 
1.660893059153397 1.8500320032756 1.3274976189597967 1.5576593297457342 1.2148618780519578 1.4628540740429066 1.6472913594030443 1.8378306456156208 1.3104400013598219 1.5431479696918016 1.1961991688527165 1.4473925213168437 
1.6744919682283848 1.8580527674803453 1.344835740178469 1.5674884060628234 1.2330212100614368 1.4726771674543508 1.6590259958907725 1.8441268910032655 1.3255289779711985 1.5509557719423757 1.2119344899132833 1.4550676764059363 
1.6874657880679063 1.866758147629103 1.3612986890097412 1.5780935702738415 1.2501898157878426 1.4833137804725067 1.670108956475487 1.8510832294469204 1.3397228300285249 1.5595199444507402 1.2266612067313616 1.4635378068022842 
1.7020866082223842 1.8784141650951156 1.3779632932302586 1.5906362850224371 1.266773055085235 1.495344417460399 1.6838616760975291 1.8619159750026262 1.3553870885580914 1.5711190640973012 1.2421776424610047 1.4745664614285718 
1.709229588111012 1.88910592907707 1.3851457153939217 1.6018377193942397 1.2733670016433358 1.5062267250564039 1.6903057691891545 1.8720013407458178 1.361725545531896 1.5816295039465276 1.2478506839178074 1.4847177360542776 
1.7084576630110007 1.8932498717551813 1.3844016272386457 1.6069024102605018 1.272224533917268 1.511331451171784 1.6899073071269353 1.876527164013623 1.361442979298439 1.5871655479126965 1.2472026239072023 1.4903294520611912 
1.710785234053781 1.9001006874364448 1.388220363003097 1.6157822506750252 1.2768512503249743 1.5211658755035395 1.6917039358281492 1.882938849733695 1.3646361660517614 1.5955652199256696 1.251169534833889 1.4996738679581139 
1.7078827539627364 1.9041171235728491 1.389086287342633 1.6243026912134757 1.2798382734093166 1.53192184039635 1.6877899823566145 1.8861159941910626 1.364306504031752 1.6031627353276836 1.2528996485526447 1.509488671154355 
1.711819337221732 1.9111697084472248 1.3938363944474437 1.6324901548512474 1.2854488187735247 1.5409811409898075 1.6911527390943286 1.8926811136972466 1.3683756933482303 1.6108060868230694 1.2577960126134324 1.5179904546953678 
1.7167763119269002 1.9220092806522369 1.3990453886823437 1.6444229289672805 1.2912459928275983 1.5537422513767623 1.6955232402398175 1.9030496125727594 1.3728824248978242 1.6222222173035759 1.2628516805204522 1.530226498500575 
1.7233410868649102 1.932657187515864 1.4070197751548235 1.6567932733013886 1.3003485969834128 1.5672159316624912 1.7016229832594323 1.9133165132660959 1.3803336274816789 1.6341910004453977 1.2714254791991273 1.5433023203302487 
1.7317489421105965 1.9467889977553217 1.411837530490378 1.668627644437539 1.3040069119836635 1.5784381615322058 1.714766810286801 1.9316982727489223 1.3909550775137094 1.6509963752053394 1.2813683473775874 1.5597877563762224 
1.7339551829491902 1.9450239727253646 1.414263458227059 1.666330941702866 1.3079772788838344 1.5771246748676402 1.7176422990123292 1.9304954662874398 1.3942150552035937 1.6493493560056827 1.2862733196938976 1.5591718093129956 
1.7310394632825474 1.9275319719894481 1.4122674096082264 1.6472343840029355 1.307525804350159 1.5583663268440866 1.7087402716274729 1.9075311781151916 1.3848447308927923 1.6237847173444917 1.2778573556862791 1.5335583787653897 
1.7271399568221968 1.9092102565070668 1.4070475983604036 1.625378207418747 1.304177878071768 1.5371894192817552 1.7042491193929894 1.8885275836089288 1.3788529923642259 1.601033087619297 1.2737081958407035 1.5114244742135743 
1.7235245254779694 1.8940511879418833 1.4024004610395917 1.607364353761791 1.3006087944974305 1.5193670882785568 1.7000802786704101 1.8727429259094959 1.373485790652404 1.5821998387511167 1.2693775641329335 1.4927198373921544 
1.7189697332230056 1.8769820496256138 1.3991665868426 1.589299156426118 1.3002279076134193 1.5029295667518054 1.6945488337598213 1.8546429362216248 1.369052936886215 1.5628533568050365 1.2677663104834307 1.4749359609409387 
1.7155440541972362 1.8572477982141988 1.3947383488997103 1.5657499940831836 1.297469013846377 1.4797647867047956 1.690312993469402 1.8339672837789363 1.3635841286446135 1.5380636066078313 1.263919481569728 1.4504380159012276 
1.7134578630513708 1.8468306362340243 1.3928976457918831 1.5540300518756291 1.296832115137719 1.4685431847012773 1.6880312945359073 1.823264983981366 1.3614975778651133 1.5259492799606973 1.263046055269787 1.438794943073046 
1.7191523349655724 1.8554627786128128 1.3986142573338727 1.5631312206010024 1.3032731604761836 1.4784377913248767 1.6930747569961524 1.8313272522347228 1.3664330290129774 1.5344043126821496 1.2686758107481912 1.44803165876219 
1.7190402197487702 1.8580235181057045 1.3982630464665438 1.5659794583052165 1.3026671935355938 1.481247424920597 1.6921676518105113 1.8331894278971554 1.365090338341716 1.5364321490238022 1.2669940417515388 1.4499744889320982 
1.7191920113803025 1.858031678436579 1.3983721385932466 1.5659199162389659 1.3027010800616732 1.4811112888888025 1.6910922153193924 1.8320626154129804 1.363677508325869 1.5350169030971126 1.265386033079965 1.448399930541924 
1.7138242878165777 1.8538580275495746 1.3927364702304597 1.5618293031922534 1.2965638208395296 1.4767104111199323 1.6856398376610586 1.8278341169564594 1.3579038435434225 1.5308490275366804 1.2590733554126223 1.4439049868706735 
1.7120297601573695 1.8546465455888084 1.3897441228026475 1.5620680639026265 1.293071024369698 1.4767195344629596 1.6838262450693955 1.8286439601476554 1.3548482021187835 1.5311046862264188 1.2554909788542887 1.4439271129058073 
1.710010338569966 1.8567421516021467 1.3876240515414 1.564882285648403 1.2906228491763851 1.4795483764771498 1.6818106403564492 1.8308039462313188 1.352720289053199 1.5340170272640947 1.2530199562721138 1.4468638741554678 
1.7080540435735632 1.8604313860414203 1.3853205000172344 1.5693531196540822 1.2888282584456316 1.4848685484473028 1.6804567599816427 1.8351270388090304 1.3511473621215415 1.5392711004134394 1.2520241955201985 1.4530385103527022 
1.705091448045368 1.8649055104206886 1.3809554084753968 1.574030989783063 1.2828018218717379 1.488662564450873 1.6783087505394976 1.8404499392098255 1.3477467329351793 1.544977984547822 1.2469819285528758 1.4579093410556947 
1.699212867982049 1.8657533993043616 1.374509252466414 1.5757496823467172 1.2755995137643241 1.490256855651327 1.6725153366518888 1.8414719459268938 1.3413645536302874 1.5469228300195779 1.2398134134359815 1.459742674732701 
1.6965127047901352 1.871740776099709 1.3697684770479792 1.581620642288896 1.2689771959788483 1.4951793535607494 1.6704023045884306 1.8481076901994482 1.337293603654164 1.5535804960716841 1.2338523516103295 1.4654861995168498 
1.6960425928859806 1.8784270365397215 1.3667313287121943 1.5874136762682245 1.2630422371731675 1.4990674926778313 1.6705051888346232 1.8554016386333714 1.3349088485448735 1.5600991278259853 1.22853685411688 1.470112395921958 
1.6933882499249042 1.885378290318346 1.3633123927345963 1.5955275656671462 1.2574751191907259 1.5060980074363453 1.6689646113754868 1.863472673972905 1.3328540014659258 1.569581893958939 1.2243866972585622 1.4785838890789151 
1.6925103487522817 1.8933730314318862 1.3620454003569669 1.6048170699969422 1.253601046838096 1.5138645052162263 1.6686672902569797 1.8720899233459836 1.3323013613944745 1.5796509339387517 1.221218583863499 1.487160040175088 
1.69172803079868 1.9014883565591403 1.3605510929729834 1.6139434675756088 1.2502550551747351 1.5221208700132787 1.6683112027286695 1.8806851169427539 1.3313218301935785 1.5893810290455779 1.2183826336377173 1.4960516307567664 
1.6922386778577927 1.9080647366475514 1.359645882293581 1.62039384769194 1.2475916750435176 1.5275877336630752 1.6696024751412806 1.8880179346070551 1.3313668192492596 1.5967394602119316 1.2167110050451135 1.5024729502383365 
1.6903728679003043 1.9147207744038033 1.3582382826785218 1.628989393437999 1.2458980827232617 1.5365732146349227 1.668054396784919 1.8950463535316227 1.330359451664662 1.6058180102469581 1.2154452149864674 1.5119862043132206 
1.6882554740461322 1.9178216323805326 1.3560575312451644 1.6330111132587954 1.242859762984839 1.5403031060238537 1.6682826220897737 1.9002631857578915 1.3311094581463727 1.61235407325647 1.2155907008391968 1.5183853331571437 
1.6854652651280893 1.92257999536386 1.3529412808962924 1.6388931594748024 1.2392713742975345 1.5463874733627727 1.6687538098992614 1.9079465287772872 1.3320646484511554 1.6217018549268851 1.216445501143927 1.52815586111931 
1.686768796517961 1.9290188332379365 1.3550097954283027 1.6468078915850053 1.2402822414703236 1.5537775659941322 1.6705327083079369 1.9148379084420306 1.3347442085758043 1.6301738522030864 1.218109434790918 1.5361364787044964 
1.6867164424034051 1.9358777454772291 1.3558378393723933 1.655568342000414 1.2415858473234944 1.5633763797096334 1.6717870512699875 1.9228838324646655 1.3372194413760219 1.6403554867021966 1.2212268437902924 1.5472573452254152 
1.6878544219996139 1.9376303607715406 1.3564986337861349 1.6569995197898066 1.2409071750391527 1.5637805095932262 1.6737173013635398 1.9253281460581337 1.3388672818780993 1.6425968658205976 1.2216086411300675 1.5485110710626677 
1.6851775881781985 1.9328756723178266 1.3541568430939195 1.6522486546032016 1.2382770318866816 1.5586901130879383 1.6720423764660064 1.9214345082875166 1.3377753775197427 1.6388495420989964 1.2203410231152971 1.544479547821236 
1.681919166311461 1.9265129455277066 1.3502765538976969 1.6449458408366642 1.2336484839717674 1.5506413606265763 1.6695822836883003 1.9157518235110311 1.3348781562396772 1.6323295437153125 1.2167750416596488 1.5372512967260232 
1.6800619885396788 1.9211980986602863 1.3491593031721272 1.6397026176401317 1.2320042554049477 1.5447421578683933 1.668659495635913 1.9112347739971403 1.3349333512860857 1.6280174757464674 1.216408941259435 1.5323330451751995 
1.6799162841161162 1.9189546099734873 1.3490922331844106 1.637167653949497 1.2314799980667572 1.541690973943384 1.6693314196523408 1.9096951228241903 1.335888663264458 1.6263045822165354 1.2170010898263404 1.5301502299246632 
1.67954302422283 1.9165453503884458 1.3487119886082315 1.6344128420003223 1.2311560771143397 1.5388393665667546 1.6699139890831414 1.908112690806172 1.3367019072835837 1.6245163276543486 1.2179873755238886 1.5283241007114854 
1.6792259395484843 1.9162641840551344 1.3485738360403148 1.63429497285297 1.2307100984604336 1.5384784735226198 1.670266865669223 1.9084182113972006 1.3374015992784254 1.6250882144648302 1.2184576287062632 1.52869475697161 
1.6800270193094662 1.9136210484027003 1.3442214704466857 1.626771678168098 1.2235374688213883 1.5285609797747195 1.6988501655501729 1.9301675098990374 1.367674106280385 1.6462038732398396 1.2492577944483076 1.5492255382189677 
1.680595521164212 1.9100441903414722 1.3450427761811927 1.6226544835722763 1.22456148631141 1.5242763322499007 1.7004177763000508 1.9275082664562584 1.3697296733141215 1.6431758522012214 1.2516269979339731 1.5461040214866562 
1.6827448921304649 1.908113719271252 1.3480320926414067 1.620635096643032 1.2275983844854024 1.5219281807204865 1.7025767071034335 1.925625881954013 1.3727081242460721 1.6412175931457627 1.2546453144897844 1.5438272114622058 
1.686981498036766 1.911928289784523 1.3576491618670747 1.6287340044581775 1.2405957918348627 1.5325276928259308 1.680303384772634 1.9060384769039609 1.349342112615763 1.6218160646134847 1.231499414891607 1.5251734391335203 
1.6918383019391687 1.9137028018499658 1.363623286068557 1.6307697692220107 1.2476382539455937 1.5351035100632173 1.6852718526066972 1.907900099871167 1.3554677582253332 1.623956408740213 1.238719334630896 1.527863594660338 
1.6962129879620247 1.9105900897605066 1.3690602510229635 1.627126903929457 1.2541591291901757 1.5317085597107107 1.6893411921311396 1.9044919674262373 1.3605370755077055 1.6199620749854178 1.244849502643215 1.524095231536094 
1.6974472783227113 1.902115965277927 1.3713735632150634 1.6178329124372455 1.258104652676072 1.5230053183640493 1.689953387311372 1.895431437421354 1.362086868920327 1.6099684845254518 1.2479753626114498 1.5146486022722165 
1.701931000938287 1.8962695218757275 1.3772390676838933 1.6112282324968117 1.2654062142864637 1.5167471294829604 1.693416914547271 1.8886317306756233 1.366703758711009 1.6022322340144077 1.2539316574976482 1.5071873039920418 
1.7118362295824474 1.9005690168344453 1.3893715252987768 1.61620931384244 1.2801754855140173 1.523360950185822 1.702460516473451 1.892128727383803 1.3778032401439075 1.6062755303468488 1.2676110629649182 1.5128176088977319 
1.720426948149819 1.9047652959092098 1.3998149297389637 1.6210317042242264 1.292470777665824 1.5292948243226678 1.710013191305874 1.8953646253478775 1.386996059129261 1.6099751602494057 1.2785761383821066 1.5175700610581706 
1.7229752552311945 1.905452169050433 1.402792790450179 1.6217064627542803 1.2971884889016707 1.5312747023767486 1.7121276146768383 1.895649020082304 1.3894476786619205 1.6101767263685685 1.2827451869093096 1.5190587391338757 
1.7246505053853665 1.904509115579655 1.404592099410359 1.6203748243310865 1.3005147310684333 1.5310369594905275 1.7137449442802157 1.8946391053828693 1.3911798352642981 1.6087625491805804 1.2860174703502278 1.518741762001032 
1.7083499897253753 1.8942871201047347 1.384251955459948 1.6081099098614775 1.2793475466012705 1.5187475599962916 1.6979756038867844 1.884936380198199 1.3714280659935068 1.5970845144182853 1.265461026264614 1.5070685501975978 
1.6922712712448202 1.8850092804017067 1.3640471444493991 1.5969040497163753 1.2582681308372075 1.5075531900402586 1.6824887008478127 1.8762319046963676 1.3518915582547884 1.5865335536951495 1.245080263308579 1.49656366179343 
1.6779222418289859 1.8782065435101674 1.3450427627493522 1.587884379948493 1.2381325848326623 1.4984021716763527 1.669682866781716 1.8708494450608286 1.3347501113033893 1.5791753006187788 1.2269434068547782 1.4891698674376976 
1.6614025930824834 1.8670379012064002 1.324100094215388 1.5744246592775406 1.2162408736353172 1.4848615460510788 1.6545471664178086 1.8609401586674408 1.3154880497751393 1.5671888071771058 1.206859400386474 1.4771870431807883 
1.6482117147994488 1.859334453481175 1.3071823456588372 1.565007488129734 1.1980490444060041 1.4750743255518144 1.6426170894588124 1.8543768914873104 1.3001210445885951 1.5591143266874754 1.1903405221121137 1.4688203810140095 
1.6446342660255044 1.8767733787448204 1.300447222529715 1.5838621861655924 1.1907162584701907 1.4950791465220996 1.6415286634187203 1.8740525070032723 1.2965174362210676 1.58063718436751 1.1864230662058328 1.4916622064680896 
1.6375762714799729 1.8876084564533637 1.292224067301894 1.5972641234543055 1.1825105307413757 1.509881053352962 1.6387753322387575 1.888648784055482 1.2937432452980189 1.5984934234191426 1.1841704691277561 1.5111814384494835 
1.6333836826647066 1.896849474522246 1.2867669827887718 1.6080624808120239 1.1757712197512404 1.5207016917841973 1.6384104618426114 1.9011797694261634 1.2931418540420534 1.6131681650947989 1.1827444981378352 1.526099676323706 
1.631150611353599 1.9066027158480658 1.282908135806777 1.6187448483560405 1.1710488345578163 1.531612539802159 1.6389640216304995 1.913291578238722 1.292827920567629 1.6266178504366722 1.1819078306700652 1.5399310761716642 
1.6315363820979445 1.9148109147143617 1.2835100113786608 1.6284924999241632 1.1712073311370834 1.5415305658692762 1.639122389148916 1.921278761556805 1.293139277034477 1.6360926204861541 1.18175202686911 1.5495572677410958 
1.6319872376850042 1.9192622060382292 1.2830715524734893 1.6329291718646985 1.170240998071222 1.5458489787578635 1.6395389720670657 1.9256876985863336 1.2926632607631154 1.6404765701730488 1.180749630754433 1.553819411027784 
1.6285870513445881 1.9162602772659199 1.281347189721529 1.6314436205481513 1.169952621864347 1.545492414678008 1.6364619111996648 1.9229574236647207 1.29134132730555 1.6393047581298787 1.1808898934309073 1.553788469138338 
1.6316821319770896 1.9162264969761011 1.2834215777418192 1.6299412118580534 1.1708103999424075 1.542833238076397 1.639947628015389 1.9232695158332074 1.2939136713990236 1.6382154916045997 1.1823022606056794 1.5515721199265278 
1.6324295668815239 1.9138133149366998 1.2852142392725814 1.627768642783427 1.1736978618149563 1.541240339606059 1.6410521265910478 1.9211733903500225 1.2961486921603556 1.636415761898241 1.1856611919890943 1.5503701415433024 
1.6368653141497929 1.9116185060483957 1.2915723406246744 1.6257663937560956 1.1808360789994097 1.5392631683590368 1.6450275036687683 1.9186121921395944 1.3019011261331255 1.633984026307081 1.1921246900499545 1.547940093358493 
1.6429607408715432 1.9073297542232097 1.299366444404799 1.6207837462614099 1.1888285989347538 1.5335906340823713 1.6501957743992588 1.9135654912087983 1.3085026765907548 1.628117332978545 1.1988075472923791 1.541339135539343 
1.6480172252282834 1.9000343775913975 1.3065229759361794 1.612814976377988 1.196877520320743 1.525347717744754 1.6546106203240478 1.9057560615853042 1.3148299574048083 1.6195516905209075 1.205940018777522 1.5324689850920734 
1.6584679186549192 1.8937938769115237 1.3187811891316845 1.60471905199246 1.209867320166794 1.5164822265452302 1.6633695712822147 1.8980879172703196 1.324940118747855 1.6097843735381394 1.2165777516737595 1.521841265338662 
1.6676393412920552 1.8885059661819976 1.3303248395128913 1.5984986675956285 1.222470655936166 1.5099232815957901 1.6705701190626512 1.8910944805548455 1.3339968998108653 1.6015559747898294 1.226465676121839 1.513159564086022 
1.6700728581806246 1.8787260002010937 1.333316082416919 1.5868836781035969 1.2250682428467405 1.4970839094157682 1.6716173006497632 1.8800990484630324 1.3352500978586748 1.588509004076338 1.2271728679495812 1.498806618624164 
1.6689137289723306 1.8680913674743882 1.3322533517136783 1.574608305462768 1.2231480006738065 1.4834363329891613 1.6701899519852015 1.8692316063538863 1.3338517286836382 1.5759608994490724 1.2248887592399278 1.4848719793276217 
1.6693286223344221 1.8599761569829167 1.3329709155660299 1.5651404783421006 1.2235522686607792 1.473069383751132 1.6702783604671827 1.8608285941066522 1.334160115520225 1.5661533989507348 1.22484770736812 1.4741455699641537 
1.674216579244083 1.861947747982139 1.3391151882552002 1.5675068578528641 1.230273587709563 1.4756088108356358 1.6794725699503876 1.866675219532246 1.3456806628675912 1.5731194196295966 1.2374166879494393 1.4815695466685859 
1.6815267861218417 1.8650108381790305 1.348425587581773 1.5713003084468766 1.240014805575018 1.4793139667174273 1.6889441234112068 1.871701190384098 1.3576639808160373 1.579235441245304 1.2500546538472825 1.4877398064464262 
1.6846734689683487 1.8646765950496216 1.351795736435742 1.57042854664765 1.2419139459100417 1.4769036380637195 1.693121169180118 1.8723123138530735 1.3623091827943647 1.5794873904548432 1.2533494506823903 1.4865325265885878 
1.6905658734290272 1.8654231843211473 1.3602237223349878 1.5722592849154522 1.2505378431710295 1.478389522894034 1.698454940080204 1.8725757308271538 1.3700163451152143 1.5807389000346799 1.2611824246645884 1.4874043809545707 
1.7041843350935308 1.8644276789294296 1.3773259047800486 1.5712647676181695 1.2687825061759717 1.4770427786486686 1.7116794793296377 1.8712811017958206 1.38658899460445 1.5793908198853697 1.2788320608892239 1.485684273975524 
1.7035617252272868 1.8574543954938356 1.3768411637002178 1.5632357051127541 1.2679989544393835 1.4682764140785516 1.7116811404462486 1.8649039134066319 1.3868746752895051 1.5720800376060278 1.278886673384069 1.477689210571482 
1.7028523211363251 1.8536669220761774 1.3751868252711592 1.558048084880364 1.2653585662567626 1.4620216590732744 1.7104187316851303 1.8606201299833798 1.3845450568686344 1.5663141590687895 1.2755228384075958 1.4708275023602766 
1.698492593626637 1.8476609559344324 1.370661704507914 1.5516724608255894 1.2596830735564162 1.4545705081860212 1.7059235190665905 1.8544942626992784 1.3798592212630025 1.5598029965301836 1.2696847672176506 1.463240692977249 
1.6918586617463942 1.8363647514059673 1.3624341928057662 1.5382056750013309 1.2507276474621882 1.4401977006669258 1.6990056873966903 1.8429514629219892 1.371299210313453 1.5460631594751555 1.2603786108175192 1.448586901599728 
1.6908454928549002 1.8420865184859614 1.3605175758907821 1.5444521148898498 1.2479219478427848 1.446248059216582 1.6964852326995747 1.8472645738084543 1.3675202881009592 1.5506243901240977 1.2555528073194413 1.4528376071838622 
1.690059500916225 1.8459830460535653 1.3587013400439405 1.5483609466520396 1.2456018730867418 1.4501297583034423 1.6945237999146543 1.8500711332695292 1.3642503887766348 1.5532325688567055 1.2516524350142892 1.4553302401026373 
1.6846944394147978 1.840368715256576 1.3532473677030155 1.5427378559221072 1.2398304409051828 1.4442787736774156 1.6876514428445053 1.8430759741353964 1.3569268501047285 1.5459664066321557 1.243845472932687 1.4477269129345975 
1.6823602089514986 1.8389987838232331 1.3484169505992312 1.5394183729263886 1.2353625672908053 1.4414233683770115 1.6830074075485615 1.839590875195713 1.3492243452678023 1.5401256403629315 1.2362438003336274 1.4421786949276882 
1.6777541994406837 1.8342153650814426 1.3455353847970146 1.5362136321165913 1.231270510383827 1.4371895913555905 1.6755341380768254 1.8321848977711965 1.3427661620181117 1.5337887134872423 1.2282436907474223 1.4345973008551387 
1.674980668185302 1.830426768159404 1.3417201563643888 1.5313767964790637 1.2284613291408404 1.4331849678232325 1.6692491018522313 1.8251834096425708 1.3345580928661294 1.5251056415981417 1.2206349013666946 1.4264822036164628 
1.6749850643651156 1.8299496169146872 1.339807361468883 1.5291253710687722 1.2266183456341302 1.4309902866358701 1.665680317121569 1.8214366729167968 1.3281565114271023 1.5189273693782104 1.2138815917733534 1.420087727376802 
1.6717240152803363 1.8303617274913202 1.3391401453414087 1.5325988382694962 1.2272664724765399 1.435878081406987 1.6609395040352946 1.8205172084506671 1.325652737961571 1.5208280809693808 1.2125352973274672 1.4233076678866765 
1.6723156629641067 1.829517184482037 1.3416569477310807 1.5331460521147617 1.227881987079817 1.4346385000811457 1.660596933766614 1.818811597762418 1.327021426064809 1.5203549970171701 1.2118732087289825 1.4209609867111341 
1.6772451789777905 1.8341407510341836 1.3473447351009467 1.5382648469636948 1.2289931651576587 1.4357385222261885 1.6649105482770659 1.822868080241749 1.3319585498671647 1.524806375499604 1.2121055825975888 1.4213095537440954 
1.6795737099410821 1.8374591563039573 1.3522935802277736 1.5440162664574653 1.2338082213720454 1.4413781707398132 1.6663902189119 1.8254162992712786 1.335884142313715 1.5296649128633533 1.215800658695845 1.42599423057923 
1.6834137233216706 1.8410662178443584 1.357135518166012 1.5483732977831057 1.2397631812034628 1.4466014655349033 1.6708265001333114 1.8295639502809762 1.341490307213485 1.5346788911585805 1.2226169372079425 1.4319340870891124 
1.6920483677376421 1.8513925748105449 1.365232706744026 1.558360398259536 1.2480356278422582 1.4567840319222407 1.679742313315831 1.8401524465227383 1.3499507042642778 1.5449898676831573 1.2312999182748368 1.4424722791248432 
1.6956191503654496 1.8611391277242144 1.3714523924241957 1.5714948979700984 1.2556737419752195 1.4715403820303574 1.6828154879029518 1.8494816884700562 1.355590398286315 1.5576712995963076 1.2383296045585157 1.456768601798532 
1.6885955573811777 1.8689752779551287 1.3608700036401162 1.5791392592192275 1.2443100325913352 1.4798719844660382 1.676188260389462 1.8577730532730445 1.3454439024602438 1.5658649136714988 1.2274198894703678 1.465698883900595 
1.6736580185986534 1.8740838109112332 1.3421742211872385 1.585083785520365 1.2242860927167185 1.486585148560139 1.6614265742004881 1.8631685990697595 1.3268906278437458 1.572163383799397 1.2075112981084566 1.472800903774699 
1.6623803027418484 1.882538082999672 1.3249374852211255 1.5924511618081354 1.2048475125691551 1.4940210478919231 1.650977971416966 1.872476869043802 1.3106026594296534 1.5805444295887667 1.1890658180706737 1.481323355214546 
1.6428708046175786 1.8808997249414467 1.3036775300145391 1.5932151131861667 1.1850623797356872 1.4977089632117482 1.6329730802021232 1.872260765834933 1.291182288549843 1.5830069478321345 1.171302456184913 1.4868452301718595 
1.6294309101139879 1.8826076298780103 1.2863873617363082 1.5949792605783 1.167504123348136 1.5007439072922804 1.6201737969350385 1.874601165452241 1.2746413165572892 1.5855210131420208 1.1545492278265572 1.4906878669644092 
1.6175970173485144 1.8829036159280192 1.2707002674646803 1.5947993874073345 1.1519504107967538 1.501897355106137 1.6078977612195404 1.8745775862510492 1.2583299526494671 1.5849606260329654 1.1382903183875412 1.4914458640107624 
1.604664850756771 1.8807217624769086 1.2546741323763113 1.5925992097995811 1.1360404718381514 1.5009173922152577 1.594568453611901 1.872114744841846 1.2417352569908973 1.5824258317704023 1.1217340253617387 1.4901182128456285 
1.5958648220064913 1.8782631800463454 1.2421336661236624 1.5887051607890654 1.1226968775755146 1.4971761159989863 1.5853340649837215 1.8693239796776293 1.228574626141127 1.5781266284420303 1.1076767788474262 1.485946126142469 
1.5876597550479037 1.8741431208845203 1.2322437344124617 1.5843527261183887 1.1131345939277826 1.4935921678821065 1.5764845006782557 1.864685582246715 1.2178113581662677 1.5731539796977188 1.0971365034847622 1.481707611858281 
1.5809334042371328 1.8701795574470412 1.2232472959433878 1.5794160615533863 1.1041236277848645 1.4890635090192796 1.5701319356133134 1.8610576142862452 1.2092550655807939 1.5686041444841368 1.0886013283258522 1.4775906065256406 
1.5769536661234946 1.8650060361887117 1.2180045410015228 1.573213180665713 1.098207074599472 1.4824046102938055 1.5667498216180944 1.856386181121894 1.204764375444564 1.562984916837117 1.0835039995959084 1.471545299017441 
1.5768696534244355 1.8628664572402658 1.2177494191708325 1.5705626958230288 1.0984204076267428 1.4799597715853292 1.5668812359559672 1.8544191384934796 1.2047873470413357 1.5605339103047071 1.0840324236806296 1.4693127064076248 
1.5787320950412485 1.8601492424623702 1.2200103909038356 1.5672222338370938 1.1007605007054577 1.4762905731031848 1.5694610591579934 1.8522872867169742 1.207989380008504 1.55788270371467 1.0874220285672576 1.4663720007328733 
1.5842159613661422 1.8583699719235804 1.2257860835591379 1.5640812839962153 1.1063583294065489 1.4723544048045123 1.5757253991883389 1.851137292030834 1.2147929222905647 1.555480820951274 1.0941659263782846 1.4632148901467787 
1.5877699804257481 1.8569324829840153 1.2311291540456593 1.562966323873032 1.1118075360156452 1.470816349093652 1.579690522995305 1.8500288873585677 1.2206914563644575 1.5547579770694795 1.10023844453881 1.4620907531549399 
1.5947185659524128 1.858094703774089 1.236472896344 1.5614909051907155 1.115669495053674 1.467687652667733 1.5870471512193078 1.8515148618883186 1.2265629127742776 1.553655432389473 1.1046763226363276 1.4593486222946592 
1.596778789305034 1.8563681365974933 1.2372970141297723 1.5579807629667477 1.1158510744604093 1.4633946074024087 1.5890973700483082 1.8497650142908557 1.2273678546770117 1.5501070954274254 1.1048310141802002 1.455009184333367 
1.5937339759707703 1.8515871738169933 1.2360823274214383 1.5544409272286934 1.1149121284494128 1.4599370295473706 1.586579581226104 1.8454326982156788 1.226844041255285 1.5471048373150411 1.1046609595543784 1.4521235869042277 
1.5813350388057206 1.8446022133443 1.2201197145176739 1.5461658831686496 1.0966016827247211 1.450679865123484 1.5747647394943445 1.838972758165463 1.211592174601128 1.5394454904525494 1.0871056666003953 1.4435149984931537 
1.5740089111192255 1.8399921633155751 1.2096157043800027 1.5398822231140699 1.0831263694891422 1.4426468178534655 1.5677393222225213 1.8346317590248813 1.2014460797067548 1.5334731139549627 1.0739950011255779 1.435803737013778 
1.5718199941951176 1.8363108841510305 1.2077499521637498 1.5362550296261164 1.0808064210354877 1.4385972643000333 1.5657327522318552 1.831103115750596 1.1998170294722192 1.5300262982418111 1.0719344555575867 1.4319437999137883 
1.5700197544340644 1.8341617397473975 1.2055998228737428 1.5338377329930308 1.0772838792598727 1.4351751860846815 1.5641479071984208 1.8291380302845381 1.1979430617492635 1.527826834897594 1.0687081934715388 1.4287492645783586 
1.578404076355063 1.8371973519505955 1.2115972642154158 1.5335914098658352 1.0804903114115738 1.4322688277045899 1.572783716006203 1.8323709501883838 1.2042662163052984 1.527806205477082 1.072263261580047 1.426072643273925 
1.5749298807082586 1.8307722772283093 1.2132987328550746 1.5308222682818962 1.0847126352853689 1.4310571278141657 1.5690802155236454 1.825742513244332 1.205695819329125 1.5248034006611244 1.076201697985898 1.4246168245067619 
1.5718439502179025 1.8282227610541937 1.2081918340382125 1.526902933403633 1.07843086558046 1.4264354847088667 1.5656439116850995 1.8228949279639295 1.2001145621133924 1.5205196553799032 1.069373922534405 1.4196005235264673 
1.5700749711613295 1.8263372438482575 1.2072269512677598 1.52570286263979 1.0768536059591618 1.424775772487464 1.5635367939473792 1.8207195333788369 1.198711309209707 1.5189737048504985 1.0672982617934172 1.417567597269086 
1.57091135095371 1.8265266290298672 1.2085571015699714 1.5261216602077339 1.0779536831215013 1.4249284883653668 1.564131310873614 1.8206987152341294 1.199731033546774 1.5191417336296207 1.068048888420006 1.4174503455342657 
1.5738976095066954 1.8290877975239161 1.2094159947722247 1.5267925642505893 1.078179916160049 1.4250896173402183 1.566948155942273 1.8231113540458495 1.2003582326167843 1.519627708503267 1.0680097236499722 1.417410757561438 
1.5735272201295027 1.827497206960514 1.2123687658829223 1.527611257306151 1.0826884207787946 1.4268750279714337 1.5663234522691922 1.8212982419385573 1.203004268125629 1.5201899217165202 1.0721918956644283 1.4189269149919173 
1.5747518962323874 1.829687577480784 1.2142260067580088 1.5304436912175174 1.0850678026222602 1.4301346904356598 1.5674434985630263 1.8234012771980554 1.2047324939535333 1.522922676463746 1.0744336753785688 1.422083267353744 
1.5753348348255682 1.8312072485589663 1.2152919919981782 1.5325060427857697 1.086607330094409 1.4326044936321047 1.5680978840604627 1.8249852381197225 1.2058962467786771 1.5250658685299137 1.0760885753481912 1.4246426805886798 
1.5755843374004104 1.8316974496737963 1.2156673516474357 1.5331329533805897 1.0877423846947816 1.4338176447308388 1.5686054992449474 1.8256978816719622 1.2066086017683988 1.5259599800589432 1.0776087896177768 1.426145240268848 
1.5764906663430012 1.8328574712799137 1.2168392483260064 1.5345166813125886 1.0897057453581678 1.4357932652114649 1.5695054284540084 1.8268527523877234 1.2077757346240239 1.5273394888192344 1.0795754167016773 1.428120012221172 
1.577946636790072 1.834446428631019 1.2178796734312876 1.5357437969652035 1.0912367888579912 1.4373850702985265 1.5711256232323054 1.828582465993016 1.2090289634153104 1.5287344914461436 1.081350019548296 1.4298936938587776 
1.5771840982011582 1.8340570713744433 1.217926790418291 1.5360993874937259 1.0924436708675647 1.4386413157763125 1.5705028345019312 1.8283147471424608 1.2092622297825233 1.5292386346867515 1.0827754372807874 1.4313134908253327 
1.577681278672359 1.8351949811650121 1.2173554735874195 1.5364949563513866 1.0924244601221862 1.4395324250926929 1.5710528485424193 1.8294997826546058 1.2087527393612187 1.5296880684418146 1.0828296435327442 1.4322647935117478 
1.5763193922270227 1.8343841195646482 1.2158435241061945 1.5357271069141711 1.090362785457652 1.4384273619863361 1.5697568103470583 1.8287478545253224 1.2073231102033002 1.5289903087433125 1.0808536539379279 1.4312326481152426 
1.575669452988951 1.83414928468282 1.2141537791739974 1.534776456980788 1.0881935920977022 1.4371968088269957 1.5691760091979803 1.8285739583791791 1.2057149423651097 1.5281092551458813 1.0787698626873574 1.4300747498164215 
1.5729050499646984 1.8320413604186043 1.211728603031409 1.5331769165639204 1.0854623893090216 1.4354699051824285 1.5666659148920201 1.8266875318358229 1.2036187104247134 1.5267754419574773 1.0764015938693374 1.4286306875342032 
1.5710620582273385 1.829957357164784 1.2092601247049868 1.530626664945283 1.082622089004986 1.4326822836349726 1.5649480915996927 1.8247110641527662 1.2013062006838724 1.5243505259754138 1.0737304718603826 1.4259751275676305 
1.5689071906548233 1.8280598536011916 1.2067461953900704 1.5285841277301062 1.0781414134001206 1.429238245621915 1.5631297208128345 1.8231038312582226 1.1992252212526262 1.5226536660542376 1.069716625321122 1.422893781681686 
1.5654826920930363 1.8249785013097717 1.202063652741759 1.5247188253061152 1.0733107617288016 1.425414487874618 1.560177218806524 1.8204294617157952 1.1951459827497477 1.5192710064642385 1.0655575470535883 1.4195856286546649 
1.5621223746389206 1.8224167212543732 1.1980739141420034 1.521958441057948 1.0672684639525052 1.4212805376517121 1.5570753653396292 1.81809243051819 1.1914858302756017 1.5167777939789135 1.059867611613611 1.415731523526809 
1.5574265452207114 1.817887339633048 1.1921189889260722 1.5166689222101573 1.0607751900181868 1.4157616111472016 1.5527337451340846 1.8138685231069314 1.1859815863992664 1.511849615245551 1.0538731628038167 1.410597596452695 
1.55186518403939 1.8125854022013999 1.1863269616061205 1.5114734369725489 1.0538998482937596 1.4099238210178626 1.5475921418234229 1.8089283369646265 1.1807317848832601 1.5070858763433521 1.047597622292839 1.4052192245602142 
1.5483629540897348 1.809817543731271 1.1811592864628757 1.5076965755739749 1.0474224565081132 1.4053844692458681 1.5446059397780039 1.8066043322203926 1.176229965439365 1.50383796853168 1.041860582802464 1.4012441535997537 
1.5441810096593276 1.8052896871672701 1.1764304022731222 1.5028520736893902 1.0422598870687194 1.4003147989621834 1.5407614551359012 1.8023655915580779 1.1719382929286422 1.4993382628454797 1.037186841042876 1.3965430201868112 
1.5393373719808403 1.8010184421423563 1.1717957091476654 1.4990707348677312 1.0376087620952705 1.3966888799360007 1.5363635180310942 1.798477340334562 1.167886338106958 1.4960168391087314 1.0331917817795881 1.3934106150366732 
1.5368261843769058 1.7982762344941556 1.1689241693910173 1.496110426521545 1.0348496637611089 1.3938710561405885 1.5337569581346582 1.7956539480608393 1.1648860027601327 1.492957499055643 1.030286131240482 1.3904863202442805 
1.533104874955285 1.794973928003318 1.1648627728671133 1.4927913867019933 1.0305154058099568 1.3904973377218885 1.53029464463928 1.7925742785200451 1.161161668938335 1.4899051198018147 1.0263299388654994 1.3873982802395495 
1.529589726367986 1.7919002063481355 1.161122260492189 1.4897874084279574 1.0266008945108562 1.387505320750335 1.5269236933817258 1.7896249841546383 1.1576079380388207 1.4870500182275275 1.022624384126689 1.3845657259626536 
1.5276263689340694 1.78975688806125 1.158931550637349 1.4875179778283993 1.0245714592270712 1.3854003285558618 1.5247552093705699 1.7873068689519127 1.15514434790752 1.4845692505917971 1.0202856465238987 1.382233770316255 
1.5242117361907173 1.7863330622539348 1.1552632854641924 1.4840477254123332 1.0220602236372964 1.382885206118541 1.5215925642502068 1.7840987428226946 1.151805440854279 1.4813575416291367 1.0181500948197766 1.379997829035075 
1.5195448088387653 1.7814320839338333 1.1500761931580186 1.4789046939099355 1.0172984193779326 1.3781799293520567 1.5173127191811315 1.7795285137892114 1.1471254124065249 1.4766111727157016 1.0139613088224027 1.3757184956919202 
1.5168657014829692 1.7785933811850927 1.1476122010223748 1.47632199170622 1.0143342898351706 1.3752770305634499 1.514885844747194 1.776905169634953 1.144994030646195 1.47428768884347 1.0113711572985558 1.3730930329280024 
1.5154767422057422 1.7769690122921473 1.1456305323124598 1.4742518207709732 1.0119273476720203 1.372933382013319 1.5137792710321176 1.775521556018549 1.1433841182238496 1.4725068272461523 1.009383416847399 1.3710594431630343 
1.5120429871296153 1.7736529675807073 1.1429552994443177 1.471705701221494 1.0096135687122325 1.370726235470763 1.5107119308153523 1.772518375754635 1.1411938308227265 1.470338129134877 1.0076190257770294 1.3692578119506384 
1.5080330092462464 1.7697203869753804 1.1393888875078122 1.4683166307293156 1.0068458258225488 1.3680223711899926 1.5070728566915037 1.7689022829077614 1.1381177774625482 1.4673304898611934 1.0054071590038982 1.3669638789947194 
1.5063390382204298 1.7682141121161912 1.1381914716192745 1.4673117168096388 1.0066729131484813 1.3678136577351645 1.5053464760203379 1.7673686262596295 1.136877539960593 1.4662927364911995 1.005187081526046 1.366720497061067 
1.505409447994548 1.766105474288342 1.1378656045910034 1.4654723041774793 1.0073264923108347 1.3665934297775801 1.5042085655291455 1.765081966598506 1.1362763469382129 1.4642386679811628 1.0055309366753715 1.3652704511602272 
1.5054968040047143 1.765556438879372 1.1378129990769177 1.4646799421267467 1.0077778201907452 1.3661204364434383 1.504399570549131 1.7646209167604272 1.1363607974003722 1.463552108354332 1.0061379507147168 1.364911164826638 
1.5066615032953352 1.765892168551681 1.1409323965565006 1.4663127220863084 1.0109861826514543 1.3676400575268917 1.5064258791962382 1.7656911380397646 1.140621224382643 1.4660706132216685 1.010635001131546 1.367380477757438 
1.508302889432507 1.7666366716759985 1.1427807174915272 1.466961244106486 1.0147994138106555 1.3696150458104825 1.5088284481777408 1.7670853995974416 1.143474288311919 1.4675016086772954 1.0155803907276124 1.370193801427539 
1.5123101838145374 1.7689192378707288 1.1485296182812004 1.470072604366587 1.0197190574217783 1.371794494124087 1.5129637656167316 1.769478040018909 1.149390076548932 1.4707449561732855 1.0206881110648638 1.3725149901218419 
1.516874455390544 1.77123090604708 1.1542945657917478 1.4726665453307344 1.026626171406301 1.374886215268871 1.516930132015433 1.771278587500103 1.1543677302386617 1.4727238932455602 1.026708433693013 1.3749476415254365 
1.5228155357451079 1.7743766059962185 1.1620776403952793 1.476438155259698 1.0353546487588976 1.3789142223889999 1.5222757807594063 1.7739133960502862 1.1613702420359582 1.475881439373319 1.0345606050331997 1.3783181162150702 
1.5293406227060373 1.777057710919623 1.1690263508830285 1.4784025083646501 1.0433962611869423 1.3812049542116802 1.527827951851546 1.7757560694360277 1.1670467511024953 1.4768376643825447 1.0411778272989152 1.3795298604013218 
1.538811219675578 1.7814145500133989 1.179103103973287 1.4818171138839775 1.0541301104699743 1.3844450581368117 1.536403121579568 1.7793348142492578 1.1759586353267024 1.4793162411058158 1.0506116656497966 1.3817679621410537 
1.543520372953671 1.779600335323367 1.1876808888430594 1.4815897223870853 1.0657677822692144 1.385778906421598 1.5394099277720148 1.7760363559012637 1.1823339958417165 1.4773069719875556 1.0598059962667883 1.38119910276652 
1.553887315637865 1.7817753318587195 1.2003330728178119 1.4835622768256984 1.0809416550860875 1.3887377020950535 1.5471550302733887 1.7759071572636476 1.1916049612603374 1.4765093725473775 1.071241223861484 1.38120067449312 
1.5593554130391216 1.781290243636452 1.206727316080319 1.4824292371895564 1.0899039620876738 1.388991099494309 1.5500036744002932 1.7731094209197609 1.1946183080190969 1.4725890566462898 1.0764816454795734 1.3784840807765644 
1.560759468393016 1.777461402781633 1.2078125948086689 1.4772305792862706 1.0929182998643814 1.38487159346217 1.54812337899098 1.7663762104315293 1.1914391056946427 1.4638736498682017 1.0747959288062314 1.3706149017059643 
1.5607330457714572 1.7719817326211493 1.2064462675822119 1.4695387770123831 1.0925649971342895 1.3775811749378148 1.545842964367031 1.758880920091821 1.1871206454623935 1.4537149127194955 1.0711867732954183 1.3606883272311299 
1.5562565341011905 1.762292234702477 1.2014437028561304 1.4584945977591588 1.089900189160755 1.3680723456355113 1.5399003321295341 1.7478651416664417 1.1801803269384936 1.441029189382592 1.066415048324361 1.3494371329753194 
1.5550190705596025 1.755059890933654 1.1987552560068506 1.4488495694046537 1.0877325120653745 1.3584229565065697 1.5379626228371253 1.7399654997166034 1.1765453171229956 1.4305278026672708 1.0632058771677526 1.3388643128428102 
1.5549719513508822 1.7471839409255026 1.1974915418022667 1.4382975862553513 1.0876821851478353 1.348245708254979 1.5370699564587067 1.731270633086569 1.1741517253949636 1.418924320810652 1.0619316444329032 1.327558952132812 
1.5538516263958697 1.7376656159782553 1.1956683453420893 1.4264114792559297 1.0866084056609768 1.3363176057184496 1.5354913773945753 1.7212671745412127 1.1717088739328938 1.4063884958833706 1.0601871157739515 1.3149234337226976 
1.5597892220056015 1.7326489698853718 1.2000773526255881 1.4175033291124362 1.091170567548832 1.326568220350857 1.540776447342326 1.715553000185316 1.1752596716831731 1.396554807963096 1.0638152335273452 1.30415983945406 
1.5680603347053488 1.7352113940025433 1.2119927158511516 1.4216440172828957 1.1048988520567167 1.3315204999834775 1.5488442652430392 1.7178660968120447 1.1870264057619992 1.400420314254349 1.0774538588618308 1.3088361954714767 
1.5768421060454625 1.7382127311977351 1.2240672805846458 1.4259358957884078 1.1189335938284675 1.3367740493059737 1.5573846632216106 1.7205811404109628 1.1988981062783817 1.404389241178488 1.0913424527790943 1.3137658926680542 
1.5865993201943742 1.7419136830799768 1.2362333423918197 1.4301184403052951 1.1318172780273545 1.3408863588318176 1.5667610405550843 1.7238636937592398 1.2106674325351492 1.408077238173123 1.103835633688843 1.3173530212745745 
1.5991663154272604 1.7500804492814608 1.2489952256102503 1.4371630903127175 1.1433867774280058 1.3463959288995193 1.5791747109161798 1.7318318169375455 1.2232942968873843 1.414884310237837 1.11525476282202 1.3225890747156501 
1.6093581303153752 1.7543147940812105 1.2624341731798139 1.4426804381886515 1.157241760226531 1.3515899144090264 1.5892251813799707 1.7358639008436691 1.2366661340605232 1.4201865836051966 1.1290755409325808 1.327553532725592 
1.6144957413028194 1.7506275663215578 1.2704481230986726 1.439492553216216 1.1663284478588953 1.348488941580516 1.5945638100699953 1.732262717276147 1.2450203529199593 1.4171012865934953 1.138577750522528 1.3245601803107854 
1.6196271335440082 1.754509702495823 1.27580661140785 1.4431890916134242 1.1709033468702617 1.351342625743738 1.5993931247044864 1.7358486719158386 1.250019529988224 1.4204439692546766 1.1427514880112737 1.3270241926174446 
1.626072256519513 1.7601381353014482 1.2848980642146133 1.4508405520050986 1.1799521547174956 1.3587723721589497 1.6059402561809264 1.7415565963650046 1.2593236908843017 1.4282406766166758 1.152050437447276 1.3346143571618205 
1.6371949642614345 1.7684796049723048 1.2987180901962518 1.4607468774578982 1.194130782034782 1.3685982196404467 1.6165460101101359 1.7493809662286255 1.2725888297494206 1.4375656826047984 1.1656594598779697 1.3438283888216531 
1.6524089416597634 1.7856621866347342 1.3175807218068802 1.4812673940842482 1.2137333671268742 1.3897060195513078 1.6291919209771266 1.7641996626451157 1.2883438839755244 1.4553226781979107 1.1819304934627668 1.3620182912417658 
1.662913402278411 1.8012587823733601 1.3304199964962793 1.4997565084630105 1.226731034366197 1.408588388521345 1.6373066832933774 1.7776460257197324 1.2982717584377932 1.4713129430400453 1.1917890846778048 1.3782646480110994 
1.6721552311306176 1.8155571253467873 1.3415573445058135 1.5165489332683895 1.238371664807254 1.4260816731861783 1.6442494762649278 1.7898885156895916 1.3066098621231548 1.4857233558766887 1.2004239265349095 1.3932559570292495 
1.6791315888874851 1.8263178356463068 1.3506360418705738 1.5297619623980099 1.2480458574907456 1.4399904188569486 1.6498474065560762 1.7994305790776732 1.3140514790980644 1.4975597596489465 1.2083592323973076 1.405733252975048 
1.6844204159448348 1.8364034189120237 1.3561716077443038 1.5408785834684604 1.2529152571709588 1.450828046665686 1.6538526226637518 1.8084064468010972 1.3180128184095061 1.5074027891813686 1.211508564349328 1.4152237917841013 
1.6864614074292479 1.8440764313737756 1.3594753990963722 1.5506899002535097 1.2567468491101301 1.4614644876794785 1.6545661521825712 1.8149531558550596 1.319700888060715 1.515940711224631 1.21361019934254 1.4245404599197034 
1.6886334826334133 1.8501649796303705 1.3611747348047019 1.5570562198747513 1.258084336867227 1.4677886809246927 1.65526414787207 1.8197600974883061 1.3195503094731365 1.5208025619424272 1.2129272687307553 1.429272532588047 
1.6919578421813972 1.8567142173417885 1.3635689779835598 1.5633255268430597 1.2593786784439103 1.4733299022551365 1.6578107801432376 1.8256513708589408 1.320960105665243 1.5263033597287041 1.2131157812670355 1.4339861379801166 
