2.0229428262420073 2.2723685633813897 1.6892910382299433 1.9811777864300821 1.5295218943983768 1.8468347070173876 2.014730867546333 2.265061076051593 1.6794484220255173 1.9727919839263337 1.5186441373290847 1.8378360170167523 
2.020087022056251 2.2716738364651055 1.686568574200317 1.9809755167795713 1.5272858325408805 1.8472553848561628 2.011949367016996 2.264440482335557 1.676813118460161 1.972676526154273 1.5165060807791344 1.8383528321951939 
2.017920827043591 2.2704698703608224 1.6849976143058156 1.9804660886307266 1.5271545358005818 1.8480340755019344 2.009798464601934 2.2632540370705825 1.6752618793240328 1.9721894767786106 1.5164057439604646 1.8391615884191062 
2.0196997537238057 2.27114953096268 1.687574591178713 1.9816258722554063 1.5304902568758811 1.849684709130721 2.012931012626116 2.2651323048316625 1.6794678226128659 1.9747266301926452 1.5215467764061676 1.8422914236330796 
2.0216563628225743 2.271511940611583 1.6903584580026214 1.9824186650505993 1.5340470995836473 1.850938289284924 2.0196830746780545 2.2697558831603457 1.6879979233817204 1.9804062806255187 1.5314456492285322 1.84878279512251 
2.025079966381071 2.2716556165576596 1.6945636882212365 1.9826791125741854 1.538333447805761 1.850929541240822 2.0267907510934524 2.273180837223022 1.6966077837608668 1.9844264516272605 1.5405848483994513 1.8528011348004836 
2.026863158812267 2.2722675326093182 1.6962481584221216 1.9829985602996387 1.5401665122156238 1.8512531865064918 2.03287136769409 2.277628475583856 1.703422891706707 1.989139266916834 1.5480647978655284 1.8578294037910046 
2.029012586117898 2.27606279672263 1.698651435293551 1.987205696103159 1.5421633514724828 1.8552190120373497 2.0383510232010678 2.2843915325059405 1.709795168371007 1.9967396670033979 1.5544293556752073 1.8654276726222436 
2.0305216073051278 2.2779622884791135 1.7010766795570975 1.989913580971043 1.544586178150316 1.8579129828205088 2.0429157860599636 2.289017059554821 1.7158522025317333 2.002559105478038 1.5608438015807347 1.8714506573599528 
2.042648697362138 2.2883532972063643 1.7100617972562395 1.9971125312398497 1.5507659140035417 1.8625310821662118 2.057834498203206 2.301918750519931 1.7281725815424915 2.0126419412292984 1.5707145002180505 1.87917299714402 
2.04248138762046 2.2890529736937064 1.7143554745664622 2.0017612222180747 1.556272999051259 1.868159239780164 2.0589353472064147 2.303746527197817 1.7339259610421662 2.018547134940376 1.5778054990321206 1.8861345366585067 
2.045254502722155 2.292033640962813 1.7177738322914486 2.005267854752888 1.5592452972208222 1.8712557621301396 2.064048027979303 2.30881928530694 1.7401078184426533 2.024432624269143 1.5838163333560018 1.891778636153091 
2.047890799274876 2.2941101648252835 1.720699901131714 2.0074593077705685 1.5622348010957539 1.8734092709161791 2.0679458729847573 2.3120304617791456 1.744520437711949 2.027914268452858 1.588433499267341 1.8953115058466483 
2.048285894770122 2.2947338424998747 1.7219374286873028 2.0088297114275866 1.563984600280399 1.8752002909327419 2.069046664527951 2.3132838998260112 1.7465816618739132 2.0299940400883547 1.5910772524281276 1.897855401339691 
2.0520686121477247 2.298635703055595 1.7256534475270202 2.012615295420834 1.5681280473742856 1.8792993586339273 2.0720517192053607 2.316492787267401 1.7493691888969265 2.0329862433036507 1.5941889195016663 1.901099370748907 
2.0525245578479687 2.297675246541382 1.7262672733296545 2.011579771465452 1.5688823593147447 1.8782561953495591 2.072432427696739 2.3154763322843532 1.7498907982411358 2.031888846312465 1.5948388521004244 1.8999909058121833 
2.053789908258537 2.2990598485608436 1.7278072031521947 2.0131917273982154 1.5706158012908853 1.8800152114450057 2.074203374542769 2.3173137118147404 1.7520229401935952 2.0340126801386 1.597216531020328 1.9022943639102257 
2.05443965730385 2.301255924208075 1.7285501026880188 2.0156740760109906 1.5714006903087323 1.8826461836210118 2.075422370945914 2.3200074441739966 1.753436959181242 2.0370561339891347 1.598735701053417 1.9055215467222513 
2.0556292145635724 2.3031988960937024 1.7299191321467169 2.0178537833468635 1.572401647088698 1.8845584700314422 2.0772478447858 2.3225142186577137 1.7555532873334407 2.0398727979624733 1.600560552015215 1.9081162878260984 
2.05512126135495 2.3020158504391666 1.7300209183917865 2.0171083151068414 1.5723792917973578 1.883648113123351 2.077459384438878 2.3219799893179873 1.7564983555907931 2.039862752734399 1.601465183009971 1.907994839928337 
2.0536779389934927 2.2989537472747377 1.7281461610374744 2.013475703580393 1.5701402837672054 1.879610535645233 2.077105316759013 2.319905548057627 1.755922143407435 2.0373654136429624 1.6006604669662334 1.905179567785819 
2.0533055152161257 2.2984677415219386 1.7277433512003337 2.0129549194199456 1.5692854158555607 1.8787089014578497 2.0766087817056347 2.3193090463017128 1.755373914884507 2.036719912274872 1.5996553409584702 1.904150106965562 
2.0538922272153446 2.298288916784748 1.7285404987490487 2.012836535791123 1.569818317709285 1.8782939638447467 2.0770275396911835 2.3189872929008493 1.7559676464660758 2.0364383220307976 1.5999686466414302 1.903564638838306 
2.0536196615589852 2.2973473602269294 1.729210595601831 2.0126153291530002 1.5707424911619474 1.878212754919325 2.07659365584643 2.317906898626785 1.7564329708536104 2.0360520524538757 1.6006621975612594 1.9033051909511622 
2.055998250583762 2.2995480877345202 1.730909348984946 2.014159818833523 1.571826180722121 1.8792099786355674 2.079367963041532 2.320466273644909 1.7586044164972092 2.0380093461815845 1.602273341762725 1.904749973913503 
2.0597183023286076 2.303701224757117 1.7343643137897644 2.018073195141207 1.5745703099409187 1.8825173329739728 2.0841642626500057 2.325583909840159 1.7633266179886926 2.043017525550733 1.606416150848665 1.9092335367124265 
2.057651461170781 2.30168493197011 1.7338757142477803 2.017461023875864 1.574840350403256 1.882537149609072 2.083358296203092 2.324694771525554 1.7643064493330658 2.0436734664711604 1.6082830546760885 1.910601573944251 
2.061369341547072 2.3029460385927867 1.7355764155663704 2.0165669809530775 1.5750807681735595 1.8802117754844025 2.0888971953569686 2.327618608614867 1.7681836513128975 2.0446980997619697 1.6109398985592884 1.910351865801222 
2.0686936245765732 2.305561872811866 1.7400205384890606 2.0158853418197573 1.577551151742396 1.877442375510833 2.0972635088714435 2.331230675553957 1.7738918759732116 2.0451930531477363 1.6148339077576244 1.9088768390453479 
2.0647090194688356 2.2996891253984657 1.737971581780312 2.01148998443342 1.5759882940796104 1.8733087950137746 2.0932421104105376 2.325340678523463 1.7717743696069093 2.040767295699331 1.613188860857885 1.9047112744969932 
2.0609227997405943 2.291078940475559 1.7359347732246766 2.003773805071473 1.5746483440091026 1.8657859824456313 2.089122062051571 2.316478127492381 1.7693212655000248 2.0327660134778447 1.6113800330619121 1.896888382575688 
2.060173589608662 2.2846276907017127 1.7358059434513524 1.9970555172856461 1.5748940686030408 1.8588974670812373 2.090818999464334 2.3123002733903397 1.7720697341021994 2.028654630123383 1.614775587046398 1.8928044437609077 
2.067403809366039 2.2817731734292104 1.7391813284937283 1.9892415633555443 1.575577099281787 1.8479105767815742 2.099320389131018 2.310730706988854 1.7770028921251675 2.0223920447384107 1.6172293532524102 1.8835501280882359 
2.0582815025173815 2.2651956386160577 1.7336154312895378 1.974844551149586 1.5725406778856978 1.835067497724596 2.092680276383664 2.296497175431577 1.7743197172903225 2.0106712801363655 1.6173039847737993 1.8735689783846257 
2.0563955806131005 2.253658360968913 1.7307490073274894 1.9610470036093193 1.569140716687031 1.8200043441610487 2.0932254400386716 2.287314138203384 1.7743511730277886 1.9996337937795232 1.6171062264505351 1.8615170618678438 
2.054905759970576 2.242761011913719 1.7290652453739999 1.9485907464011651 1.5678320200711076 1.8070518856303628 2.0942527944974194 2.2788668327614605 1.7756474052187978 1.9900409497948153 1.6190597049090716 1.8516731899177699 
2.052000152021008 2.235534384950104 1.7263930062109958 1.9409642382831889 1.5657466844589643 1.799575517252399 2.0945995525384418 2.2746992433933415 1.7768161057054384 1.985946836119799 1.6211740626762567 1.8480028960730122 
2.0511811499832993 2.2297242069024614 1.725355979166853 1.934212807228514 1.5654422760507043 1.7930241070456385 2.09592020623086 2.27094857706792 1.7783111807799021 1.9815944551009446 1.6236215447224176 1.8440371062662513 
2.050178618322728 2.2237079811044635 1.7238178861549411 1.9269646916401166 1.564733179244209 1.7860668353753422 2.0969020568084935 2.2668575283964563 1.779132927424955 1.9766028411513756 1.6254709443874074 1.839510970135185 
2.03711160779595 2.21143091536159 1.7078093402417611 1.912384828798064 1.547972797763901 1.7711077814229714 2.0849324473509925 2.2555589774636795 1.764577102315736 1.9632461233419003 1.6103848577333928 1.825908645255014 
2.0359866218513347 2.2051408061068596 1.7052081016572755 1.9039798109112422 1.5455706181076327 1.7624394985240233 2.086843125751816 2.2521808723762864 1.7656181288992276 1.9582675576890942 1.6119743306571632 1.820951864574572 
2.0379522026898105 2.200111207291179 1.7071112693811878 1.8977536800249526 1.5485772410985028 1.756511205671131 2.089936809391195 2.2483496194427257 1.768845830717943 1.9534727325581613 1.6163780988519518 1.8165677258082755 
2.0391252990895605 2.196552254189982 1.7089967395484083 1.8940643272568887 1.552120886460552 1.7538212754403142 2.091998878213631 2.2457224063643952 1.7717497500626576 1.9508733933413236 1.620958533475514 1.8150251753755622 
2.0431539498973152 2.194418111978891 1.7136974178019293 1.8914945484935979 1.5581096035199193 1.7517700544823227 2.0960864479741765 2.2437850130039196 1.776473803404092 1.9485512467936275 1.6269006948738451 1.8132287936664253 
2.0502413441226865 2.19615987568073 1.722149926675956 1.8935229072683541 1.5678732253438095 1.754381680578659 2.103222006624598 2.2457006567105067 1.7848959661420045 1.9507645271405774 1.6365450469663216 1.8160144055458372 
2.052910077686553 2.196126690304321 1.7252935874995332 1.8934546775317886 1.5717513222730273 1.7546893946983921 2.1056110103832117 2.2454688552387028 1.7876789149752284 1.9504688041204377 1.6399878533230086 1.816065200329275 
2.051390084555261 2.193944833584391 1.7243490403661434 1.891711464999787 1.571201205133079 1.75324438707547 2.1037798186339844 2.2430073961295003 1.7863560281454647 1.9483994747206335 1.6390123469003033 1.8142640731414048 
2.0459918162155586 2.190336923220042 1.7171590202485734 1.886830258931905 1.562931146794714 1.747640436365856 2.098664000125089 2.239616911576853 1.77959073222498 1.9438200789736275 1.6312761394138762 1.809020499668547 
2.038437364855001 2.1859983605750943 1.7081423971194556 1.8817843635329208 1.5530100087369045 1.7421831216140857 2.091283688033979 2.23535889866415 1.7708729548550344 1.9389050941799602 1.6217523425717628 1.8037301911973975 
2.033356461599985 2.1813344117604734 1.7021592032270103 1.8764400521014282 1.5460493803014217 1.7360731558118196 2.086493478190241 2.230949652172906 1.765293881406269 1.933893431327179 1.6152972546656574 1.7980173906084476 
2.0280735158494525 2.176414318527141 1.695782427580248 1.8706616855781164 1.538486209782187 1.729345806335436 2.081925352919734 2.2266814490020703 1.759832103108123 1.9289131995323063 1.6088103701586336 1.7921963919531698 
2.0234211225999914 2.1714522634365716 1.6898984886033273 1.8645988294493294 1.5316483552642917 1.7224745505184713 2.074992719520676 2.21958705147237 1.751319116684281 1.9204401947115692 1.59915866344269 1.7827732115622026 
2.021433335984395 2.174163030646276 1.687107545424713 1.8673842726736776 1.5276416490227673 1.724668420256195 2.0738281624640456 2.2229609531948595 1.7495434791479176 1.9239788297767209 1.596326884892001 1.7857916103031168 
2.0179469789491895 2.1718204967837837 1.6832605542369727 1.8649558584186814 1.522809461833673 1.7215234292481065 2.071355458305059 2.2215327355342214 1.7469314577996928 1.922618989464673 1.5929068026253639 1.7838291236130663 
2.012365232621514 2.1665592170683543 1.6768619854549272 1.8590941691759026 1.5151102689454126 1.7146206981906638 2.066878888591163 2.217285130898559 1.7419071814835143 1.9179691448258076 1.586799810216727 1.7782853115582549 
2.0077141874547904 2.1600584243735743 1.6709042637168803 1.8511772461618172 1.5076225849022196 1.7052454359145048 2.0634032804101214 2.211915286761057 1.7374227745736643 1.9114324565119347 1.5810258371093275 1.7704741838861275 
2.0010827260887263 2.1515037504152046 1.6627209653609019 1.840999000556679 1.4978353249441976 1.6935604423966364 2.0581353781009377 2.2046672188769647 1.7309622083080525 1.9028574507804548 1.573244996366011 1.7606067505240035 
1.9955604143961265 2.146271860577043 1.6560266938382486 1.8348422119367216 1.4898692338271973 1.6863961177329723 2.0537227291299187 2.2004541758793437 1.7256709104996932 1.8979361483845658 1.5669160840787997 1.7548354756343514 
1.9900503251469017 2.1396788888095544 1.649469532248865 1.8272041999780126 1.4821894814824754 1.6777398813932063 2.049170442612642 2.1947721871477435 1.7203339629494294 1.8914212631450693 1.5606680829943598 1.7474582443873414 
1.9824611352679173 2.1295165507804255 1.6404992267135512 1.815468617202666 1.4719289360725807 1.6647112001929223 2.043057667156696 2.1860405345115996 1.7132338402354068 1.8814512426655547 1.5525808421231273 1.7364319331686342 
1.9780656352358004 2.1233898412917043 1.6352201005677525 1.808310133273828 1.4655933601448972 1.6565037452721951 2.0395803434728457 2.1808091934602647 1.7091193924008967 1.8754012526072412 1.547613717140298 1.7294938503159847 
1.9666984695542424 2.114715737007459 1.621816646895388 1.7984462778595862 1.4500451310724782 1.645220550670031 2.033244072300962 2.176740966616607 1.7019012378945495 1.8709857299688313 1.539093716947412 1.7242184454839242 
1.9557075171716347 2.1074437738458505 1.6067919313718375 1.7883813010433876 1.4313364414845446 1.6325597618224086 2.023802055993036 2.170783759162031 1.689012486585472 1.8626031641339065 1.523058396070761 1.7135443516412523 
1.946649039756001 2.101535771188052 1.5946012760508377 1.7803829203806016 1.4158354619033102 1.6222207521736862 2.0161610373338137 2.1660829721095545 1.6787543221278567 1.856132050168565 1.5099844037813634 1.7050111475480036 
1.9410307247354022 2.0973101652752364 1.5869577386833082 1.7746956131592933 1.4058334803122452 1.614768537396874 2.0113428701658105 2.162547062231673 1.6722244859368731 1.851335838352091 1.5014218732144673 1.69863983715408 
1.9348360307437011 2.093542919040362 1.57748836517549 1.7685590265139697 1.392999260108935 1.6061688661731803 2.0061569556004435 2.159628953895562 1.6641949425785552 1.8463142459787392 1.4904771730234718 1.691405832821928 
1.9271877661690908 2.0903737728147593 1.5670659724695095 1.7638893349844287 1.3794965886408743 1.5995688988198695 1.9983672821310428 2.1561729101099036 1.653818270032052 1.8413920533910777 1.4773049604911674 1.684648263078026 
1.9184419550251424 2.0859668512228784 1.5553339101301333 1.7578116342773165 1.3645346200081148 1.5914750701159883 1.9890746750387955 2.1511058161979597 1.6416644298030856 1.8346390025508261 1.462174154224007 1.67594493551569 
1.903998048445221 2.077239021846838 1.5356101264589297 1.745798340554604 1.3403955955176852 1.576823940039981 1.9735121900923769 2.141136088585499 1.620999770648722 1.821360382198759 1.4374290064010848 1.6600950375936945 
1.8906393410357936 2.068374305475743 1.5182936241294895 1.7346096617833824 1.319151644153264 1.5632709969651009 1.9568205226520545 2.129037742162468 1.5999515521015815 1.8065160167439036 1.412370525135759 1.6426946307674657 
1.8989782840390304 2.0737487722170735 1.5280093027373296 1.7404389895287393 1.3295688982718497 1.5690981174776226 1.9619991228825309 2.1316087833399027 1.6056570194757722 1.8089914071691493 1.4181239332977285 1.644807264457395 
1.9116003699399255 2.086595101823653 1.5432751181673536 1.7553806524382283 1.3471645060475945 1.5857223435880758 1.9703400805075402 2.1405380579318045 1.6154634470808864 1.819171595384685 1.4292922251430809 1.6560614147592654 
1.899675177764517 2.0903057287905638 1.5275528631817132 1.7589855055157928 1.3296710114214907 1.5901689398974719 1.9545516576326782 2.1403000820339773 1.5952818406647304 1.8181134205419225 1.4069582083184453 1.6553379288697065 
1.8838121322046686 2.0898590334856317 1.508051331832408 1.758687422437967 1.3086280943956154 1.5909965807133275 1.9341571135307234 2.1353515800030447 1.5704885895228593 1.8125112524399676 1.3801170529420683 1.6502986730351266 
1.870237270682787 2.0898329155248274 1.4915241770253005 1.759050464543584 1.291196256442451 1.5927341080076736 1.9168242098040706 2.1316259562716438 1.5495392777503252 1.8085038400431999 1.3577979876590627 1.647188374610202 
1.8571681562367794 2.08884980606551 1.4762964113415435 1.7588834656963261 1.2755200930365307 1.5941052222171281 1.903146779746617 2.1298327673833732 1.533735700458172 1.8073641444434818 1.3415832484269918 1.6474421277301121 
1.8486457006751968 2.0902871389799276 1.4653430775845258 1.760408967196228 1.264282588436972 1.5969407816775456 1.8979962702083715 2.1340569904491518 1.5271310520465786 1.812164078356287 1.3354060725205983 1.653819450630839 
1.8418205196990967 2.091547298065394 1.456168117624009 1.7614462410316842 1.2547190389822933 1.5989331255698749 1.8938236058790296 2.137483362144522 1.5214107302712998 1.815752704374869 1.3298815323872462 1.6585693122220277 
1.8343149162714045 2.090576172096049 1.4472217204201194 1.7607521765812957 1.2455553797626866 1.599126550131593 1.8882327605821718 2.1380412712143255 1.514979357659955 1.8168544172320935 1.3236766788516636 1.6606978862561876 
1.8272198733771834 2.0879233133390054 1.4370617718332535 1.7566552970872031 1.2335622750654018 1.5944802235162812 1.8815908931286125 2.135667480162708 1.5055890407094927 1.8131435840066639 1.3127557693282212 1.6565080762328115 
1.8201507626843993 2.085345864277818 1.4287940219991824 1.7541866867755553 1.2253660659984835 1.5928717997568418 1.875494022869868 2.1338220180185132 1.4986598640854436 1.8115462905983388 1.3061588826098456 1.6558289770929244 
1.8139721260406318 2.081319324470027 1.420976363087145 1.7494482218152014 1.2163136334237028 1.5877071868617243 1.8698408353419738 2.1301877865278382 1.4916379252058356 1.8073126337942669 1.2981635992094256 1.6512492200368696 
1.8100846645348414 2.0792640171426546 1.4158292574968954 1.746855702851329 1.2106844345180168 1.5851464160083795 1.8689851749931592 2.130736479376136 1.4903930951075322 1.8078174515542795 1.2970951744356347 1.6520860303701532 
1.8070115527655435 2.076577765807999 1.411977600186398 1.7437216546938161 1.2062707221134648 1.581762788994652 1.8688248070453637 2.130584573549743 1.4902671408268182 1.8077003669436316 1.2970368007994761 1.6520257044756115 
1.805472478658916 2.0754781095050774 1.4088254991995177 1.7414556552019258 1.201798528537446 1.578669761234049 1.8703373817241558 2.1321445620113963 1.4910467254498667 1.8086179390116557 1.2972088318673947 1.6524615775608125 
1.8045432076678602 2.0749516820688165 1.406098790533656 1.7395867622283776 1.1974049227977184 1.5756988429646732 1.8715672973046442 2.1334977016439955 1.4911410961878189 1.8090190887108435 1.296212370385428 1.652033535894538 
1.8024831125666754 2.0727953071463783 1.403053196100579 1.7366903251092434 1.1927460631199125 1.571680051832449 1.8693946748314145 2.131237073750372 1.4880353995413047 1.8060410749836366 1.2916401396240558 1.647989461291561 
1.8014605771605274 2.071917008502884 1.401195784700889 1.7352030158236642 1.1899206036805734 1.569551184932667 1.8656482621768609 2.1279622452533173 1.4828124811194232 1.8017526837009399 1.2850269530883545 1.642825051313602 
1.8006931640304351 2.0704982430772407 1.399814751095994 1.7331902495069431 1.1872173869119083 1.5665095682395112 1.8598432252923738 2.1221413539785563 1.4751278890543489 1.7945666308794277 1.275149432602289 1.6341582478652243 
1.7998314757239915 2.0683150559928727 1.3980493638662406 1.7300508240068555 1.1843601760473037 1.5624477131881247 1.8516374763022054 2.113550371646439 1.464141395646882 1.7838844851297968 1.2616960922689744 1.621854142358924 
1.8056861037719623 2.083714859436187 1.4041039100277337 1.7472472922386142 1.1891506863956183 1.579697649879612 1.845847214965304 2.1186121049109414 1.4553890977313146 1.788720977647204 1.2492913953898706 1.6254520296444215 
1.8076149175932743 2.084578665084563 1.4063138259669283 1.748060381601774 1.190831954519923 1.5798978652196918 1.8413772396784263 2.113922103443204 1.4494540439785388 1.7829507974775243 1.241482658922685 1.6184176571657083 
1.8079393105178172 2.0787586685797947 1.4066728168681015 1.7410690581925923 1.190578933509089 1.571646031584606 1.840739799622869 2.107348111156683 1.4485878893307234 1.7751056094766984 1.2398212194972467 1.6092699301222404 
1.8079915835254818 2.069227615043589 1.4069658809292356 1.7298619444507646 1.1899764426655595 1.558497125714058 1.8398632385204556 2.0971328267944735 1.4476933931116007 1.7631464820652254 1.2378639280870007 1.5953609187951736 
1.8088337788179099 2.0592669889338486 1.4071235771575572 1.7171772342168643 1.189677218153176 1.5440313389671467 1.8390885345607153 2.0858925020893766 1.445809033016698 1.749018196667113 1.2351918401417163 1.5793668903306413 
1.8129285126503139 2.056157191923925 1.4109503123712328 1.7122655722464548 1.1925056712571558 1.537251567538794 1.8416862016262379 2.081557270694342 1.4477151160571888 1.7426851876287006 1.2357864092392663 1.5710635426934456 
1.8141088016099172 2.049337261213627 1.4135895885576444 1.7050008771254546 1.1963493744214397 1.5297203312365857 1.8431748080088797 2.0751110425706307 1.4507026413702326 1.7358947605769681 1.23998163473439 1.564080215525588 
1.817694504957486 2.043646783901915 1.4165888384964214 1.696821381687725 1.1986044223815628 1.5195826484112798 1.8463272037406153 2.0691551433550455 1.4531465057841346 1.7274587205697969 1.2415971131057932 1.5537188469194287 
1.8193488213474427 2.035375567186147 1.4200609031088525 1.6879859401956905 1.2030969550864674 1.5100218041797706 1.8463592894012608 2.0595548527092764 1.4545052287146751 1.717064071640406 1.24356534816564 1.5424585378279474 
1.8225449458763476 2.0281863834419704 1.4234551511513875 1.678718110219646 1.206277553028083 1.498991481356522 1.8474089056728669 2.050558360788451 1.455154339704012 1.705679946121024 1.2435252791798883 1.5291255822199235 
1.8220782421765895 2.016063397453892 1.4269113681701924 1.6675186819203345 1.212149274888753 1.487900657488036 1.8450530636416207 2.0368513224075366 1.4561345197657152 1.6925927571608386 1.2464178880509258 1.51594856561604 
1.8280383278350731 2.007888146385164 1.4345799273773665 1.6576821916139564 1.2200682472853925 1.4759597583925008 1.8462099487041148 2.0244460612854196 1.4576647813177246 1.6777000015062435 1.2471301354285564 1.4984072393892287 
1.8371846262568006 2.0133294370654644 1.4473462570353854 1.665250509369188 1.2346377219874418 1.4841086131932326 1.8538062047728558 2.028508199651739 1.4683873064196449 1.6835704181454187 1.2592380229544928 1.504635660103249 
1.8493864852717967 2.0205231857432295 1.4630204344116213 1.674130330567477 1.2520884677633484 1.4933215003226765 1.8646888281496108 2.0345387678896585 1.4823167156265795 1.6910193427770037 1.2745821217269484 1.5122311851188528 
1.861463655820529 2.0287973222825215 1.4785113429191978 1.6843299629528443 1.2693272865343792 1.5040489996342306 1.874593005567003 2.040850452502762 1.4950076206229617 1.6988288373702425 1.2885044644551022 1.5202681960367157 
1.875865529464572 2.040588076343043 1.4951057991437928 1.6971946156270352 1.2868793015016597 1.5169662320939779 1.887958757884663 2.0517106238827636 1.5102510180342206 1.7105514754468514 1.3044443734684128 1.5318953411226892 
1.8840287639482312 2.0522042688641644 1.5035710011117864 1.7095916860889036 1.2952062103712674 1.5295545446777306 1.8949337307737968 2.0622201196245515 1.5172129764882385 1.7216019266323734 1.3110181493878337 1.5429668064428024 
1.8856604712734741 2.058521956079969 1.5058121139515714 1.7173431087768396 1.2974867830245131 1.5379431663307004 1.8955438456926552 2.0675791887333603 1.5181703397653703 1.7281893447430174 1.311809060093465 1.5500452383344494 
1.888836054323842 2.0660566044069704 1.510640862188515 1.7271143757764453 1.3035312305095188 1.549219778279912 1.8976898121646908 2.074154014458343 1.521696683834745 1.7367927481693548 1.316327714512484 1.5600022129771673 
1.887399753155187 2.071264222336267 1.5131939789102586 1.7371279942279036 1.3088018518516316 1.5623123688719422 1.8943337168804921 2.0775846267794384 1.5218339004340322 1.744659299413573 1.3187815172007302 1.5706821259027108 
1.892337903585467 2.079297309512577 1.519202612605126 1.7465712519523044 1.3161134962252459 1.5731145206075239 1.8980364765478668 2.0844848347508407 1.52629495940537 1.75274380988958 1.3242939476967492 1.5799648793268286 
1.899350464073716 2.0920542929324375 1.5269287241312346 1.7608720304942778 1.3249421088398692 1.5889086100141316 1.903319675823544 2.095658552240092 1.5318632222156912 1.7651526593405569 1.3306258658154213 1.5936512083818843 
1.906958993927043 2.103690839671847 1.5362205329051035 1.7745410871882454 1.335985077356495 1.6043312224472974 1.9096448017888668 2.1061257829007363 1.539553243703913 1.777426998388187 1.3398159543009032 1.6075227325917478 
1.9188888013082182 2.121134400820959 1.5453728766178374 1.7903223850318384 1.344261292973241 1.6199121390822682 1.9258366630600037 2.127421859280874 1.5539916179909368 1.7977671883050068 1.3541606421640269 1.6281363454410351 
1.922415037383356 2.121003337116104 1.5492388600721485 1.7897252933502532 1.349713078827367 1.620092890934853 1.9292475372013955 2.1271980725587474 1.557709064426875 1.7970623554839853 1.3594270407041527 1.628194539696547 
1.9212204046978993 2.1061922807349664 1.5490405232360969 1.7732694726486329 1.350958223568575 1.6031363640774794 1.9196345600940716 2.10474580990379 1.547073218534779 1.7715511913313597 1.3487020140518662 1.6012355238088993 
1.9193402975127678 2.090706826280624 1.5456536255113564 1.7539193213646973 1.3485360812586367 1.5829521212773303 1.9163659827017385 2.087976636712298 1.5419586674280217 1.7506639848515764 1.3442994325879931 1.579344427367381 
1.919542709890353 2.080094079798604 1.545155071018181 1.7405893712226328 1.3487142365576186 1.568813965265863 1.9147128556870348 2.075637850265118 1.5391508367061362 1.73526149725429 1.341831284675238 1.5629006245610115 
1.9169128346239168 2.0656988373443745 1.5437410816409274 1.7250198254530005 1.3497531325193879 1.553830875547883 1.9102875690863665 2.0595522493168024 1.5355065314761447 1.71765455760636 1.340327310699107 1.5456500803435103 
1.9168971216335136 2.0502669754465757 1.542620812554676 1.7055143115807763 1.3493666987616264 1.5329352835024868 1.908029001175519 2.0419781499827194 1.5315871068035438 1.6955409642373285 1.3367387860486617 1.5218313565592114 
1.9168062414213205 2.042324642507094 1.5428453482937716 1.6962651759060932 1.350548425770705 1.5234581807820422 1.9068295088422902 2.0329639824728156 1.530432741871308 1.684983132150506 1.3363508742062205 1.5108863085062787 
1.924542961982091 2.0529390123709956 1.5510312925646599 1.707744432435603 1.359886954314512 1.5362244316878961 1.912783942622585 2.0419195349363792 1.536416242154059 1.6944815859591984 1.3431937042566868 1.5214671548064387 
1.9278443755440946 2.0588778509850942 1.5549680190656656 1.7147360173732282 1.3641954201348865 1.5438339331926216 1.9138291450589313 2.0457605102838894 1.5375576738701542 1.698963704567287 1.3443166310348913 1.526296587638523 
1.9313004173419683 2.062250310322503 1.5589214643545262 1.7184851388432953 1.3683248744451224 1.5476653392853572 1.9147660891569134 2.04677410003773 1.5383900695809436 1.6998820684345313 1.3448869231966158 1.526982605200616 
1.9288165988822705 2.0609117184401105 1.5568269285067529 1.7177699858839568 1.3659898896125733 1.5469169394650024 1.9109628833558672 2.0442120194940077 1.5346516721275125 1.6976982634861149 1.3406617947729285 1.5245975492056156 
1.9309362357613107 2.065526314617187 1.5585726747816608 1.7225077626460963 1.3675101237563325 1.5517629162910356 1.9114342222990726 2.047306766455887 1.5343450792361086 1.7006172502876888 1.3398320708865197 1.5274273102102305 
1.9306475905109406 2.069040777990057 1.5583933609797305 1.726881434779383 1.3669752361859744 1.5563260964803296 1.9099023552908931 2.0496967163426154 1.532617615566812 1.703656766425004 1.3375156762990483 1.5305155362118021 
1.9322126941766866 2.075908244720255 1.5600130341562952 1.734816938958555 1.3689910729940973 1.565274960796834 1.9104106758960309 2.0556308266655106 1.5329265219760306 1.7105007649041055 1.338043202956291 1.538281104979688 
1.9314510060377923 2.0821399930178566 1.558555420998689 1.741809106109048 1.3662096076094619 1.572047281007922 1.9091766532210686 2.0614944712524457 1.5308649531570053 1.7170764300415984 1.3345340746509247 1.5445987045845921 
1.9276143583435796 2.0846595750367323 1.5550731514923437 1.7459555938775562 1.3626206436467672 1.576972874780137 1.9038536013497283 2.0627086475487344 1.5255208708412775 1.7196867030573706 1.328795108123269 1.547838773474915 
1.9261484643860765 2.0914284671622982 1.5526100216270795 1.7534602948618025 1.3590713637101035 1.584645101610086 1.9015723595742657 2.0688167065008054 1.522014261134514 1.7264276809344896 1.324010764116682 1.5546799123603674 
1.9268661695910796 2.099015836642163 1.5523710402846993 1.761507903381248 1.3575071189185712 1.5924446065325475 1.9011172838082873 2.075403857988753 1.5202925830229521 1.7333042966988228 1.320704080857858 1.5611897758295115 
1.9248107904024436 2.1061829000658228 1.5511723802497517 1.7712271404113251 1.3560755906842659 1.6031378098372204 1.8985444424847369 2.0822057606705635 1.5184565105690977 1.742647412464633 1.318527750519374 1.5715041388967705 
1.9248445577412867 2.114762346843316 1.5526918876152633 1.7827072979113117 1.3573684629702614 1.61543875044096 1.897165438280555 2.0896004193065836 1.5182431381719628 1.7527850520717736 1.317823688133678 1.5823566238892703 
1.9252550451890784 2.123691500144501 1.5535978466211904 1.7936345413115795 1.357795429741167 1.6269809549549128 1.896691456802081 2.097831518751208 1.5180572328822126 1.7629396929747767 1.3169813674862678 1.5930783160491513 
1.9285606986873758 2.1328093487233075 1.556994447427973 1.8038184661438468 1.3608820412223608 1.6375375658596476 1.8984609604944578 2.105631346651531 1.5195523549129657 1.7716006064577705 1.31787995664307 1.6019790665303775 
1.9293466936797388 2.141557314715845 1.5590640347378102 1.8150949650673764 1.3634451453626362 1.650112642280199 1.8974333202810947 2.1128516920770704 1.5193930383258112 1.781135669373038 1.3178987840167924 1.6126829424015559 
1.930275161744742 2.1472461097528366 1.560630437242812 1.8221610843854312 1.364659445887028 1.6574073304558208 1.8985083840554116 2.1187349386199044 1.5211637801133349 1.7884750212761404 1.3193435062669199 1.6202996461545902 
1.9291395200117643 2.1531064664830724 1.55948443136545 1.8292839746773109 1.3631179610258315 1.6650461687326332 1.8991864288613745 2.1263107157495162 1.5222751050881769 1.7976678402617154 1.3203864508435477 1.630248001965106 
1.9316282929849675 2.1602393030356657 1.5631998146942123 1.8382164303421997 1.3665230986192731 1.674165870868242 1.9006017616323572 2.132541451048495 1.5246943479661814 1.805585455978204 1.3223027539561503 1.6382705995164593 
1.9325167683263709 2.16739831131765 1.565137193175921 1.847335598504668 1.3691760613823922 1.684528856120488 1.9008416497811174 2.139203907434399 1.5258546297542896 1.8141738426023566 1.3240925212169277 1.648094470830662 
1.9347766451970443 2.1700294262889455 1.567466154403319 1.8500316725288595 1.370790174899109 1.6866335546762756 1.9021469119865397 2.140988070714064 1.5270076467326317 1.8158797860375915 1.3243367817817076 1.6491012569699683 
1.9331174451150606 2.1662770886172846 1.566595493612879 1.8466279562132106 1.3700992024697263 1.6831474066962107 1.9000340212291411 2.1368066477545833 1.5255843686365496 1.811966068635994 1.3230109787254904 1.6450445033153904 
1.9313494538332854 2.1613773320135774 1.5648554560796117 1.8412533386099073 1.3680941502769937 1.6772366745758125 1.89711722122333 2.1308437318541524 1.522404557488623 1.8053135171438035 1.3193273446200262 1.6377014076998684 
1.9303163843082745 2.156925419241233 1.5649629277171295 1.8372030061397597 1.368238907036695 1.6728071100306126 1.8956044403854326 2.125916770489609 1.521940805684955 1.8006970141167473 1.318814830675243 1.632629314403294 
1.9310097635999903 2.1554024292271943 1.5661942584234212 1.8357356508818174 1.3695591272809253 1.671123313199385 1.8950833636224265 2.12327621375046 1.521678909323018 1.797906456932198 1.3184211963854684 1.6294770252686872 
1.9315539254924157 2.1538616116838054 1.566952251054626 1.834000717634854 1.370525500341077 1.6692990811370982 1.8949304630527106 2.1210800868909123 1.5215782102163398 1.7953884050547837 1.3184085253839797 1.6267821965478846 
1.932746460626559 2.154813754853187 1.5686609345121367 1.8353230136693894 1.3722352909995028 1.670551744455852 1.8946545947387061 2.120714377374872 1.5214809495240122 1.7951650945816906 1.3180428089271192 1.6263303118384316 
1.9296914248167243 2.14882267033164 1.559728233703295 1.823864588320964 1.3592157043718998 1.6556561250849162 1.9031395885040066 2.1250106274678253 1.5267558617314032 1.7957486836557057 1.3212488900018797 1.6246318053181157 
1.9308886357365642 2.145878687884432 1.561237711438143 1.8204196250086435 1.360980330356251 1.6518873687744604 1.9029326952093208 2.1207586524629836 1.526527140438915 1.7907399392420469 1.3210183111889895 1.6191213042871773 
1.9338155920221298 2.144710880078688 1.5653084290157961 1.8194319149470528 1.3656446580087735 1.650795973804122 1.9032893483881794 2.1172275170297357 1.5274351304352993 1.786952739405242 1.3220638909250566 1.6149287745494845 
1.943450726683545 2.1533555335259433 1.5815259697667945 1.8333476810923781 1.38708689671801 1.6685171218081043 1.900045869553364 2.114264324328157 1.52787367684858 1.787270908152091 1.3255880349515832 1.6177524424728278 
1.9487467481806195 2.1555971317304494 1.5885089652074804 1.836394793698931 1.3960976672656322 1.6727443924056478 1.9030617952511526 2.114386270841858 1.5321197866173975 1.78784119717735 1.3315851473129834 1.6192912370307386 
1.9539647578262946 2.1536718796202847 1.595001733048328 1.8342177675148528 1.404095602880078 1.6708706569531857 1.9062395322957633 2.110467589120281 1.5361645120517433 1.7832906937252744 1.3368826955597748 1.614800183281873 
1.956346426642646 2.1467820975398153 1.5986815708693993 1.8267908468999534 1.409644589617344 1.6638749659507017 1.9061130698983864 2.101106629497287 1.5368013727341117 1.772890434436784 1.3390569678835365 1.6045110147697488 
1.9630149366466065 2.1435372541613735 1.6073286397926467 1.8234115483833264 1.4205034991501004 1.6610702903783692 1.9090236427497906 2.0942052399556452 1.5409247169727922 1.7651553194712584 1.3449066206163458 1.59690266975094 
1.9744916703255475 2.1496507784440175 1.6215813159336074 1.830821421456765 1.4383882133085526 1.6707309074967667 1.9170492056660857 2.097011866925166 1.5511241939138756 1.7687191348614313 1.358462716803435 1.6024362907850564 
1.9840434075436078 2.1550265375436215 1.6332713537612942 1.8371952671170395 1.4526211849677981 1.6786361849779272 1.924248499601143 2.1001055741836527 1.5600895359617186 1.772453241898711 1.3698220147950793 1.6075209133063402 
1.9879135971141804 2.157006785300278 1.638282456596371 1.8397954260817804 1.4600769930354496 1.6830634651822967 1.9256465093031587 2.099760053204042 1.5621406520513572 1.7723321412848778 1.3740956425196318 1.6090421489294306 
1.9901755459194974 2.1567880444716794 1.6409784592053516 1.8394961997177297 1.4645210492089111 1.6839708633987613 1.9270306562937627 2.098662220438527 1.5637962623999235 1.770986932615814 1.3774869691928013 1.608852484069304 
1.975623255000887 2.147655403992992 1.6237723362898815 1.8292001226493235 1.4467442187547528 1.674038626525774 1.9109820485028894 2.0883459670993934 1.544474585126055 1.7591868100631896 1.357141841702738 1.597238387686791 
1.9598969226541583 2.13810693041046 1.6047055994883421 1.818071879621166 1.4264416197760215 1.6628412410898519 1.8963701522722929 2.080030060568654 1.5264677749724165 1.749402516995228 1.3378189345457927 1.587471196610899 
1.945393550115837 2.130543851285934 1.5868075851949723 1.809038238913788 1.4076490471819672 1.654127225292027 1.8837961340156475 2.074451472546972 1.5106588371079355 1.7426276594706913 1.321214460158645 1.5812237941393052 
1.927873687514151 2.118008689219525 1.5655957629635466 1.7945344648708785 1.385099834311379 1.6394405764191058 1.8698453492760865 2.065329388453428 1.49355775523058 1.7320446359171608 1.3031217234815056 1.5707928185503683 
1.9128390327391587 2.108092973075543 1.548089543007923 1.7837275720048955 1.3669971840389723 1.629043927931497 1.8581192747212112 2.058569905796371 1.4799443594576385 1.7249168458364827 1.2893158554405821 1.5644290310047562 
1.9054940645946632 2.12057462064071 1.5375537705737288 1.7972202672197668 1.3555577024256438 1.6442219363898203 1.8551479867561753 2.075452515541006 1.4746992981504705 1.7437508742551184 1.2838236277485666 1.5856015258145693 
1.893940935674365 2.1261132339231343 1.5251731562754078 1.8054080902286578 1.3437243636338108 1.6549744351690419 1.8460841113619633 2.0835958729713133 1.4653216148760961 1.7551389263141222 1.2753859979720217 1.5999858310194779 
1.8851347857661451 2.1303664340215205 1.5150966541133835 1.811144901438195 1.3327206241765637 1.6615872666837483 1.840017325794942 2.0905481917252158 1.458577550226785 1.7641361774890196 1.2680989160257057 1.610218259592646 
1.8782042070420484 2.135095936736907 1.506352067529517 1.816612277584419 1.3231943089926175 1.667880929524182 1.8359987360753955 2.098064578269804 1.4533880647887714 1.7729411954688317 1.2625701940369296 1.6202058852474428 
1.8792897314689982 2.1432443218039374 1.5092525823084815 1.8274598997911884 1.3277042214306694 1.6806441704729826 1.8335415811769362 2.103245363252899 1.4518912467209173 1.7803804426146732 1.262118589794485 1.6293279789056652 
1.8811684170719536 2.1486823579461434 1.5118185268705366 1.8340219519266936 1.3314266870500229 1.6884129485848536 1.8323265475643253 2.10605361728257 1.4505934033039718 1.7838897061390875 1.2614765104864218 1.633818915445956 
1.8779409645564076 2.14576775617005 1.5109065387240372 1.833165449657791 1.3328160229975667 1.6893950243264748 1.8274970105472268 2.101761718325617 1.4477298180113065 1.781454075472913 1.2607464488782232 1.63313765660432 
1.8806408239151358 2.145608402942205 1.5136771866472059 1.8324966945607843 1.3358401933525583 1.6885776654854228 1.829292081854672 2.1007463033256064 1.449385468926814 1.7797594634489797 1.2625247064260565 1.6311940854895841 
1.8805476943604622 2.1425957141664527 1.5150032286316917 1.8301616175530646 1.3389740904007255 1.6873376598548526 1.8286786584100692 2.0972177758460018 1.4501175082469868 1.7768223184450522 1.265091941213938 1.6293294275021397 
1.8858771183297176 2.1415150845697073 1.5238664586634878 1.8307712407178565 1.3509956114805108 1.6895986192701509 1.8302294401302803 2.092676314081946 1.4544333198602128 1.7733952277818952 1.2721621124367757 1.6272525287488724 
1.8946901107965282 2.14035061804139 1.5362605579621447 1.8306683626889277 1.3661147491884276 1.690419965615101 1.8342451433628386 2.087032677786852 1.461061645499655 1.7680359962823606 1.2809660955506044 1.622382288534413 
1.9017594880340813 2.1357832373084236 1.5463684367988277 1.8265093015825709 1.3785113471885715 1.6867644828984425 1.838360019954647 2.0795308243466004 1.4676967517057637 1.7604018408896447 1.2896402393565618 1.6149466967697883 
1.9146014692339317 2.1326312403396726 1.5640254433968555 1.824443150353754 1.4009209503725506 1.6867118101420677 1.843647191480173 2.069167027557884 1.4763169606330242 1.749836846546766 1.3022732777158297 1.6057188144668202 
1.9265380051851377 2.130835986776723 1.5786150534638677 1.8223443154746388 1.4171906747585978 1.6844413690427846 1.8512439957992382 2.0630117908297883 1.4857930991839778 1.7425540022342867 1.3130061139167364 1.5977792001095552 
1.9301246026957897 2.122821854426692 1.585504134946226 1.8151625287096413 1.4271432100288957 1.6786093606409977 1.8493882596771236 2.0496898737934917 1.486162613926074 1.7290664992219296 1.3159003362837098 1.5851136674483566 
1.9293233297497079 2.1130884009327437 1.5861279964481114 1.8051748116336266 1.4285942781337535 1.6684530832350366 1.845399418087179 2.036750620895081 1.4829067815194925 1.715187045810602 1.3130468815227048 1.5706515184841288 
1.929643300221764 2.1054148933858 1.5877363346887103 1.7972632738947125 1.4312251223657095 1.6606185468345043 1.8438658481003274 2.0270890145700906 1.4823038380139006 1.704838196249351 1.3132872308032009 1.5601192126856012 
1.9319040262842406 2.105196301363191 1.5911367714854876 1.7975857492963334 1.4357209214792617 1.6615934716028649 1.8452236079329953 2.0259438451677925 1.4846929723256794 1.7040867121638088 1.3167731622695158 1.5599646987586802 
1.9376642840767078 2.1071992569727476 1.598801143165247 1.800530734585361 1.4444560335941348 1.6649922113290798 1.8515830514417926 2.0283258187940367 1.4933124301319198 1.7075502466359518 1.3267517294454527 1.5639744187123075 
1.9402077973974463 2.10659501893977 1.6019341243265437 1.7998692217552503 1.446979993048228 1.6634564548018234 1.8546992947758 2.028113840685934 1.4972294799535073 1.7073465940991157 1.3301331802649876 1.5628789313257283 
1.9457381679022616 2.107383674780568 1.6105710325321418 1.8025282204536077 1.4571965562790936 1.6669105369910076 1.8596028434995602 2.028125161387149 1.5053786129580988 1.7091909498507325 1.3400177316556858 1.5655083697801329 
1.9574722285392914 2.105688567828248 1.62587574110157 1.8015822891787596 1.4748716301775486 1.6665752742323343 1.8722274970426482 2.026687597993973 1.5221728550603508 1.7085774843016572 1.3597001877923602 1.5655706371360507 
1.9551411612692853 2.097544768268227 1.6244469503463046 1.7933056038749808 1.4743268119685708 1.6585405159022826 1.8700219676756233 2.0184398068779283 1.520931653161775 1.7001029933475824 1.3594280957775626 1.5572931137038428 
1.9541324950831098 2.0937803527447048 1.6239947861799742 1.7895925298066429 1.4746677736831915 1.6552726059292289 1.8679099378288397 2.0135465956961958 1.5191487066906058 1.6950206931597442 1.3583441280617148 1.552540217656129 
1.948175953737054 2.0864064542268075 1.619156351535972 1.783078696030907 1.470440938874894 1.6492115995951762 1.861667360845992 2.0058683177016583 1.5139627163306502 1.6881307567719035 1.3537401414005865 1.5460642664389084 
1.9420178451536638 2.0758932851221616 1.6123366121549434 1.7713071363304782 1.4635835852097003 1.637063386437825 1.8545040388026337 1.994262984226323 1.5057826104505525 1.6748972775233948 1.3452987883497407 1.5322298947140014 
1.9426170029398693 2.0826473817214186 1.6125024217380513 1.778713961431427 1.4631537240191408 1.6445297554593166 1.8543578237953646 2.000575475994615 1.5050070360869017 1.6818755825420262 1.343763721295928 1.5392726318463144 
1.9423896704545562 2.086688484582344 1.6111811738872073 1.782497117778472 1.4610333323673899 1.6480320379436075 1.8544943721587723 2.005128568488455 1.504053363271583 1.6862881483805074 1.3419724821204642 1.5434640723283972 
1.9390181914589044 2.0830162905288474 1.608072174626674 1.7790619546852662 1.4576757838451457 1.6443795214635093 1.8513647042461838 2.0016784426896743 1.5012181187717395 1.683098678012837 1.3388720671253695 1.5400466655035359 
1.938021193756064 2.082668984281391 1.6036951541510873 1.7757877401558106 1.451809266896888 1.639918930340058 1.8513767176476212 2.0022936101600286 1.4978343535410314 1.6808009106636277 1.333948931049341 1.536555791791395 
1.9330715569685903 2.077421777126872 1.6003641015596952 1.7720273285931485 1.447591154560213 1.6353702169481288 1.8479021331880565 1.9984138434170662 1.4963762585128684 1.6787070926045944 1.331726999140954 1.5337576066513803 
1.9314136083470157 2.0746585621031817 1.5974827343380082 1.7679934132535788 1.4449204706515995 1.6314548076204993 1.8475931754875152 1.9968600764470303 1.495056220383715 1.6760199058806073 1.3308032093844828 1.531302323157658 
1.9329567377659154 2.075543742895979 1.5968585880016584 1.766781658461127 1.4434656040497291 1.6294640311079744 1.8506922252699527 1.999155269426227 1.4962276941276853 1.6763822330467029 1.3312899431283365 1.5309777892819512 
1.9297862523514488 2.075678437876313 1.5963060475249256 1.769903668300806 1.4444938680952057 1.6342975655200156 1.8463922140013074 1.9983818968417049 1.4944170186144996 1.6785851849771132 1.3310340954027624 1.5349324938982334 
1.927351607267457 2.0717473087846527 1.5938867523247848 1.7657654636605764 1.438927677277927 1.627257064466598 1.8449229174457262 1.995292776696305 1.4931615225810133 1.6754056302688165 1.3264875475165416 1.5287321240611287 
1.9317024401324987 2.0757509415519606 1.5985474061202718 1.7699213156956584 1.4394906119922595 1.6276980297812769 1.8495779703959088 1.9995515303972164 1.498271724679422 1.6799064899909906 1.327251887688938 1.5293348971084948 
1.9305481525682415 2.075478339521916 1.598719856818151 1.771016473391665 1.4389749517572048 1.6282638239009826 1.8499033493738666 2.000684025643392 1.5003437650167544 1.6827434687630345 1.3288247229881938 1.5317863143613242 
1.929546901739227 2.074264200609809 1.596033567445074 1.7682601268850264 1.4348365519498902 1.6242464895241269 1.8530478133473647 2.0032990107498807 1.5026503588498057 1.6844520856561787 1.3301845298121047 1.5325833129952349 
1.9345249322428955 2.0808844140339415 1.598657419420865 1.772963275358342 1.435940213194609 1.6277645797133502 1.8620642437384858 2.013697216293795 1.510166242176463 1.6936042365645463 1.3367201764802457 1.5409458333469674 
1.9332075849392405 2.085065210986604 1.5967946674718732 1.7776272324834053 1.4325824142668406 1.6317161950739503 1.8643093222120117 2.0213497016811837 1.5126502875703327 1.7024442017542338 1.3381517313393911 1.5494694006938665 
1.923158017492949 2.0886387350969553 1.58163619339196 1.7791706083867869 1.414332852000338 1.6322415329072502 1.8593770482522929 2.030063549021904 1.5034358302127198 1.710027573189219 1.3263045138909124 1.5565855803865747 
1.9031824413417568 2.0867729019065706 1.5549616886057258 1.774943264482437 1.382335929154549 1.625844506750744 1.8438119542056262 2.0327715714195658 1.4817034016535056 1.7111290744919188 1.2993812906424234 1.555927208313927 
1.8893969402588038 2.0910894489139698 1.5339486035259884 1.7764663249719457 1.35662189229694 1.6258097195426437 1.8332854657197635 2.040531765084614 1.4642790441781681 1.7166675288824362 1.2773166246547212 1.5602474307363337 
1.86369950114493 2.081514257733504 1.5026745878492322 1.7656037753550087 1.3217159768149358 1.6143911849201422 1.812259806310304 2.03558624974425 1.4383812748947549 1.711217831413599 1.2481357692045605 1.5547246292986614 
1.8479956668339377 2.0795267082480597 1.481523310325224 1.7618895154682686 1.297405385158012 1.6101565386995795 1.7983366007054993 2.0355239804819325 1.4190975526146923 1.709731326705167 1.2256374987071053 1.5529103721454791 
1.8337741880553697 2.0759634382999455 1.4604759766521769 1.7549605416527547 1.2718112690089398 1.6013745122107228 1.7855478802816043 2.0334890354162547 1.399444010447767 1.7045057825534444 1.2012316029717707 1.545915194426308 
1.8203893450841362 2.0721139456834536 1.4425811113749725 1.7495368241611406 1.2511538826602626 1.5953760918027604 1.772963298462732 2.0305757050393 1.3822524201085165 1.7001354619840883 1.1810874345686055 1.5410406757434567 
1.811295374239392 2.0685540629920744 1.4283741925493543 1.7430943212348033 1.2333513105117373 1.5872241284459545 1.7653564247655542 2.028449724602762 1.3696514913148599 1.6953082865487978 1.1648381127268372 1.534592065547395 
1.8014120098441557 2.0619667354277955 1.413215055825107 1.733146959380756 1.213322396896538 1.5744118989675986 1.7586914182683557 2.0247511189009777 1.35833982106495 1.6887002866970682 1.1489392996545815 1.5253468795951823 
1.7934305946169036 2.055835464138106 1.398273973192643 1.7219861387386197 1.1915193789896747 1.5587766319803298 1.7540639047560211 2.0215851057692182 1.3474112172488175 1.6809470979980128 1.1313997148523327 1.5133180342108992 
1.7896917259762255 2.0507001451279416 1.391014587568283 1.7138541927561282 1.1800924589318247 1.547576435213382 1.7521560763550035 2.018025155221748 1.3423770054302033 1.6746195496015683 1.1223513948437718 1.5040103938163991 
1.7902253685754232 2.0485206099942004 1.3866740613031636 1.7071598553067635 1.1696328630348114 1.5360894679578432 1.7553407486271746 2.0181057858970153 1.3413348671346055 1.6705415424559218 1.1155067493256192 1.495287640245518 
1.7913377754051634 2.045370979806236 1.3861776356562387 1.7018048821864158 1.166749265949424 1.528383220607162 1.758614715107752 2.01677394262062 1.3436231347344092 1.6673255673783451 1.1158577598392727 1.4898959559759601 
1.7930911845199755 2.040543515096713 1.385292145651324 1.6934214389227655 1.162565517122906 1.5166411647463778 1.764106158116129 2.0151209338655707 1.347564050389906 1.6626998258565042 1.1173419900385242 1.4822600863894466 
1.7935083179419047 2.036831781538868 1.3869251787053258 1.689844096680756 1.1645695926507784 1.5126909650972336 1.766120876589935 2.0127579512914116 1.3513224321111523 1.6607480047517142 1.1219327967070043 1.4801164886882383 
1.7950135987506 2.033737619999094 1.386053903461038 1.6837934287196812 1.1620379971840766 1.5047747984996227 1.770699097079902 2.01230966297426 1.3544175486162235 1.657848540518578 1.1241146647916218 1.4756858293348145 
1.7949070129596267 2.0304919736289646 1.384546651135905 1.6787423563404984 1.1598560226043788 1.4988236930912353 1.771762354530553 2.010061767889646 1.3544076509425254 1.653972960701489 1.123706656085853 1.4710279122884276 
1.7889464252493898 2.0229379193768082 1.3793484543118792 1.6716909617667286 1.1541633352401082 1.4913220703967904 1.7678103431965122 2.0042709204976683 1.3518233078004573 1.6490526882888157 1.1211231428851025 1.465900956665412 
1.7763407599935885 2.014969789613383 1.3627094884877702 1.6618345006211057 1.1332869559006669 1.479545903936272 1.7567771162257892 1.997744376424221 1.3371075089515427 1.6409062276481858 1.1023695682005197 1.4559998016258793 
1.7674522999077091 2.00808656952061 1.3495353999243778 1.6522015112839747 1.1148679019727181 1.4667837185792083 1.7497648237374788 1.9925363175182154 1.326286206513907 1.6332664019776597 1.0866092880097473 1.4454216627092076 
1.7625833866207437 2.0015593149920514 1.3441726054311067 1.6450955868372663 1.1083052429684928 1.4587254739091418 1.7458160942125176 1.9868098377679355 1.3221095390365543 1.6271180442277229 1.0814407758224442 1.4384205394290814 
1.7584653751530905 1.9968343592677635 1.3391180452866356 1.639629263569146 1.1012876657859652 1.451888943945886 1.7426477603900048 1.982919110688154 1.318278377427279 1.6226536485437366 1.0758509487806849 1.4326905621006583 
1.762893587335957 1.9962515625717716 1.3403948535674999 1.63520178090358 1.0992751278320818 1.4441718413922353 1.7486795690320853 1.9837103457788992 1.3216447322749938 1.6198676795189908 1.0763327745405877 1.4267861585921835 
1.7556572412343845 1.9862749480922146 1.3375051060458536 1.6284580834085751 1.0992385858851252 1.439194666964386 1.7421316882195588 1.9743299217250216 1.3197008672796764 1.6138668469916375 1.0775044960921185 1.422663614428488 
1.7517520551499177 1.9826805555918383 1.3313969176477616 1.6232697481078 1.0912615460658184 1.4329126577436464 1.7383499459895757 1.970849425380326 1.3137134483295663 1.6087976712818677 1.0696153672802013 1.4164970726132688 
1.747927144383681 1.9785091243341006 1.3277189306751975 1.6192858339012572 1.086453448461226 1.428156205977935 1.7351480242081048 1.9672284358745147 1.310849694935804 1.6054830972991556 1.0657722362274644 1.4124869955200614 
1.7480756654120382 1.978037140679047 1.3280580303607745 1.6188268993026216 1.0863856644883252 1.4272687938526996 1.7356606136297903 1.9670740107087328 1.3116734981334877 1.6054126458969171 1.0662940709324704 1.4120359214997824 
1.749477459436574 1.978944497477544 1.3266993758484436 1.617306766478348 1.083440172172257 1.4245674956619816 1.7377420553225527 1.9685775051688084 1.3111854573768922 1.6046050126609508 1.0643865258620337 1.4101307100608262 
1.747424897272684 1.9757606831517958 1.3275147687345892 1.6163019416830662 1.086104613197297 1.4246963663491425 1.7358895175005955 1.9655658021161364 1.312293452916858 1.6038237471893382 1.0674464277744575 1.4105241513878628 
1.7460998922019468 1.9754070798262444 1.3265044355552114 1.616472181952925 1.085766679147804 1.4255727196560863 1.7352712599036642 1.965841967943418 1.3122177904020544 1.6047690883512338 1.068265319781397 1.412288600438186 
1.7455149131694119 1.9757833716925597 1.326314251185148 1.6174075283170968 1.0862424930450933 1.427172159711932 1.7351516619698748 1.9666339033477531 1.3126455998619047 1.6062179461694543 1.0695100427938111 1.4144784732885898 
1.7442384920917235 1.9747659886919284 1.324900925841027 1.616383387719142 1.0855009393337298 1.426760345010475 1.7344705388372583 1.9661436475736989 1.312014708794993 1.6058379086615218 1.0697347438007283 1.4148021822482497 
1.7421594837408771 1.9728171327085235 1.322552114205062 1.6143208686962702 1.0837686297306635 1.4252867132995664 1.7327898853895356 1.964547927444958 1.3101851834409821 1.6042047834451436 1.0686419245511003 1.4138187066340155 
1.7414987810502252 1.9721921463791048 1.3209440537734443 1.6129528979605758 1.0822291356267488 1.424058903219744 1.7327344527247734 1.9644573147562714 1.3093677376731947 1.603486117900439 1.0680686219805449 1.4133274352036826 
1.739483195999723 1.9703987342173692 1.319150717228858 1.6114676532296297 1.081095259616566 1.4231782541218827 1.731189367621408 1.9630807444436438 1.30819473021619 1.6025114148752295 1.0676993011917775 1.4130290798159144 
1.7399700951465717 1.9713099798926523 1.3180060620514498 1.6111198231119774 1.0795113464917216 1.422642559473169 1.7318800116879833 1.964172976014172 1.3073073175364582 1.6023793331494167 1.066422613265665 1.4127364562806362 
1.7385057445790766 1.96996504134831 1.3156315715026186 1.6091135671960666 1.0754038868882936 1.4194553744779896 1.7309253877317905 1.963278568643393 1.305598294229297 1.6009206557773092 1.0631058244099925 1.4101609958066668 
1.7388101336052566 1.9704650093032177 1.314504589542513 1.6084756722090423 1.072820894244855 1.4178209842177996 1.731587595580521 1.9640945174121152 1.3049357211634336 1.6006651456592444 1.061074734205056 1.4089539608263748 
1.736950118827691 1.9691677991515935 1.313007998641109 1.6076741306668867 1.0708271446389142 1.416791050090143 1.7301622780986556 1.9631830313232463 1.3040152597862995 1.6003380591848493 1.059781376962027 1.4084611009451167 
1.7363762209527864 1.9683287086181211 1.3117385022519847 1.606229567269349 1.0686439518802697 1.4146785572596623 1.7299417536120343 1.9626548334769107 1.3032091115743016 1.5992715569815779 1.058156881606069 1.4067734396733116 
1.7358714275804186 1.9680209552670114 1.3112408841590015 1.6059917570056454 1.0662277521665247 1.4130458190625241 1.7299354242659117 1.9627871610060221 1.3033724008625012 1.5995738440628742 1.0565361226811318 1.4057472908777309 
1.7349840781920767 1.9675222668574834 1.3092722381460664 1.6047329723602022 1.0635016857438495 1.411385827681435 1.729604741245817 1.9627803442922518 1.302135401154584 1.5989154830509364 1.0547031074857083 1.4047678683469413 
1.7351741279860908 1.9685063220300538 1.3094952016835688 1.6059158037307841 1.0617213344528262 1.4111839275843139 1.730085314206294 1.9640221688851403 1.3027446500493833 1.600416042369074 1.0533841331785334 1.4049220681134915 
1.7347278565529782 1.968316417937139 1.3082260772132965 1.6051306033843133 1.0593187820013812 1.409661330504916 1.729902030434351 1.964064616992244 1.301820174870896 1.5999139203472448 1.0513974417416516 1.4037184067044537 
1.7336078317656216 1.9675401650790005 1.3075645362119224 1.6048499005200143 1.0574975358643157 1.4085876703986515 1.7289855683027258 1.96346868634035 1.3014299817504973 1.5998556760655318 1.0499028618872794 1.4028949377052795 
1.7340105178189693 1.9687466865767191 1.3069924048389914 1.6054283497891801 1.0554207391873678 1.4082201449726568 1.7296032817345168 1.964866039247157 1.3011395707558855 1.6006671179813778 1.048164096402281 1.4027897251501418 
1.7347487076143018 1.9694256458595967 1.3079981119900326 1.606282464876427 1.056024963421552 1.4087132495186838 1.7302406334869986 1.965455912954928 1.3020132995363334 1.6014127913094391 1.0486030204846304 1.403158077541333 
1.7345818096413153 1.9700324125451691 1.3088391867370643 1.6078910625034708 1.0570369431285456 1.4105249913697169 1.7299721198442881 1.9659748695185653 1.3027238762832822 1.6029170752033743 1.0494553731524463 1.4048523881100605 
1.7365491495776473 1.9720498624981189 1.311227901205145 1.6101851819523276 1.0597242041676929 1.4129377552386553 1.7311528996131018 1.9672996907230098 1.3040728590990804 1.6043639652893138 1.050858126408532 1.406300292654044 
1.7375876399933472 1.9736926357509799 1.3128164535294526 1.612370569818753 1.0612847283635292 1.4151244073994518 1.7316225019494433 1.9684431165308411 1.304911002044833 1.6059403902441864 1.0514898750143293 1.4077935825317751 
1.7388217753259965 1.9755400176326092 1.314763858929751 1.614887364390424 1.0634148593789021 1.4177829023048099 1.7320217777348674 1.9695574714813098 1.3057573576081623 1.6075632092915817 1.0522592053994348 1.4094348620166346 
1.7412795311878477 1.978143550856148 1.3181178749010918 1.6181570486803094 1.0676888022892113 1.4216036299172037 1.7331885153709536 1.9710250967133245 1.307410706784127 1.6094471902717933 1.0544417492748333 1.4116815875663216 
1.7430932631935936 1.9800978964664575 1.3204592027741298 1.6205017931464591 1.071173603199262 1.4247197772161688 1.7338026778647246 1.9719242584772088 1.3081705193784525 1.6105041642823807 1.0559879212239551 1.4133379090546214 
1.743602450291617 1.9805915130694998 1.3215986821508752 1.621485835165676 1.0731535997530504 1.4262720237188031 1.7331886369760594 1.9714299602884526 1.3078288968144611 1.6102824784251146 1.0561496084092112 1.413522278679374 
1.7454298686712337 1.98238150887504 1.3246698399411378 1.6242109484699578 1.0764306866908242 1.4289905680338413 1.7340091676256155 1.9723333424372465 1.3095848776653156 1.6119316276100795 1.0578116043084798 1.4150181661341596 
1.7488279117382304 1.9858401467224644 1.3292438577156187 1.6285119762331193 1.0821771951370533 1.4339698410826844 1.7357024655264797 1.9742910302928238 1.3119272911387658 1.6144086349789817 1.0608352679067095 1.4179328224900851 
1.7491460904233729 1.9864070811853671 1.3317781127663009 1.63093040568363 1.0865789237986212 1.437690788794089 1.7346447938766514 1.9736498188542388 1.312674162510777 1.6153682253478214 1.0630777360679555 1.4200124363763051 
1.7510341290728457 1.9883237474108435 1.3350937649385906 1.6339480299317664 1.0910170489858992 1.441398281016701 1.735201196339462 1.974394589517987 1.314259499405616 1.6169690272599226 1.0654205140590733 1.4221222433806104 
1.7548522268187854 1.9922036338514317 1.3404278070716267 1.6389373651030261 1.0979412889452924 1.4473576112111513 1.737220230302091 1.976689937580209 1.3172602235590545 1.6200442825215766 1.0695339473671932 1.4259284152196596 
1.7598819483533432 1.9959700106815133 1.3470630631636962 1.6435603753863015 1.1061018579407413 1.4526434977447014 1.7402703476241728 1.9786997483751696 1.321338452789428 1.622543410272884 1.074624460367416 1.4288210322570003 
1.766059667324083 2.0014531352367086 1.3541577991315674 1.649421489173962 1.1141902267336805 1.4588583774132602 1.7446300519103901 1.9825695251437843 1.3260884640282677 1.626455815086549 1.0799014449609974 1.4328415944649464 
1.7710854686640423 2.0058504860614437 1.3624624353401198 1.656199360835805 1.124514347668775 1.4667054759674587 1.747691725852397 1.9852251267130712 1.3319108525021222 1.6311587764938549 1.0872971762185948 1.4383697662746284 
1.77644505486163 2.010462871614977 1.3687513144988537 1.6612296909645998 1.133182778258803 1.4731962306978457 1.7510128769150555 1.9880266648921838 1.3355782354929042 1.6340052473362316 1.092882551385253 1.442427189262023 
1.783487673132674 2.0159785950391935 1.378401884000526 1.6683324516583018 1.1436012012131678 1.4802584648824677 1.756044005546615 1.9917409381885487 1.3427039967975816 1.638961695237628 1.1003117633726363 1.4470754617697723 
1.7945637872679616 2.0250640915372355 1.3921141180857013 1.6788112181045043 1.1599921417723182 1.4919809506939186 1.7639399298653935 1.9979763423107715 1.3524077075251864 1.6460352352345102 1.112028173462134 1.455002421590263 
1.8065088710158663 2.0345159579071925 1.4067980428828513 1.6896335742932609 1.1767602499485696 1.50351108003201 1.7731416858443716 2.0049469618917652 1.3636854001121448 1.6539101403640466 1.124865246542456 1.4632507320343362 
1.819897160169148 2.044650883078021 1.4215529283117563 1.6998188986100047 1.193278283717478 1.5140953148569378 1.7835332085587108 2.012352420952088 1.3746918783610127 1.660827902135477 1.1370479738479504 1.470186945565675 
1.8364820063117309 2.0569642189174706 1.4398463909413253 1.7121896121360973 1.213347064737357 1.5266455835939 1.7971993081199316 2.021969582240732 1.3893944087647538 1.669985766857538 1.1530265795317816 1.4791571693051282 
1.8477607485786385 2.062832088267945 1.4563651185015007 1.7210624040946019 1.234877829093992 1.5381741426730233 1.805386652633693 2.0249635566863646 1.402212729905092 1.67548708747871 1.1705231455669258 1.487003992835221 
1.86376147649813 2.071967294065833 1.476253009100571 1.7316941338696308 1.2595398891970395 1.5510906997588794 1.8181449390184738 2.0310324088203244 1.418226753688736 1.682500743321824 1.191001641677496 1.4959700989252727 
1.8749588391060883 2.0781780547830953 1.4900223678663518 1.738827201242852 1.277482283690091 1.5605493789630784 1.8257172742245855 2.0338625677370756 1.427564210045226 1.6856135241632495 1.204048961712957 1.5010287409780168 
1.882611415716066 2.0816355729052214 1.4991038971947375 1.7424963157448712 1.2896578021259943 1.5659496040372596 1.8297317771150092 2.0339368947891305 1.4321330693006324 1.6852258139443657 1.211160550952866 1.5019623151012977 
1.8888890312093984 2.0833845700789806 1.5056126019076688 1.7434043712355376 1.2978434273143966 1.5674779285346188 1.8325437563624993 2.0324384648995353 1.434288727482434 1.6821931067517724 1.2143773748646587 1.4991003646197876 
1.8904969952287811 2.080610532898709 1.5078067133983222 1.7402420479947753 1.302254261259701 1.5655118848507825 1.8307977545127834 2.026519607250088 1.4322439086723495 1.6751966793690376 1.2139636279267387 1.492872730867923 
1.895227044869469 2.0802306947462967 1.5124419908230067 1.7386647081495215 1.3077820917892475 1.5638951983316083 1.8326518670780492 2.0233850492836654 1.433250881703779 1.6702341996452654 1.2153276570146256 1.487445967309287 
1.9008203561973918 2.0790870482291934 1.5178621193423267 1.7359119623167472 1.3144242542399998 1.5611521539281108 1.8361692704416932 2.020149132439083 1.4360727615668991 1.6648693354417876 1.2190613943991417 1.4817542343095835 
1.9045992496735213 2.0756303501242557 1.5222152212669995 1.731439351625387 1.3201163501210567 1.556743468384223 1.838513057831502 2.0151608651214277 1.4386699210788205 1.6584674221451985 1.2228406027839196 1.475154970949473 
1.9130769343152512 2.0743410369196864 1.5297572962431132 1.7271898466147373 1.3280345380331944 1.5513552510785658 1.8462087822370035 2.0128373626423572 1.4452615321833762 1.6528182831905749 1.229755766487411 1.468103070649006 
1.927608674629 2.0840997075535928 1.5488143776789298 1.7397190477272386 1.3504587185489862 1.565737889630627 1.8600658697812211 2.0217916382369796 1.4638974738433599 1.664569674854426 1.2521615662225742 1.4817911379290165 
1.940163521605684 2.0916847883200207 1.5652212260793583 1.749522291852656 1.3701687788624326 1.5774261458747822 1.8722294960525994 2.028830709795514 1.4801777872571151 1.673868885250386 1.272152222766352 1.4930780425046006 
1.9530927451934919 2.099397467810098 1.5815461894385032 1.759030075310667 1.3891606916866925 1.5882902391714968 1.884740828190298 2.0359632722540577 1.496317168065464 1.6828141679839312 1.2912955298642714 1.5034435812385678 
1.9685974504829777 2.111323688714755 1.5988282159281777 1.7715991252334937 1.407769685015301 1.6012892563581635 1.9002579280845218 2.0477529122743494 1.5138876891130597 1.6953370554931195 1.3105036273311417 1.5164865821127729 
1.9792569398448525 2.116721809101047 1.6134931886822488 1.7794418937194916 1.4251401706232303 1.6106140720619604 1.9114504231980516 2.053459496445939 1.5295571111743458 1.7037013058467763 1.329364206056418 1.5265196937950096 
1.9890163440491408 2.1186405673673416 1.6280603679515726 1.784105489732771 1.4435431363470266 1.6174883688282307 1.9212338025432016 2.0551377474112558 1.5445173578935945 1.7082112590761749 1.3486178456607378 1.533369469643442 
1.9962675743480005 2.1250109621348425 1.63663693126889 1.7914150288510058 1.4528999763208923 1.625270962637692 1.9287861284738776 2.0617476300927935 1.5536126112365494 1.7158961234856993 1.3586942416133403 1.541634652890642 
2.0056555479642784 2.1339011093019025 1.649516770778609 1.8032707351587254 1.4675247790343746 1.6384470526324277 1.9388657771181301 2.0712508947203596 1.5676261996024083 1.7286791688685006 1.3748364636129964 1.5559739936386758 
2.0207739535935336 2.1466292332217134 1.6681508914729628 1.8185755662391487 1.4882693781443064 1.6551239939418556 1.9538276429311876 2.083730345241927 1.5863929158572412 1.74388422118042 1.3960160560258756 1.572688946385152 
2.041899336453737 2.169875157378924 1.6940087133808404 1.8462586003618806 1.5170841182380792 1.6853929868758237 1.9721373765309076 2.104360028680979 1.6092353627453662 1.7687972611665277 1.4218006729180466 1.6001632578928344 
2.058392438044857 2.1914584269386106 1.7139125645727233 1.871632145214505 1.5388724472808817 1.7127869152350068 1.9860910379688665 2.1236921196586502 1.6263684887196534 1.7918105561415387 1.4407312695642618 1.6251822048928084 
2.072948980528525 2.2110282257072726 1.7310676190935612 1.894234262406382 1.5576225498734442 1.7371575480866006 1.9982227419069802 2.141126447754604 1.6408448288227167 1.8121534403229351 1.4566964880421214 1.6472683440393827 
2.0847069725088363 2.2265375660938127 1.7453594849276637 1.9125234910000346 1.5732838974663663 1.7568974341227093 2.008601027010332 2.1554453038077677 1.6537093626471853 1.829267894023989 1.470951102690691 1.6658822042710462 
2.0932693509940594 2.2397784184180116 1.7545098432927329 1.9269498120114827 1.582244900327092 1.771533153065753 2.0159273877526167 2.1676701825903057 1.6614726741933161 1.842640017716724 1.4784064331201654 1.6794393020562217 
2.1040966668216172 2.2562313363947943 1.7674523273146125 1.9460844764115046 1.596173761007817 1.7919619793203871 2.025138199266865 2.1827830368888796 1.672677396311028 1.860431867102324 1.4905477577487547 1.6985551737078899 
2.112567844719693 2.26863657432027 1.776257353016057 1.9593006895174638 1.6049621147377935 1.8054562851378069 2.031686005332421 2.1935170462213436 1.6792543910508644 1.8718077672837052 1.4968996343989165 1.710110383356469 
2.121708322292638 2.2810537316086705 1.785370736089802 1.9720822971888978 1.6135570661386105 1.8180006400675002 2.039576408552972 2.2048654942934367 1.6869423187310941 1.8834368341746532 1.503925572335892 1.7214389471386549 
