1.6879608001709667 1.892810090894966 1.2992912372958612 1.5561735432122634 1.1186734356879178 1.4088820507742335 1.789214734489354 1.9836349823981756 1.428368097695342 1.665459035759754 1.2662969473681163 1.5287335726652338 
1.686502680776562 1.8938522691927506 1.297893990843062 1.557855557080479 1.117628207708865 1.4111973412413057 1.790719023103996 1.9872241305314633 1.430703372088893 1.6701189371318828 1.2694393006782678 1.5342298600165913 
1.6852266165931067 1.8942624769745746 1.2965631364780699 1.5586268152684433 1.117109978683321 1.4128610288608892 1.7913600587190308 1.989274350705264 1.4318023877525312 1.6728119021497456 1.2715804399147739 1.5379071485541151 
1.6893106993360103 1.8982174169075365 1.301849944844305 1.5634167716418805 1.1232219010022553 1.4181276958902962 1.802841434849754 1.9999239890983656 1.4461258172133986 1.685449080266479 1.2876700040037898 1.551629067197157 
1.697845935100915 1.9056207078111582 1.3123681758327959 1.5719477382021008 1.1347736155457178 1.4270321023854717 1.8273870454445877 2.0218933890189907 1.4761344191701176 1.7110471314837299 1.3207474221283568 1.578950035865195 
1.7040487741080328 1.909441447004618 1.320089240823926 1.5763311894202594 1.14272282857178 1.4310834629535376 1.8445498059361503 2.0358163968244014 1.497069592830971 1.7272526684822604 1.3432785358886257 1.595801253282842 
1.709371824518589 1.9140639727600564 1.3266942421138377 1.5817099827142809 1.1506757621754313 1.437269483088683 1.8580080335827425 2.0478971434664412 1.5133933495486263 1.741277774457025 1.3617255700243018 1.6112061896039285 
1.7149052554968192 1.9214423588363534 1.334317111833094 1.5910508659155462 1.1594096577701127 1.4475052530234942 1.8684796191905895 2.0596739524329113 1.5266689906232491 1.75549392192927 1.376425372670313 1.6265262092971664 
1.7221058130793154 1.9291927750853646 1.345160285706343 1.6017467110131898 1.17247800706093 1.4597400484475207 1.875124685748009 2.066937086391739 1.5361967158868588 1.7652299232399078 1.3874973270970903 1.6374630269723864 
1.739657318652688 1.9453865734557387 1.3623750646359687 1.616844813388675 1.1892812817588023 1.4739441308889085 1.8881640637513097 2.0792510347434865 1.5475211669123818 1.7756528646900158 1.3975499677799932 1.6465926169766034 
1.7420090811268578 1.948894337907635 1.3717918185819742 1.626470502384977 1.2019635719639925 1.4860383339363894 1.885357895628424 2.0780201866701007 1.54977145070118 1.779152902650146 1.4016758484786844 1.651753215770576 
1.7530956604460068 1.9604363869390458 1.3865576514067564 1.6408865144288984 1.2184243294823935 1.5015073357245443 1.893290587124602 2.0867476320472056 1.5600471061139853 1.7898920095510287 1.412714656006166 1.663048144779525 
1.7593330509052458 1.9666574306796698 1.3944171427544771 1.648298466190987 1.2273400311272993 1.5095867704930248 1.8975972107925223 2.0912589127239984 1.5652544708153877 1.7951351548135754 1.418444902845211 1.6686745063215775 
1.7635909290081357 1.9715473216891803 1.400661897846793 1.654871484091674 1.23484430568383 1.517097998172755 1.9003798065017898 2.0948005360271846 1.569408868383182 1.7999416859831268 1.4233871235049798 1.6741495692260533 
1.7634061829713907 1.9726914984410842 1.3992914651857666 1.6552724810198864 1.2331599097204426 1.5174299802039402 1.9023621630072782 2.097830350891542 1.5707950336188772 1.802583540233775 1.4248030727232903 1.676894205941964 
1.765161541790238 1.9736170452028656 1.401514884906789 1.6563855061896944 1.2356958349914797 1.5186550527079183 1.9039861952375838 2.0986977877139172 1.5727721181580279 1.8036022588573375 1.4269941694538524 1.6779992050520436 
1.770710848086734 1.9798803518223116 1.408606679641993 1.6639357192908744 1.2438569726186528 1.526987055718561 1.9090278759442043 2.1044944122358795 1.5789690628799666 1.810428844647599 1.433928412415362 1.6854257598399403 
1.7768360158878393 1.987478473019562 1.4164139180889779 1.6730668966649749 1.2528216422764138 1.5370382300763277 1.9125517784562514 2.1096868863971663 1.5833308135939785 1.8165519311696459 1.4388433359042847 1.6920976918121986 
1.7833654941052268 1.9946327222536937 1.4247583905930086 1.6816966678581426 1.2618630898656082 1.5461130840547144 1.9167408534241606 2.1147252091714375 1.5885337532407613 1.8225275570770336 1.444230407928451 1.6982251565399626 
1.7897539941246954 2.0001303262400927 1.433787533313531 1.689096993409585 1.2720964200426397 1.554197948893673 1.9199253337162099 2.117407672014367 1.5933112119875703 1.8264562903900274 1.4495251737880581 1.7024761942257225 
1.7991677967972304 2.007299268876517 1.4454422524031183 1.697512562201588 1.285129226588595 1.563266683209298 1.924852393777819 2.120684401704365 1.5991733120059874 1.8301914860560904 1.4558877380595663 1.7064157464206078 
1.8061176808210617 2.013809698276987 1.4541005264335924 1.705220444656482 1.2943267303793313 1.5711938482804884 1.9280675731556844 2.123867460684506 1.6030570266383073 1.8338921054834305 1.4596798192255895 1.7099805842624207 
1.8125339748100118 2.0191042327726865 1.4621042978668042 1.7115056151823107 1.3028111397438156 1.5775992389705884 1.9314824744689194 2.1265293419420717 1.6072007084308357 1.837007514992952 1.463783455699845 1.7129403078159438 
1.8235169470839723 2.028639950489601 1.476525550981916 1.7234540014524469 1.3188208631586211 1.590425874262127 1.9360673823455758 2.130380928707927 1.6134653871039348 1.8421282658388505 1.4705207655053534 1.718312344773921 
1.8340118100999157 2.038309089717742 1.4877345057455547 1.7333374124001275 1.3299551118688067 1.599964132481091 1.9453298955051221 2.1390215118100073 1.622979680201194 1.8507208509080915 1.4796924282924373 1.7264397782679735 
1.855442573080633 2.0586390511597896 1.5124302463254562 1.7557826889908899 1.355689993324462 1.6227208505963309 1.9616046380858911 2.1548132998290317 1.6409359719867438 1.867618393869604 1.497705235405178 1.743114618468929 
1.8658792453507005 2.067934870151983 1.5269801960177807 1.768196196124881 1.3723094985572677 1.6364848391569349 1.9714748381276643 2.163691823326626 1.65435068778373 1.8792885534506134 1.5127594121242476 1.7559300407278473 
1.8682550087431347 2.068317385193532 1.5266213576698742 1.7658235466472323 1.3698323845251323 1.6321767030238516 1.9831396504517302 2.1726488214605255 1.665244386026811 1.8869549261690939 1.5227957371866425 1.7625172014462185 
1.8733410980140854 2.069460527337649 1.527906324192887 1.762883359785502 1.3683590908488237 1.6265505237184057 1.9968865570754437 2.181929404570327 1.6770947462289123 1.8936490679449083 1.533152195259368 1.7674319388674122 
1.866277074447535 2.0608561839508477 1.5222160052398772 1.755357416291181 1.3627050358050525 1.6189821206327295 1.9963169209392706 2.1793162554224317 1.6791166418174914 1.893032168017345 1.5359870262565534 1.7673127162866367 
1.859490448475372 2.0497902723135213 1.5167593058791957 1.7448479086932303 1.357716456396968 1.6085177675335574 1.9951476059056732 2.1736028620360113 1.6803178370032081 1.8887571219855503 1.538279304076844 1.7635868705145032 
1.8580776818201923 2.043167475841934 1.515937906933625 1.737857416573149 1.357293190021338 1.601351137739097 2.0047684044243863 2.1774244000741563 1.6925458402590756 1.893882806310438 1.552059434228696 1.769454478091567 
1.8668513159272433 2.042825534895058 1.5209602032200842 1.7324324719940107 1.3596339079985023 1.592672814491187 2.0222179043068724 2.185719008184556 1.7080841186836435 1.8988295570533125 1.5661531791300873 1.7722409855150283 
1.860106561073975 2.029014945950485 1.5185493368838727 1.7213068642431104 1.3603491311242308 1.5834945503191509 2.025761534551994 2.1818833670043984 1.7174706591003088 1.899107868766398 1.5793236320876256 1.7751530545872516 
1.8621912273397836 2.021995994056677 1.5203341706286977 1.7123456494473448 1.362004748002462 1.5734575197256675 2.03662806430169 2.183704537042786 1.7295992875522497 1.9005855224907005 1.5922168943649762 1.7764758009894897 
1.8650389386329418 2.0159659705007646 1.523801379122978 1.7052035639820513 1.3663721028391533 1.5661166224189977 2.0473261870246984 2.1857019622256573 1.742166730389801 1.9028645427557604 1.6062835978982946 1.7792963633068801 
1.8669273156052033 2.0131888812361476 1.5269845178497554 1.7027018492774506 1.3708929621793418 1.56424402940617 2.0570276522577062 2.190633386017124 1.7543166413600624 1.9092246457483337 1.6202754932889807 1.786842059033996 
1.8706522730986777 2.011674824858443 1.5313129631950648 1.7007101650102667 1.3764977209023086 1.562767305061521 2.0680672836175447 2.1964512204210793 1.7670545418773156 1.9157185148369915 1.634719651306991 1.7943812338768061 
1.8737343721919335 2.0095758415729175 1.5347028350574907 1.6978890886726081 1.3814018844396803 1.5607003978449865 2.0768657520488656 2.200201335681237 1.7770210033743268 1.9197182636870178 1.6464391943930086 1.7995212103038682 
1.8659243634182499 2.0007091055717723 1.5247600132472652 1.6870258720949718 1.3714701841446646 1.5498689173984361 2.0725299851818306 2.1946625559747903 1.7716094116587324 1.913050731841108 1.6415350363235626 1.7932653095952644 
1.8686852371855058 1.998048215543121 1.5267858354317576 1.682642904253618 1.374309346135378 1.5456190781803418 2.0838655351905624 2.200615305934922 1.7837000982101923 1.9188012393979346 1.6550641171734255 1.7998470457000089 
1.8723092878295027 1.9951605639277807 1.5307632401167135 1.6787971002633462 1.379787304367097 1.542380177470075 2.0917172119606944 2.202363389945588 1.7924773144485315 1.9204422744182186 1.6653984000270385 1.802408232718831 
1.8750134788380615 1.9932943769861013 1.5345373776563445 1.6770068249486674 1.385534518164167 1.5418342415851356 2.098537743740724 2.2048599931524926 1.8008303861009258 1.9236779894266116 1.675676286489849 1.807052280539888 
1.8801414043723332 1.99320908951248 1.5406274268736 1.6767479364875237 1.3931259657458006 1.5423199183422256 2.1051351132540566 2.206704470275793 1.8083680524315755 1.9256546385931121 1.6844768033591824 1.8098101765475763 
1.8863690337258747 1.9945280922864663 1.5482555307829162 1.6783472132189723 1.4021118093076206 1.5445619784650568 2.114122615980419 2.2111690606825816 1.8188516961533423 1.9307966418346316 1.6961850812337342 1.815708679639961 
1.8896742293962867 1.9950426651789805 1.5522448246473397 1.6789254117692214 1.4069916055344645 1.5456234731280611 2.1187726562150195 2.2132609677497252 1.8242239092623609 1.9331630592799072 1.7023378787786076 1.8185930815233105 
1.8895047199634751 1.9934601810932293 1.5528894144671894 1.6778322146163038 1.40812579706653 1.544821564843089 2.1196411627311473 2.2128113488465866 1.8259562167654104 1.9333317129722594 1.7045435847593484 1.8190998431048941 
1.888552584934039 1.9926167290427532 1.551046838899793 1.6761971421229187 1.4058548313609909 1.5428280428035526 2.1202030278869617 2.213402684163241 1.8260274668966618 1.9334598192517578 1.7044230168186065 1.8190515064343395 
1.8853403745869681 1.9904960865291168 1.5473787409835156 1.673901822236815 1.4020769194476206 1.5405797708939741 2.1185463523434485 2.2126466029322733 1.8243111815224204 1.9327901152136848 1.7028065089809028 1.8185478683465357 
1.884086965787397 1.988345510320065 1.5465474510178987 1.6719877966091619 1.4014098693280135 1.538727979731947 2.118217498428799 2.2114654743879587 1.8245193049814408 1.931995048650477 1.703235537983505 1.817895891301248 
1.8835906266351428 1.9869501269049936 1.546566761813977 1.6709057145176596 1.4016025716114286 1.537708336066294 2.1191737961261623 2.21155030154138 1.8261579006722748 1.932591481986757 1.7051315779692104 1.8186618311956102 
1.8825016881417582 1.984649880159362 1.5454828944561534 1.668394413205873 1.4006741477790507 1.535223309234383 2.111688102949053 2.203236071122786 1.8176719768254586 1.9232664808332127 1.6962612141225684 1.808956784308727 
1.88480052085786 1.9894332609630463 1.5484174338420698 1.674206751218636 1.4035448319972041 1.5412040072054252 2.115324710186609 2.2090654870161863 1.822010476239382 1.9300502252340637 1.7006068685989892 1.8158841972785764 
1.887784682504329 1.9922506644641809 1.5528251522621501 1.6782722234661367 1.4082355554018546 1.5454640345404258 2.1187761688526634 2.212361669406241 1.8266765996470118 1.9344454249882497 1.7054644017680256 1.8204231728523919 
1.8886026893721717 1.9922983611758052 1.5544305394271563 1.6788945599839793 1.4096557045973317 1.5458207681176364 2.120990136126003 2.213827409529433 1.8297631926410038 1.9366119856036725 1.7084812684790547 1.8224546321880826 
1.8897927634663991 1.991288183922651 1.5557172907858197 1.6775482799102892 1.4103885595288874 1.5437317874002499 2.1238310012168977 2.214626393843885 1.832920544303536 1.9373976526025756 1.7112969706424335 1.822758696127924 
1.8905680532253792 1.9898127720558034 1.5563290155607845 1.6754901696627171 1.4101890530976335 1.5406948008727752 2.1261816522951182 2.214894065754929 1.8353639582808638 1.9374385573009536 1.7131940987980316 1.822125496258806 
1.891689998186278 1.9908046957042271 1.5574129773563594 1.6764090996048668 1.4105680397761748 1.5409459698633174 2.128010827302812 2.216583490040021 1.8372463672349442 1.9391458173943494 1.7145381963426767 1.8233083979179163 
1.8925608377821757 1.9901693375003973 1.557980230525012 1.6751984556842123 1.4101435220241838 1.5386657271567368 2.1299961316929124 2.2171763547915555 1.8391300647389706 1.9394295197935836 1.715692789816047 1.822797085867423 
1.8907729812339107 1.9858418596867604 1.555747954703515 1.6699991388273738 1.4071007250954601 1.532474429047405 2.13059274631361 2.2153940678272503 1.8397702798567461 1.937343569882268 1.7159065926338095 1.8201320995367811 
1.8901952922167196 1.9842833345866335 1.5551325514946466 1.6682264120670942 1.406006494550523 1.530162204447048 2.1299067661327924 2.2138303777882915 1.8390491680263064 1.9356249511768155 1.7147941137111036 1.8179826626286206 
1.887099426581615 1.9824094135633687 1.552532301050339 1.6670810967030547 1.4033973513601414 1.5291589070415998 2.135885936445263 2.220543080123567 1.846949115028527 1.9442283483903477 1.7234815384867512 1.8273454656097896 
1.8824442959632697 1.97971135398185 1.5465621086153152 1.6635849462785632 1.3964481602281733 1.5250337641785672 2.1322308796245895 2.218573650277279 1.842462035545007 1.9417329554046947 1.7183944427356166 1.8244286718051352 
1.8774913503617694 1.9766522159153996 1.541259831009444 1.6606209918832353 1.390868808580903 1.5220697272737738 2.128684767409975 2.216636878472263 1.838968986960699 1.9400997775896114 1.7148880753574736 1.8229156104996356 
1.8730653460270654 1.9729101713173587 1.536772544161136 1.6570065196273338 1.386385312417688 1.5185733397131302 2.1255567124844 2.2140442840168055 1.8361065873166214 1.9378565874665465 1.7122154601531578 1.8209015721854627 
1.8693060794748864 1.9710780902749059 1.532929435023599 1.655510879445306 1.3829455545182427 1.517689700156712 2.121544804495481 2.211740485835029 1.8320807273375728 1.9358107889671887 1.708562420715664 1.8193485550278072 
1.865488970427684 1.970251510134516 1.5291264979678234 1.6553156077278255 1.3791586546831152 1.5178670920694408 2.115174757093924 2.208122770012424 1.8254158433210061 1.9323521716931777 1.7017619542836597 1.8159944007202613 
1.8618515949107892 1.969469119339486 1.5255011855360354 1.6551347732531783 1.3755229887834843 1.5180186900140098 2.1077996419090335 2.203437446580195 1.817548303630979 1.9276408084993037 1.693632622982874 1.811272677481734 
1.8556703373777492 1.96655778048438 1.5176414428393978 1.6513850707765436 1.3669786746777177 1.5140897595531284 2.096243247322135 2.195010900862146 1.8038733048481121 1.9177580668331577 1.679093221933687 1.8008862126474425 
1.8496036177095296 1.963078560955771 1.510933759581862 1.6478970597959632 1.3597997018105938 1.5105294180796944 2.079556055143544 2.1811000161212646 1.7850604106539867 1.9023891724681836 1.6590886271939123 1.7847181757140764 
1.8591185738641685 1.9718958662228436 1.5230716489012393 1.6588546299259435 1.3738339578299628 1.5229810173560074 2.0780952456003403 2.1795713535754544 1.783789568807582 1.901040941517762 1.658185068617716 1.7837121845540942 
1.8721701976484109 1.9867555604459473 1.539234664683358 1.6767288871379564 1.3925291583887534 1.5431506293822679 2.076808298727374 2.1806671267442193 1.7825136222937792 1.902506562843579 1.6574827050871117 1.7858962247742418 
1.871263822616998 1.9964028484089027 1.537763563047057 1.6878130273034333 1.3920346755146509 1.5561994014698695 2.0630210048410027 2.1771659802861105 1.7661098913757265 1.898193927846989 1.64078880737747 1.7821851614563453 
1.8687661071048272 2.0041573666415844 1.5350538704109802 1.6972773409975548 1.3904359054137412 1.5676963973498599 2.045299735550692 2.169702974013662 1.745667388205362 1.8898980441927893 1.6199618057978187 1.7744396973252514 
1.8682036154372306 2.0126569424849183 1.5347653344836596 1.707661515445242 1.3915857843240351 1.5802260010937486 2.0313584950699224 2.1649527835250217 1.7296639033906962 1.8847653535898679 1.6039774256181847 1.7701262105546993 
1.8718134230755823 2.024034496466384 1.5402590043255482 1.7220417975432332 1.3993687827038053 1.5972673984295582 2.028371580590186 2.169636241637277 1.7271373942295183 1.8910403831293316 1.6027597350027016 1.7781644806445578 
1.8808644028114547 2.0391954371328143 1.5512224444493092 1.7398155652894045 1.4129302751952375 1.6177265194164585 2.0404345205282355 2.1872448792083823 1.7412676999712853 1.911198663672432 1.6192881440198623 1.8007668428820234 
1.8880157042488523 2.0517782993760045 1.5603335080329108 1.7549448842030024 1.4249384313331892 1.635738494806028 2.050241994031507 2.2019725530510796 1.7531484794193244 1.928398423871553 1.633811025697369 1.8205848944749292 
1.8892264874661506 2.0577658165067496 1.5627118790563057 1.7627512165883448 1.4290479743324538 1.6454183503242237 2.0546545286601567 2.210617259225054 1.7591182246067745 1.9389998356842866 1.6415257001167207 1.8329839221290758 
1.8851302272238595 2.0576071069844892 1.5569498315594759 1.7618523806247446 1.4228790751125269 1.6445716449924217 2.053354565717543 2.2127575569124334 1.7568841102796395 1.940791799774793 1.639247956031387 1.834983622399143 
1.8806378328615054 2.057316700172829 1.5520015347898402 1.7619483847179007 1.4185150508859676 1.6455814461794407 2.052949331038158 2.215931926352888 1.7568469089280432 1.9448044651918146 1.6401180588634527 1.8400382043397958 
1.877409238036196 2.0566122089260412 1.5478024889060134 1.7608750312000139 1.4136073437357526 1.6441636333113714 2.0530117267672026 2.218072469754685 1.7566685082404279 1.947016327277111 1.639657715940632 1.8421361937391194 
1.8760481442840427 2.057735659347818 1.5456268803535995 1.7617269531206021 1.4111649750725817 1.6450246171263212 2.0613065094622876 2.2279371467865965 1.765896469092002 1.9578329202543305 1.6494891552088482 1.8535193220551005 
1.8778454398950302 2.0606273356758518 1.5472038762020213 1.764573986812273 1.4122303257381779 1.6475059979661866 2.0711376714778185 2.238189619896974 1.7768364000702372 1.9690172962710513 1.6606330874141224 1.864828080927183 
1.8797846647329928 2.063992030567301 1.5481362671823595 1.767257371818075 1.4122087019153118 1.6494866274830269 2.0839834375074413 2.251546065326075 1.790564850488619 1.9830772048221748 1.6744342327500743 1.8788833695270524 
1.8785776630277653 2.0640499847452483 1.5454385608062393 1.7662470520079743 1.408415341590278 1.6476899216560317 2.092249623975796 2.2602559130609214 1.7991205624490152 1.9920047946043857 1.6828809308524653 1.8876801982663431 
1.8774721910729757 2.0646110466459198 1.5437083339324045 1.7665651320945854 1.4055749756780533 1.647227354657626 2.0963793044800743 2.2655072575324846 1.8035908017763786 1.9976628158756822 1.6868744387927515 1.8929506908349092 
1.8752469355004744 2.0638976644261993 1.540741620487978 1.7655048120081462 1.4020308174587035 1.645847171891704 2.0936668936638227 2.264191591218358 1.8002151909213298 1.9959702487121194 1.683027155343585 1.8909529094464304 
1.8735072720924384 2.0629653424580963 1.5386510915029599 1.7644386322519834 1.3992437901178085 1.644286985225891 2.0851870656090425 2.2569451929950026 1.7903694538790729 1.9877674126977858 1.6720821702844777 1.8819286091090834 
1.8704672588803846 2.060222514764728 1.535020598084436 1.7612942060721994 1.3953304363280763 1.6409802163169123 2.0691101744574887 2.2421164014929063 1.7716820775871442 1.9709709353117058 1.652124745303302 1.8642385088404059 
1.867870963961076 2.0667749143651033 1.5320272056360096 1.7691025881640894 1.3917035818050048 1.6490771565481341 2.0455444529828437 2.228647284289033 1.7442527138946582 1.955769449237021 1.6223899132849908 1.8479084499424967 
1.8683812695777084 2.0682302558005503 1.533015686321836 1.7711196789062025 1.3926740108542306 1.6511416423217027 2.0309700162801048 2.2162055476712466 1.7274628022127743 1.9418690881541965 1.6042230328195672 1.8331010232741702 
1.871999196734713 2.067835468835809 1.5376928475399143 1.770892946221033 1.3975991965422025 1.6507107704790112 2.0333379597389634 2.21495503162376 1.7304859315566279 1.94065558327989 1.607285220524164 1.8316463396942682 
1.8760419902017758 2.065326424650651 1.5430282253414032 1.768325704037647 1.4028935025155116 1.6474677146336556 2.035487439361943 2.2111645816538035 1.733381571091674 1.9366598468394598 1.6099024026941011 1.8269716575689507 
1.8821257550025636 2.0633870930787492 1.549681552979182 1.7654126582428171 1.4099100941705363 1.644084977087246 2.038693788636236 2.2071341830672573 1.736487236297454 1.931464951808334 1.6129852695619913 1.8212332135297693 
1.8860612017081444 2.0630510302531953 1.5531017457297414 1.7638247445335293 1.4121760543886763 1.6410953370931163 2.044227840395676 2.208578764791686 1.741770834366212 1.9320244139991527 1.617368793889869 1.8206686992115753 
1.886117822623828 2.0581448937864533 1.553886593808972 1.7587164380363454 1.4133146047569345 1.6358417206500298 2.050853899432929 2.210095400614926 1.7501785115865323 1.9343331629838871 1.6266589833211045 1.823331953051679 
1.8879180461417437 2.0536927005147727 1.5544257881763477 1.7520441461754495 1.4126084075028222 1.6275385316936921 2.0566309369567644 2.209785050643537 1.7554873377064444 1.9326548972974094 1.6312445478369146 1.8205433073804258 
1.881733106360987 2.0412124044045417 1.5477726586210814 1.738168230953198 1.4052072452044113 1.6125247279638755 2.057342830384613 2.204152471598771 1.7570828782203105 1.9269065460615806 1.6328954161657048 1.8143803450365557 
1.875702713945656 2.028576801342039 1.5397645304081722 1.7227123895018284 1.3956415826074757 1.595204875538907 2.0578246672063925 2.1980685905592434 1.7570590482289146 1.9194060713676768 1.632236844628591 1.8058406033764718 
1.8654751323532808 2.0106961095920215 1.530761496454784 1.7047381425686732 1.3869343634896678 1.5768602678514319 2.05366782934059 2.186424690898017 1.7552164660999765 1.9088442101356753 1.6313004053418518 1.795561858630465 
1.8558763562391218 1.99169364436587 1.519505055749207 1.682694903364065 1.3739598608574415 1.5525244676356635 2.044301169174297 2.1683481716844737 1.7446449022902626 1.8884788477627703 1.619461614206215 1.7734775000679879 
1.8541672104210156 1.9885287011759347 1.5185403846458778 1.6799628719112962 1.3725702296787767 1.549277052886426 2.048717120531883 2.1710716688217477 1.750791448334281 1.8925065513124253 1.6258089774510565 1.7775165772392811 
1.854673211112734 1.9865943142975164 1.5193539353354175 1.6778500023539709 1.372646480933536 1.5462543811414795 2.0572573023905445 2.1769363467541307 1.7609461289429669 1.8993881958723497 1.6360480585359405 1.784207807240855 
1.8552529369547701 1.9855325742982157 1.5202613793947737 1.676773927874387 1.3728339241435215 1.5443604264546862 2.064624615095757 2.1824415100477035 1.7697191875716611 1.905854702326308 1.644805254265471 1.790463757795533 
1.8616244175059076 1.9909401989397397 1.5264384540014084 1.6817288002987314 1.3779079634918328 1.5481691638042046 2.075661237623859 2.192388418431873 1.7812182503483986 1.9159686477795532 1.6557036139883883 1.7998755127158683 
1.8641857624484557 1.9968941302621754 1.527711329052557 1.687097956692358 1.3777834564674993 1.5526380336303534 2.081917510900835 2.201539945755137 1.7869230174228352 1.9249653193643594 1.6605659331070026 1.8082800747548844 
1.8652112949508455 2.0017914149112066 1.528904876574148 1.692839571729173 1.3785260927571195 1.5583612810937681 2.0833545941563116 2.2064727641627964 1.788547822059061 1.9305592469002888 1.6618325362659772 1.813792455765601 
1.864672216719381 2.0053340201236227 1.5289109046001241 1.6976249911759576 1.3787524479054134 1.563752016486364 2.0847419286533215 2.2114499690350606 1.7907302944567531 1.936769744689639 1.6643631652632696 1.8205677142982541 
1.8577864969547417 2.004296970108814 1.5244883389082942 1.6999706972731532 1.3756768525592666 1.5679038487060901 2.0801475337935456 2.2119786252284106 1.7887727048307087 1.9405008285665248 1.663769784780145 1.825914996068374 
1.8586716429423271 2.0080816126039127 1.5248553204412314 1.7037943640234083 1.3758094127741423 1.5718088391652243 2.0810756284762766 2.215537690502676 1.7892454396862185 1.9439986445566082 1.6640513920663418 1.8294257355897041 
1.8604271974220705 2.0149379601932513 1.5251795994268151 1.7102509865594993 1.3751863088715435 1.5779489886012603 2.08368770798499 2.2227325729668292 1.7907366970070557 1.9507751137759934 1.6648430831786338 1.835888917698383 
1.8642642507199911 2.0226044528954668 1.5286208754666966 1.7181761717799984 1.3781451466781611 1.5857905352449833 2.0871614866541996 2.2297288282956225 1.793723405593117 1.9577771150293308 1.667346970541096 1.8426864889428614 
1.8806188091541705 2.0432209156144743 1.5421869352787456 1.7367685936832373 1.3902416988942787 1.603370383287795 2.1214715733151954 2.266862642738737 1.8281835450480486 1.9950638283133826 1.7019654850743744 1.8800827420739892 
1.8839126264913615 2.043573530009033 1.5448123534764926 1.7359467721544863 1.3931570301489995 1.6024832289149176 2.1276950990434647 2.2702758472911566 1.83423140789094 1.9978665736213668 1.708463099072842 1.8830592527038494 
1.8729815178400988 2.021896629249527 1.5321273150004866 1.7109705791072505 1.3798156878984238 1.5760385610036958 2.0928749262033315 2.2271353057078955 1.7942908905555421 1.9492270296531906 1.666120350734184 1.8319288294938207 
1.8699128356115908 2.007487204862083 1.5270018818537783 1.6926800087686331 1.37521705980728 1.5571296755520974 2.0890485926097986 2.21304199851358 1.7886544542434628 1.9320237114448102 1.6609551381915708 1.814442844507641 
1.867120617040048 1.9956116280418916 1.5226536018990038 1.6777366786167638 1.3709392780776288 1.5413633171890428 2.0855989957074703 2.201374466622162 1.7838323249947035 1.9179113991777643 1.6562180642946778 1.7998290607432723 
1.8612621820219635 1.9801166486409736 1.517323455504844 1.6609742624812585 1.3676108024672664 1.525425953307849 2.079209928955025 2.186247689687781 1.7779447367860344 1.9020127547062244 1.6520218901289294 1.7848645207592537 
1.8591558986788868 1.965191816121902 1.5138903110835011 1.642370875457946 1.3649887224415078 1.506224561927105 2.0758516532720974 2.1713309984782376 1.7732916581297336 1.8841660020689526 1.6479968577617192 1.7667517827223211 
1.8583893085779957 1.957778119562327 1.5133618860791362 1.6338753139199456 1.3653941754076 1.4978603397636912 2.073517487516563 2.1630439464414493 1.7709116711561308 1.874943329873466 1.6462579393998378 1.7576830050486918 
1.8612530206931055 1.9629782737053432 1.515592063531348 1.6389143354791944 1.3680415925837963 1.5035154455605733 2.074947632987206 2.1666630046315944 1.771486431119135 1.8780801558078424 1.6470223652516713 1.761165400420758 
1.8595897749360666 1.9631524970227785 1.513550224157352 1.6391241187191319 1.3657805208183234 1.5037453330157904 2.0725294754976997 2.1659344455284812 1.7686544537604767 1.8772405739080886 1.6439771065336555 1.7602710934190704 
1.8568911359060176 1.9601087501580976 1.5100684350738347 1.6353251360039507 1.3617381049990267 1.4994373239473333 2.070030779627767 2.1631017198565443 1.7655847237123286 1.8738385838823843 1.6405222962844301 1.7565007903346754 
1.853632896777482 1.9570999846138877 1.5071343263344776 1.6327091937560958 1.3586002058058433 1.4966896648857038 2.065935847100698 2.159253657654811 1.7617008502965763 1.8702607624862584 1.6364383665557587 1.7527737906802692 
1.853396247123569 1.9581410695482921 1.5061257172134503 1.6332952811576142 1.357222466381886 1.4970943933672751 2.0646838415340323 2.159203131919674 1.7596182519773231 1.8696243451805312 1.633981193249093 1.75189421464075 
1.8518912810944652 1.958817979587103 1.5047761123149517 1.6345695789270336 1.3557443193293122 1.4985023255082723 2.062551847831637 2.159070792066277 1.757546572979988 1.8698760697847598 1.631766364218144 1.7521780810048104 
1.8522848767355413 1.9624978569830847 1.5058523786159121 1.6395212594727768 1.358132772516443 1.5049794689175 2.0615258121942595 2.1610939934262925 1.7568496793815913 1.8726877395933363 1.63200920265273 1.7561015379593514 
1.8524497241499702 1.9672943120954984 1.5060478081732 1.6452528469518903 1.357803999295664 1.51073115755362 2.059235326028402 2.1631289970464778 1.7541551094368195 1.875029887192015 1.628653384843841 1.758177686658348 
1.8472734572786376 1.9653256657781095 1.5023631158831643 1.6453512325841464 1.3556171133347978 1.5125420670401766 2.055018363233324 2.161755356146058 1.751506831053242 1.8755964186962424 1.6273840988611663 1.7602456509891369 
1.8460095025247352 1.9689453548972913 1.5015469708975542 1.6503448224451822 1.3555303936878804 1.5187025302446888 2.0539691811299456 2.1651291241382395 1.7509087981478704 1.8800734949973685 1.627421568565324 1.765643137497388 
1.8464308174524844 1.9729438346892314 1.5018476235751248 1.6549159784225451 1.355622707554816 1.5234544746851644 2.0537827554632573 2.1682306652748573 1.7505036782132881 1.8834711940027782 1.6267851020458266 1.7690761372643775 
1.8454458092197477 1.9777141463939447 1.5024740944078638 1.6622609345246404 1.3567434001928036 1.5318079723146534 2.051694989443297 2.171436238941114 1.749631532439539 1.8886221192675707 1.6262025546981318 1.7748852805144142 
1.8454289703744222 1.981598502516895 1.503817193111317 1.6681099156761823 1.357606620452773 1.5376021190077749 2.053300963867012 2.176503937211509 1.7526844878121106 1.8955282784219287 1.6289666968410375 1.7817567285960227 
1.8458044978339527 1.9864161426055846 1.5047717079424539 1.6742737949344038 1.3581474227137678 1.5438326558290085 2.0537939208168017 2.1810374404315143 1.7536855812784828 1.9011228170121075 1.629613342723988 1.787314883887014 
1.8468307374690216 1.9902199799771807 1.505226158442767 1.678063641194925 1.3577594349737991 1.5471594872864174 2.0560441470309847 2.185751433804944 1.7556308124831854 1.905893844257956 1.6309642684437848 1.791713213876699 
1.8461012850031522 1.9939010039343201 1.5046168796375674 1.6826833372593577 1.3563384365600977 1.5515170683850983 2.0570302625120247 2.190644827417327 1.7570303073340228 1.9117287359587107 1.6318509432207007 1.797356047056423 
1.8542191224848614 2.0036733488691536 1.5138301235569762 1.6935938054234048 1.3646822383941728 1.5617093028372886 2.062499992404492 2.1978363345455296 1.762798714393827 1.919384704077984 1.6365009246158493 1.804082484546793 
1.8672825614497017 2.019571233072545 1.5286307084100332 1.7113256977718063 1.37926284699261 1.579332074724679 2.0696540564292767 2.208028920656195 1.7701512906229684 1.9301190100235166 1.6428906689412295 1.8141150876540773 
1.8719592318408245 2.026381092211949 1.533468275535588 1.718579040159076 1.3821014646089085 1.5849900389826084 2.073704697987177 2.2141003002696356 1.7741321148251867 1.9363712779459652 1.6450605664394518 1.8188494254484318 
1.8757739978601287 2.033634647523534 1.537858655354311 1.7268905675832993 1.3861622115207763 1.5932945318453113 2.07829557549165 2.2218132882103685 1.7792677291257122 1.9449769768478418 1.6499182054599462 1.8273948323414317 
1.880634969443092 2.037779375391806 1.5425516306082658 1.7306710916786643 1.3894852492531975 1.5957525348161663 2.0837489172528008 2.2266042406840554 1.7845691902955794 1.949472772170009 1.6540528769517073 1.8307506149752402 
1.8831397525167215 2.037654060278324 1.54611279520892 1.730977618968177 1.3929774669781056 1.5956832283911302 2.0872153542480323 2.2276190600883132 1.7890548854098187 1.9510346293361223 1.6585049987891924 1.8320637469446144 
1.8842488239676416 2.0355067865333782 1.547427646070549 1.7284173590957248 1.3938859813569544 1.5924234287473418 2.0897579318340775 2.2271018075210303 1.7919896492065572 1.9504156352591722 1.6612082085227728 1.8309852428306024 
1.8862416429968087 2.0343834251230275 1.550958768689645 1.7280860762170673 1.3975048438468112 1.5918002931320563 2.0925237068992315 2.2269853723307884 1.7961684303915655 1.9511610428089476 1.6654632138643293 1.8315501907879292 
1.8884041203689241 2.0346470757815296 1.5537842191972249 1.7285728220084713 1.400350912388152 1.5920745205505706 2.0964320457831036 2.2290683981758677 1.8008893915469462 1.953694244692943 1.670311311877618 1.8340279386493352 
1.8899820893074015 2.034556196575256 1.555781030191193 1.7285373102779038 1.4026542446029848 1.5921135477794195 2.100266704845547 2.2312567872395976 1.8054203243241642 1.9562538604697424 1.675269191348892 1.8368215707037987 
1.8919005188249542 2.0362851032922995 1.5584323308793777 1.730861282336089 1.405446337193324 1.5945058342602985 2.1050745277567087 2.235734379610004 1.8112875321743178 1.96161463416496 1.6814668004483853 1.842416904441047 
1.9383582252094194 2.0774986821553005 1.6097263510413844 1.7748202980462586 1.459752458890551 1.6400138433431013 2.245134304120137 2.366304335595278 1.9684040132902112 2.1055599076390608 1.8477750608602255 1.993248815541354 
1.9404591876374107 2.0772067645004526 1.6123547211722489 1.7745686322276857 1.4627595957252988 1.6398389306533856 2.248576762462523 2.3675944628011023 1.9724105416181592 2.1070855294188795 1.8521288380365013 1.9949404292575856 
1.9426937007185718 2.0774217969376414 1.615048445468934 1.7748250586442653 1.4652478519389203 1.6396870967326722 2.251659050529547 2.3688796903624336 1.9759279203026663 2.108533531583413 1.855494794557942 1.9961170908069543 
1.90507430221779 2.043001014667051 1.573457808449467 1.7379052114343292 1.4215459376926936 1.6016672257153168 2.130078403216792 2.254280162892492 1.839482367909679 1.9819789178522056 1.7113499816959123 1.8636694473029813 
1.9111004609372737 2.048321650946125 1.580371084206067 1.7438146053220969 1.4292731284798788 1.6081474713889459 2.1380154442367014 2.261509817297873 1.8483446193268884 1.9898980993344006 1.7209377512840667 1.8721493951430959 
1.9139028312806687 2.04748702174743 1.5833770273640326 1.7424872646375813 1.4326699738544673 1.6067738828547595 2.144316468337675 2.2643480679931165 1.8553037162643102 1.9928198454010237 1.7284710939972816 1.8753110087193965 
1.9131323154663664 2.041429367664162 1.58262769711695 1.7355313406451927 1.4325394510734077 1.5998524574352786 2.1470241840001942 2.262094483738842 1.85858764062438 1.9904036335783 1.7325723272295732 1.873276668237156 
1.9136569729848583 2.0365127329073025 1.5825944767544116 1.7291345751252472 1.432262079876993 1.5926944987955378 2.1503494061927633 2.2603768866615077 1.861860584553411 1.9879200027550328 1.7358842772240233 1.870453240515135 
1.9176404233489655 2.0385486826813826 1.5866125161683302 1.730801899369769 1.4373099316647053 1.5950535345442172 2.1562461541906575 2.2644499146287163 1.8679914241403788 1.991915635528272 1.7429608497789044 1.8751662492328514 
1.9207156127624048 2.0403001497841586 1.5900403865025758 1.7326005502738537 1.4417677747505873 1.5976140185943726 2.159492359372744 2.266513508958034 1.8714933117137398 1.9940319585927555 1.7472701855721287 1.8779321972556038 
1.9226661555064364 2.0419768699399854 1.5920155874644883 1.7342254820437566 1.4450150850181114 1.600341522228896 2.1605358035936133 2.2673639651476116 1.8723737457596172 1.9946949229518534 1.749096455033255 1.8794581136194282 
1.9241330352479502 2.042593453757377 1.5937434979734002 1.7349116453965285 1.4483607069140234 1.6023884726658795 2.1599987787710644 2.2661630136185016 1.8717171592664557 1.9932950620248098 1.7495872439785591 1.8790837140192798 
1.9172609399378713 2.0391605843119494 1.585459977108047 1.730886973725162 1.4402638807563874 1.5989516637507997 2.1517721960773284 2.261063900161039 1.8622345209482745 1.9875119591618688 1.7402856427068085 1.8737343715189327 
1.9135003617748445 2.039596190399575 1.5814823864060137 1.731922493615826 1.4375190303131504 1.6015398677187092 2.139913577229805 2.253375047210841 1.8490086592583768 1.9792175240211622 1.7274858743308033 1.8661930316536013 
1.9156757655326047 2.0459201494850503 1.5838382668217519 1.7391145088432016 1.4413150079871264 1.6103926762342562 2.1315037907657897 2.249285226348346 1.839031926544216 1.974338888405162 1.717813646368235 1.8619504136976717 
1.9177079568138655 2.050270893620453 1.5865105368787218 1.7444261558538987 1.4454915702373399 1.6172361637148764 2.1199302537647813 2.240560467924758 1.8257919259398674 1.9645668953810684 1.7046836518331516 1.8525531793789916 
1.9224211973963796 2.0574596612908183 1.5924301567726387 1.753074670925038 1.4527340941132105 1.6272287318748184 2.1095252054950495 2.2332786638167055 1.813898325876875 1.9564417022387683 1.6925807752124948 1.844523428492826 
1.9369749672356251 2.0851556671235483 1.6081797517993597 1.783884594512058 1.4700045321350033 1.6603961746936933 2.1137541036311323 2.250324097337415 1.8172304479667543 1.9744185557924263 1.6961714864415833 1.8635986273491 
1.9532898012501498 2.1121269232761204 1.6284495199016302 1.8159259156771375 1.4928682962900144 1.6954040351573574 2.131020547584619 2.2774959202132172 1.837867069574905 2.005865014847173 1.7188843115893082 1.8974462756525807 
1.9698136735113145 2.136355229181734 1.6481778612613809 1.8440005475194794 1.5138217518427128 1.7249649426153968 2.148728430409981 2.302364355299165 1.858321345099426 2.0340122857426746 1.7402655704380696 1.9267516738158397 
1.9854421433597507 2.1588333251061695 1.6658648830649383 1.8691406125781336 1.532492163969839 1.7513175193519193 2.1613044566254334 2.321598108025797 1.8719941928940271 2.0549800678325227 1.7543627567378872 1.9484274436552569 
1.9818425770429293 2.161011000754082 1.6614892484094381 1.8715809006773285 1.5271655853181605 1.7534261519037977 2.1643233498209455 2.3294986816437913 1.875404512359976 2.0638339638110814 1.757506838501677 1.9573192975547347 
1.9799799818358392 2.1621351232591013 1.6583978923257983 1.8721087393713671 1.5233343461205915 1.753583500387321 2.167946247707874 2.3354867791770197 1.8788171208903357 2.069894039923457 1.7607435175375912 1.9633454350446458 
1.976853576931878 2.1591387313066197 1.6568079832703486 1.8705460940132856 1.5229770195995604 1.7531083818829798 2.1690073880529686 2.3363482287168496 1.881928712313078 2.0725794736579726 1.765248420769258 1.9672396863189698 
1.9811351571472677 2.1611320073713522 1.6603990286930819 1.8715020643549742 1.5257113220019474 1.753108690436771 2.1739422723119697 2.339149427835881 1.8862803150499476 2.074523672881303 1.768876346878133 1.9683796821103723 
1.982180587758131 2.1597537229242527 1.662269073551322 1.8704637751331006 1.5284236138208445 1.752590940432242 2.1759071721572063 2.338817710520675 1.8890925367078157 2.0746486144514136 1.7724589932196373 1.9690371108349305 
1.9777674429418186 2.1512999721937014 1.657770082719742 1.861378295554297 1.5238841543767756 1.7432012012273914 2.1774512563822457 2.336198083622324 1.8915421123307352 2.0723076689335054 1.7753739976468674 1.9668452769652778 
1.9722669711656533 2.1394862607763905 1.651325779714875 1.8478206853617967 1.5165235823919587 1.7284120545896862 2.179416778510008 2.331828027310535 1.8939105891385 2.067477152026339 1.7776007045596431 1.9614863546175743 
1.9677628407778847 2.1270951645486504 1.6467321110448565 1.834167355244949 1.5118977126599042 1.7141405820545321 2.180110727267367 2.324935703335955 1.8953941097160374 2.0603305736328457 1.7795018626419725 1.9542441302575912 
1.960572211302723 2.109593708303201 1.6373521439606233 1.8131365810970914 1.5013086994127656 1.6912924138990424 2.182321946050227 2.3171256536045797 1.8972632194327834 2.050890036592028 1.7811831717744386 1.9440050693844522 
1.9526081599498655 2.092660148706139 1.6278455148762736 1.7934405181055768 1.490976369464922 1.6701971159066225 2.1825796574289793 2.3087229874332693 1.8975922520454176 2.041422108899284 1.78156837337858 1.9340459510318777 
1.945388064613035 2.0773188947628745 1.6193710093548204 1.7756918467287195 1.4814392359927726 1.650872883822025 2.1804880187790183 2.298966521861258 1.895351087276141 2.030535597481327 1.7789478598426796 1.9223357034188513 
1.938669146440457 2.0632555793987737 1.611625567977925 1.7595233723711001 1.472345734995748 1.6329076795459592 2.179898712335087 2.2914065380460467 1.8949557535837531 2.0222370866444344 1.7780107705073582 1.9130885569152751 
1.9351615958837571 2.0533033552262485 1.6075839019420948 1.7480075137662796 1.467622867559432 1.6202225611882368 2.1786994892695435 2.284280134077992 1.8937283501451232 2.0143016979944615 1.7764565696192436 1.9044690100244135 
1.943520855849242 2.058795343185177 1.6176902416473218 1.7545046782271543 1.4787445346377346 1.6272831181822571 2.200202792885458 2.3026630838707103 1.9184735418089482 2.035167236032698 1.802860064292559 1.9265693238035764 
1.9514572941920303 2.0631840030824398 1.6271763899022378 1.759615203212134 1.4885853541719667 1.632307880326282 2.2110713406345077 2.3102768520017856 1.9308945870179657 2.0437457194316715 1.8156368742056546 1.9352208965633046 
1.9560575521033472 2.064353968010462 1.6322200802405722 1.7605506378518454 1.492613531206434 1.631959347422766 2.215435940256576 2.3116125461418786 1.9354941613398218 2.044879900307238 1.8193104220502174 1.9352742880223828 
1.9563557437966261 2.0607338994848536 1.6335834906995266 1.7572397187879776 1.4937546538458213 1.6280661454885823 2.2148577520387285 2.3075725925669275 1.9356812977776197 2.0411169723379525 1.8192223699608716 1.9310273016107387 
1.9634639630244528 2.058326507067256 1.6421306690077042 1.7544544478827857 1.5026628145048675 1.624657751557444 2.217603597461839 2.3020171569898626 1.9388574252573834 2.034867413635515 1.822243264626238 1.924081025080724 
1.964660585660159 2.0541334942906024 1.6436697409292782 1.7496352227725984 1.5039846866396347 1.6191180108832464 2.219006121723534 2.2985998703050776 1.9405533150744712 2.03108846783357 1.8237507749269142 1.9198020951563002 
1.9626091656085605 2.0489607638338834 1.640583743102049 1.7429631358496167 1.4999186709054362 1.6112608398799773 2.217923725634119 2.2946875882199587 1.9387794959537636 2.026146936609172 1.8212926549928021 1.9140304098761676 
1.9598715723555078 2.043729409664413 1.6381654424774226 1.7376188698121489 1.496772184979147 1.605010994830643 2.215319032899607 2.2898409851619066 1.936524684667678 2.0213513237750753 1.8184798077315156 1.9085602246005364 
1.9548184958230521 2.034293255991353 1.6319529815567297 1.7263557668603247 1.4897910042727134 1.5926427522115245 2.212290030030398 2.2828186254566742 1.9329206810865 2.0132600575017374 1.8144941614047423 1.8998480890670968 
1.950844599331441 2.0329465232564896 1.626421925436524 1.7240432695325978 1.4828868562168356 1.5893490315285217 2.206980643676027 2.27987729433859 1.9261924074091483 2.0093018951966006 1.806632873375399 1.8949932070697906 
1.9489879836503174 2.032377083824094 1.623259502486688 1.7224905987706667 1.4788763113977215 1.5871602297352747 2.202653500887811 2.2767707164783477 1.9204425784108543 2.005019238664141 1.8000565071611863 1.8900280102192482 
1.9438623215024387 2.0259912583071156 1.6179258564461012 1.7157283965525691 1.4729512649632541 1.5797548172855336 2.1935248595347283 2.2666255013073617 1.9106634087135415 1.9941601026940765 1.7895630789097237 1.8784503898631046 
1.9391518085488666 2.019963426425919 1.6099791727219146 1.7064511256107924 1.464157142043961 1.5696173559496402 2.1835528597673886 2.2556253232525876 1.8972681126815842 1.979790089605042 1.7752040703531355 1.8631403594196385 
1.9309036669142896 2.0101944366063322 1.6028417227234417 1.6975259321032627 1.4559428166322503 1.559571154953518 2.1666509813126456 2.2376034449569144 1.880183260223069 1.9615253743153693 1.7566322862861907 1.8434342112706519 
1.9221164422261778 1.9997246260613535 1.5915639161140276 1.6844710331959467 1.4442545830552935 1.5460395413042385 2.147909326590911 2.2176296890725964 1.8579716243409692 1.9381500250125687 1.7334515160385133 1.8191264719794005 
1.913698741196976 1.9901248241904048 1.5793845864952876 1.671170133726333 1.4306182132417056 1.5313466021312385 2.128416418386893 2.1973871743183744 1.833676430033088 1.9133016473778748 1.7072147053194249 1.7924664554347705 
1.9061153865387923 1.9834816943697589 1.5733467166520956 1.6662363745579225 1.4254176352213164 1.5273307434540593 2.122238552604285 2.191990018056636 1.8292185484954853 1.9097026635735548 1.7036537330572576 1.7897932303090014 
1.904106813353211 1.9799064527947072 1.5725511588047367 1.6635275628068567 1.4228347259812435 1.5227821454883559 2.1205205904631343 2.1888385915224813 1.8286339067670487 1.9074351286840976 1.701600268975684 1.786015196054647 
1.9060081215897533 1.980952848763973 1.5746870991933921 1.6646160788079933 1.4210249403744115 1.520072074155071 2.122275314516498 2.189830984360688 1.8305258838394227 1.9084371199665187 1.7001462972950594 1.7837613802485186 
1.905099529092034 1.9799389801573912 1.5757990282224092 1.6655019443839414 1.4222291161928482 1.5210160447367707 2.1192118899786045 2.186735737126617 1.8288787264951958 1.9067122346139938 1.698349339160436 1.7818935510368428 
1.9101892086056003 1.9845187817335692 1.5820005077980503 1.670992994914488 1.4296465579552484 1.5275409202549337 2.1188423513969346 2.186088948888697 1.828495475540831 1.906013558832489 1.6983990632573047 1.7815867535579877 
1.9188840353391758 1.9938750397854825 1.5901820336928598 1.6799109004585806 1.4381035357301504 1.5367379453503318 2.119706814651394 2.1878251103046513 1.8274900654393609 1.9060801852177047 1.6968154933520496 1.7811806622798148 
1.9179148880962469 1.9960571902280857 1.590899049211244 1.68428221312856 1.4399998512434784 1.5425454159476926 2.1122554429285394 2.1834536507242923 1.8204904072752595 1.9026381977825526 1.6902145159065578 1.7783902548263246 
1.9201025376125516 2.00433037549855 1.5919195251475997 1.6925584993571594 1.4413014515173983 1.5517397891870142 2.1018759808195533 2.1790890614993597 1.8070131870980244 1.8962708555336074 1.6758397172600248 1.7717181652695668 
1.9165020115627327 2.0087470254673683 1.5877496564395785 1.6979498295073385 1.4373803611862799 1.5582512489082112 2.090568884568026 2.1754454516544426 1.7940031416706048 1.892229352991862 1.6623960429223839 1.7679494493689576 
1.9191681510027436 2.0191858847870567 1.5884851394404953 1.707978420157377 1.4379189144813729 1.5689219388240099 2.0880396734313478 2.180324499546636 1.7888511185180533 1.8957567274635452 1.6565971419217438 1.7715020000336692 
1.9183864620704687 2.0246333608718516 1.5903482721263444 1.7170152168094637 1.4430716390585914 1.5815781307147774 2.0828038716728106 2.181056073546769 1.7852375126731035 1.8989488157281251 1.6553915263330454 1.7774292485371253 
1.9163072248264397 2.027782096923141 1.5876153722870068 1.7205201024696024 1.4412972770119323 1.5865070732278537 2.0801536571902592 2.183278747709969 1.7819451248346596 1.9013140930950916 1.6529197495105474 1.7809577622734376 
1.9087293808117483 2.024524176929977 1.5778031323248156 1.716074887111282 1.4317573535952242 1.5828390358384519 2.0741597694425566 2.1811898227742583 1.774360060521539 1.89836875189569 1.6458493307632993 1.7788395974269293 
1.9006565610141144 2.01995540468744 1.5684526404472658 1.7110722250466228 1.4229247653077095 1.5787461359338304 2.066397024515376 2.176630684550321 1.7656570973226937 1.8934807787051866 1.6377472905567574 1.7748072181862458 
1.8958159299320176 2.016858644175144 1.5615601002151664 1.7064790350262145 1.4157198073715012 1.5741230331152645 2.058883516128098 2.1708528470128967 1.7559479603291208 1.8859888625821732 1.6276196932281202 1.767129484838052 
1.887935708579442 2.0101302667960006 1.5528363214870264 1.6993007653412506 1.4075449985451123 1.567643254279927 2.0462689566939534 2.1595228854747894 1.741900124785965 1.8736431075552678 1.6137218863017755 1.7551127530986037 
1.8866329552526242 2.009115200565973 1.5512726818471505 1.69811863977322 1.4068693894762407 1.5673038825783754 2.0452836216635704 2.15878323931451 1.7407607873126194 1.8728075448228123 1.6134071600948257 1.755062006182474 
1.8871422297461735 2.008611119617573 1.5522611203310348 1.6978596585852908 1.4083660376803182 1.5673888256113604 2.0473994496656878 2.1598743808498124 1.7435748612810864 1.874370862836744 1.6167973303080878 1.7570561863103185 
1.8867882226869022 2.0074639255214524 1.5519681746962468 1.6966280765889736 1.4087081433959272 1.5666525614411129 2.0498235292995344 2.161415766637691 1.7465428478196576 1.8762605187633192 1.6205756191150107 1.759604203299708 
1.8897866745670768 2.008893975791478 1.5558280224277008 1.698517637815778 1.4131970829899454 1.5689127846924096 2.0528943953772414 2.163038771999081 1.7503378412670196 1.878308784298069 1.624871600641506 1.7619787311915234 
1.8952772712701484 2.0120674870921254 1.5618734321939214 1.7017015766030246 1.4196785627011559 1.5722044584001216 2.056950654501274 2.165037097297231 1.7545422987928276 1.880095294359629 1.6292505275289064 1.763745140056584 
1.8964577223464274 2.012329036138822 1.564393462990497 1.7030100305304723 1.4226290596804916 1.5737819729833606 2.0593551540342427 2.166531769323358 1.7583283723034784 1.8827200859095863 1.633482537172467 1.7666865755666454 
1.9017700205474108 2.0162890353699043 1.568402628617059 1.7054556776864358 1.4258890839938778 1.575389457547847 2.0642472029175427 2.17020938571671 1.7618950335229677 1.8849313972272042 1.6363211737164864 1.7681174301083342 
1.9016208884966004 2.015595136520874 1.5673616150609915 1.7038439433136474 1.424816192063594 1.5737099262464478 2.0644192711090934 2.169859137761389 1.7613311317655747 1.8838123862334593 1.6357769116009067 1.7669826980835437 
1.9007479372405196 2.014918795496258 1.5688764186270665 1.7054114601597146 1.427277728027762 1.5761271346068788 2.0629441277999 2.168592517266462 1.7618935752264069 1.8844956890224214 1.637075889024113 1.7683530467483268 
1.899129483612492 2.0153033127611955 1.5668202455694302 1.7057785110694323 1.424405170001236 1.575971045173816 2.0594292266368974 2.1670263926464415 1.7576921305866535 1.8826142124254373 1.6320190048912573 1.7658540934137932 
1.8980290088906784 2.0157573825662976 1.564634903800414 1.7055339600754158 1.4205552174380727 1.5744017379851085 2.057422727674245 2.1665068629317865 1.7545815865757084 1.8813081222198902 1.6274063068424338 1.7632966268698327 
1.896136941920219 2.0142318511319792 1.5630068806357058 1.7043430278305363 1.4184803260230858 1.5728576168600132 2.0552397870892243 2.1646720837195086 1.7526168402804303 1.8797500994639047 1.62504206568155 1.76140749482752 
1.8963552850787877 2.015233821219327 1.563052638667761 1.7053262263233537 1.4172735992906416 1.5727900184659904 2.0537628694974135 2.1640115321010303 1.7506890381007845 1.8788070936278292 1.621864054761141 1.7593882456883272 
1.903114977304874 2.0211399851277325 1.5669672468951386 1.7083754199478902 1.4183825185196446 1.5732034806350161 2.0583060618436053 2.1678985370312263 1.752188226253712 1.879713755565493 1.6206746114572568 1.7577674530102467 
1.895466574630893 2.0138617650928703 1.5624636864717756 1.7041532926655898 1.4151360385287948 1.5701769584677299 2.0524368064188896 2.1622540363479428 1.7495702559037092 1.877189855529528 1.619355833763219 1.756462066115568 
1.891252067942584 2.010859010447301 1.5563559023877218 1.6996950521482082 1.407801308884567 1.564808007615343 2.049017038615614 2.1599051830895495 1.744671927594727 1.8736594435321217 1.6135491828069883 1.7522158944425483 
1.8860042654318814 2.0069179496001452 1.5511567797057944 1.6961117069424554 1.4018266302318736 1.560713128165215 2.0445979163119703 2.1566381723848 1.7405332244422251 1.8708723827635196 1.6088773885499321 1.7490551788286295 
1.8831202774668456 2.0052799771071395 1.548072561156876 1.6945602561687827 1.398370984326695 1.5589891651280998 2.04186438149227 2.155044305713182 1.7376987160053985 1.869385630303927 1.605773826790937 1.747431083043566 
1.882603511354244 2.005981213128211 1.5450618390741937 1.6932160916502446 1.3944488919151286 1.557001078555609 2.0413227379332572 2.1556352119185958 1.7349405252063628 1.8680961625310752 1.6022765839902078 1.7455815357820814 
1.8773377144652532 2.0017692032483714 1.5417086556654018 1.691019996296206 1.3920705239870645 1.5558095618274173 2.035719417118582 2.1510082738459237 1.7310754547487581 1.8652895965381944 1.599255137504213 1.7436456187406946 
1.8758010708069552 2.0021750406996186 1.540204279321584 1.691834642747488 1.3908108666675423 1.557058156653283 2.033121879484976 2.1502697070833974 1.7283472283197379 1.8647411021373772 1.596655813392642 1.7433832116894208 
1.8755431264698579 2.0036628883043996 1.5402078083324764 1.6938840112499822 1.39116650565212 1.5595984089400483 2.0312556603313947 2.1501168592307556 1.7264349484496453 1.864827225763376 1.5948924054080669 1.743755927745718 
1.876573964194681 2.005766681499456 1.541451319339453 1.6963614907835358 1.393043350615242 1.5627347549131105 2.030149234685308 2.1501339615506145 1.7251226744476291 1.8648373600433203 1.5939089838172507 1.7441662725248819 
1.8771077831081093 2.0072948209480943 1.542042719448797 1.6981150188974363 1.3941462576806785 1.5650375895182327 2.0285235502909598 2.1495596439468807 1.7231569613024347 1.8641268149149723 1.5921739705462592 1.7437651279014155 
1.8798064406945334 2.0107972274291237 1.5443407147636332 1.701358715449699 1.3966229813649245 1.5684989599730854 2.028410385719973 2.1503678588224506 1.7221395651040161 1.8642419148427734 1.591016087441183 1.743836410291014 
1.8805265065400727 2.0123296638969994 1.545909227153978 1.7037975446043494 1.3991219587297634 1.5718247325321644 2.0265035703841754 2.149373735575042 1.7205150733369963 1.863669190596821 1.5899305124375123 1.74383765551149 
1.88233601575057 2.014841213553001 1.5470014875854936 1.705757849822691 1.4006423701258397 1.5742284740887296 2.0249610964045037 2.148688828469988 1.7176996735028303 1.8619582186482408 1.5871602360038288 1.7422611326640245 
1.8832147554933425 2.0163645349261254 1.548287643852992 1.7077537148277118 1.401789684976976 1.5761479763359307 2.0225298552772593 2.1470573205873777 1.7150288126698774 1.8602558831214187 1.584027626365099 1.7402217225077525 
1.8844209227111044 2.017979231278501 1.5490757157580677 1.7090446269981865 1.4024227794610904 1.577335606734144 2.0204140192721316 2.1455234263907186 1.7119188556912883 1.8579193019050557 1.5804493815593619 1.7375322188642632 
1.8846562878644 2.0185373977082564 1.5504746239093434 1.710711975157367 1.4041724521535166 1.5793239623164146 2.017542421315304 2.143138195349712 1.7095378491881426 1.856093629202692 1.5780520820957782 1.7357454526418383 
1.8843803257179748 2.017938603296191 1.5502171205198905 1.7100760554644874 1.4039741840763953 1.578711659636737 2.0147178656707694 2.140157721517968 1.706274300062267 1.852716649078585 1.5745927650833975 1.7322036169495145 
1.8849993144681114 2.0182218817130217 1.5515243754273569 1.7109135091597265 1.4044996545194484 1.5788022130163264 2.0148333505938525 2.1399884529934385 1.7069150250276817 1.8529857125583162 1.5744682577509306 1.7317469338633895 
1.8860404936607273 2.018802829889041 1.5528762190619059 1.7116777365988027 1.4065981514732628 1.5801691308110029 2.014887428410828 2.139669944502656 1.7070580415346162 1.8526908213212478 1.5751637899494768 1.731922944997265 
1.8868633596354691 2.019287471128083 1.554521168828154 1.7128352569511318 1.4076025258342109 1.5807002953927887 2.0146581521277622 2.1391858318189305 1.707375235949863 1.852673406041888 1.5747822080322251 1.7312445107074996 
1.887659084659044 2.0191086525583066 1.5556633056981901 1.712784648353616 1.4090585159942153 1.5808190384847407 2.0151665527483877 2.1387938578216974 1.7081357487377342 1.852368933840076 1.5757808594204397 1.73107719292232 
1.8888213905700295 2.0191369480436188 1.5582993560529053 1.7139325110852233 1.411805454258801 1.5819173208973025 2.0148213698973167 2.1374688119537324 1.7088463331133374 1.8518702869463886 1.5764052612811528 1.730410736581029 
1.8923475646528811 2.0217309023328722 1.5619695467734607 1.7164397458249707 1.4151909922860908 1.5840397976842913 2.0174080107523342 2.139240897572709 1.7113458567594366 1.8534079900139877 1.578518711022359 1.7315131697586623 
1.8944157175796656 2.0221206015005335 1.5644761256768605 1.7169002195272967 1.4174568298939054 1.5840911213099074 2.018515946960261 2.138823845980047 1.71265328217152 1.8529279751066634 1.57948712616877 1.730589609853497 
1.8965118986082976 2.022838568700639 1.5678578443095057 1.7185158461366745 1.421119339943993 1.58578014611826 2.0191131439527723 2.1382086852182716 1.7141291452171419 1.8529320602609394 1.5810252005843706 1.7305372513594874 
1.8949145475324158 2.0197642400810003 1.5659196125120791 1.7148908641397504 1.4189744336139325 1.5818454053130415 2.0190363631173116 2.1366455669225957 1.714033525340149 1.851123272245795 1.5809159169260014 1.7285952618961964 
1.8959014837378285 2.0195899699689788 1.5672298912537688 1.7147917491052085 1.420048811850952 1.5814043881307842 2.0196441828795733 2.1361797293765568 1.7148555978388673 1.8506839093154992 1.5814736221130277 1.727819443170871 
1.8971365208081072 2.018480521551766 1.568763086569763 1.7135210121512634 1.421285539567574 1.5796167960248744 2.02135595949449 2.13565365925374 1.716907265458414 1.8501100495602658 1.583289462285368 1.7268300896972724 
1.8956644255514343 2.0149896472938145 1.5670349034725584 1.7094554843871337 1.4194356213302701 1.5752578035043185 2.020828608715061 2.1331638310737526 1.7163341866318604 1.8472798122107137 1.582719853480473 1.723845062353705 
1.896148310738498 2.013163117925733 1.567401409440626 1.7071011983407605 1.4200978629363752 1.572935238138068 2.0230650417661957 2.1331290364805544 1.718767269067124 1.8470539375655655 1.5855887509743691 1.7238152483014122 
1.8986179491973232 2.0127117839855386 1.5703700656260136 1.7065522996363898 1.4233538453294916 1.5723214612140388 2.026106724991122 2.1333933227218673 1.7223299588215524 1.8473437945965148 1.5894321354037895 1.7241093704966197 
1.901654636198984 2.012971819220798 1.5742724586859447 1.7070732157049064 1.426921607158953 1.5722183253534128 2.0303276623779447 2.1349462771266845 1.7275050898382587 1.8493347520168137 1.594379294339051 1.7256333688872298 
1.9069719727531527 2.0151529481520876 1.579811016313676 1.7088306372622333 1.4320585426811467 1.5732421839138595 2.036165910957663 2.1378191964069484 1.733560601578742 1.8518994732236547 1.6000691178027435 1.7275764762597488 
1.9125496315647261 2.0174595942765174 1.5871448261574523 1.7121115093761767 1.4398302765251083 1.576517791380221 2.0404179789637147 2.1390658358775143 1.7391055559908863 1.8538568596896499 1.6057928449455647 1.729412554082562 
1.9191176850398128 2.0206391514549478 1.5945711802966247 1.7154087385788177 1.4469933686899088 1.5791642411074822 2.046883040926513 2.1423585308235804 1.7462458999901962 1.8572411352844223 1.6126088500416242 1.7321885563045871 
1.9235132368578958 2.022050994606105 1.5993146195691264 1.7165646812128985 1.4516195549687048 1.5798691036878783 2.0517285510923564 2.144382685013927 1.751426312285944 1.8591076299632412 1.61767926591384 1.7336877630610248 
1.9269246017478756 2.0221101386524944 1.6030315195969196 1.7162753406260924 1.455290240749662 1.579164550273723 2.0562232998439662 2.1456806031749482 1.7563387745025756 1.8602733355185226 1.6226168749341938 1.7345825188907011 
1.9334213917661638 2.025641416968712 1.609832536054297 1.7194957592675273 1.4621570470161576 1.5820897895312422 2.0652437717952354 2.1518217186697903 1.7659768834667713 1.8664884743654353 1.632487913872262 1.7407244643937794 
1.941670088281436 2.031241413472766 1.6208145344014038 1.72710703287516 1.4739963562121987 1.5901333925827856 2.0818551829382463 2.1656361538372138 1.7863588737784017 1.8833313500302702 1.654298500611918 1.7585683032532002 
1.9486502379385482 2.0357547749515312 1.6288558011739285 1.7321174830068427 1.483915298195271 1.5965789570634958 2.0979158809680527 2.179061907688251 1.8047671636025409 1.8984847296562488 1.6751172812725563 1.7756907557167605 
1.9518871555738693 2.0375224415927917 1.6332806340902504 1.7347160752106525 1.4879570797890138 1.5986402044219488 2.1105255800615756 2.189966313894862 1.8199066969749438 1.9114639985085384 1.6907013418384245 1.788883802597097 
1.9546514789965317 2.0374670758741913 1.636680401038434 1.7347427521310845 1.492266928516252 1.5992092630019779 2.120813128105192 2.197375253631325 1.8319139322422682 1.9200308164379367 1.7041263174845136 1.7985149948975487 
1.9557761747245406 2.036744257946038 1.6380546340156537 1.7339232136043847 1.4938082348213766 1.5983522043267426 2.129891668893082 2.204473916351962 1.8424443165588906 1.9281773223114511 1.7154711067284572 1.8072376281707279 
1.9573770047535495 2.0362845164382057 1.638848884655927 1.732326631985428 1.4948711900153726 1.5967998521686981 2.1422462916149434 2.214576498359444 1.8557263003842934 1.9387753854136835 1.7298943060019525 1.8186984915279325 
1.9604424584888365 2.0372119627632643 1.640658915511007 1.7316638314712685 1.4962455416961993 1.5955089060314747 2.155917552562192 2.2259556243613106 1.8698683208840543 1.950206523839399 1.7445333420275326 1.83038097936625 
1.9557508823309508 2.030499614051747 1.6370287113359658 1.7256390615259882 1.493957432371583 1.5905583858080448 2.1591733246171536 2.2271049851015765 1.8753482166622528 1.953176413605359 1.751849520289426 1.8349234073018668 
1.9537485364081213 2.025406205492833 1.6341473413119383 1.7191784336853684 1.4916914569430493 1.5843864290156227 2.162792501262402 2.2277361507254123 1.8790890327807452 1.9534872783944297 1.7566107886258917 1.8359788714603653 
1.9480054020341575 2.017198531872423 1.6266086115455862 1.7088652509160165 1.4846159179916736 1.5743091483530989 2.1632487985791786 2.2257605970068433 1.879035894642319 1.9506770014505885 1.7575564691224745 1.8339491848980602 
1.9430326229176558 2.009446985193256 1.620072342126198 1.6991573812635088 1.4787531956760955 1.5649959828390183 2.1661529469827987 2.2259200350197363 1.8818812953324833 1.9503790970737624 1.7616906169138395 1.8346812372459322 
1.940802334741505 2.0039397424873027 1.6162208395321713 1.691517245291953 1.4751903679654625 1.5573205870083644 2.174081807692175 2.230626032198153 1.8899967741078492 1.954775842678663 1.7709050301295315 1.8398819023839754 
1.9387176106071766 1.9984285537928046 1.6139647741132397 1.6852219447344021 1.4744563372573636 1.5521315026164504 2.185531245459191 2.238668697198047 1.9033662661921906 1.964152197314251 1.7866007784836546 1.8512247439504477 
1.9401995569481747 1.9964895468172863 1.614445609731679 1.6816750032484558 1.4750298074214951 1.5483246179502197 2.1995906620509857 2.249398868664847 1.9184002154352189 1.9753115137493362 1.802647412164091 1.8630979261302112 
1.943476027343943 1.9960913716373294 1.6168845860050107 1.6797611316865844 1.4780225911874942 1.5465550346253427 2.2133799243827514 2.2597195367401226 1.932942675109791 1.9858371233122305 1.8183790586290294 1.8745090279657217 
1.9469899682457577 1.9958304090757852 1.6206654577825788 1.6790251967709167 1.4826564793132682 1.5462339153542117 2.2254666792494593 2.268318986781096 1.9464039997003746 1.9952587840657703 1.8330854425393313 1.8848796579600555 
1.9527604743045504 1.9979201421957618 1.6248007783128777 1.6788058237305268 1.486575254874819 1.5454182000324483 2.237761628906469 2.27727656036581 1.95813207087932 2.0031706446510076 1.8450500335237887 1.8927813003069145 
1.9586130565242292 2.002362065409047 1.6324170034605692 1.6846584250195007 1.4950476384340348 1.5519201580587787 2.248463396185756 2.286673649603105 1.970839367372994 2.0143228509325866 1.8586527324885582 1.9046991142406677 
1.963089983229045 2.0056572833991884 1.6385011084079901 1.6892675153604926 1.5024684629815734 1.557674657446866 2.2570148159580636 2.2941348555941983 1.98118133431905 2.023368067271057 1.8702419841972888 1.9148743916122049 
1.9676981953876649 2.0088857728317637 1.6442038657453257 1.6932785394866 1.5088865153257462 1.5622177749231614 2.2648083624297826 2.3006831113140884 1.99020779883204 2.0309389313039112 1.8799625651942844 1.9230301887089223 
1.976154985897162 2.0165268542556567 1.6521964005184773 1.7002779100882928 1.5162471577833914 1.5685016637333264 2.274605928130456 2.309767121147544 1.9995990962906072 2.0395069432424626 1.888822131246405 1.931020732445463 
1.9813852250665402 2.0206367934955516 1.659485242511058 1.7061585246476907 1.5243546602126374 1.5750373872476757 2.27940633133103 2.313607327190158 2.005915522476454 2.044696242581764 1.8956431476709916 1.9366333118140835 
1.985294175454767 2.0219200533489508 1.6661586858083546 1.7096351965652272 1.5328464533326953 1.5799955659857476 2.2825939137951416 2.314519974926685 2.0112003327601706 2.047362820199347 1.9022250817646742 1.9404195424532864 
1.9903265598505788 2.026498370146554 1.671674106890048 1.714581625063864 1.5383206767272681 1.58484268424555 2.285635261026273 2.317201841835674 2.014254961827484 2.050004605020838 1.9050352322323703 1.9427956828772912 
1.9954301214932593 2.031653647973149 1.678939989922988 1.721834680020879 1.5460949549631817 1.5925717520170333 2.2881889200331784 2.319845621872844 2.0181443589997725 2.0539673389133046 1.909051275833785 1.9468826234066097 
1.9984252267293714 2.0344743087039316 1.6828432400043505 1.7254981009483434 1.5502379411007654 1.596439789023169 2.2903786925808443 2.321899412415693 2.0209137881236643 2.0565687114648856 1.9119018914756947 1.9495515301156672 
1.9936774148855696 2.0315443199848753 1.6773865279728486 1.7222218944325405 1.5440426075159999 1.5926362620707868 2.289142875537656 2.322196760410885 2.0196660699790963 2.0570546234027933 1.9103646363521305 1.9498501822608854 
1.987553318528817 2.0278528441390695 1.6703867255204445 1.7181416636246596 1.5362716919851491 1.5880647578366924 2.285170881793069 2.320307075040481 2.0153981189320667 2.055151707607717 1.9057199365580748 1.947713387560632 
1.9818014585658608 2.0244828800668513 1.6637212702774984 1.7143402158509182 1.5292204514633503 1.5841430174336448 2.2824160455915505 2.319572571764844 2.0124250170313855 2.0544703355570197 1.9027351820928136 1.947150503603605 
1.9762994579703306 2.0209268004986773 1.6581317123720367 1.7110775438225536 1.5237151714063302 1.5811683999415818 2.277920016237142 2.316744523199272 2.0081237084337764 2.0520590668335603 1.8986489871415995 1.9450587553526042 
1.9728851341988625 2.019505963911685 1.6534716689265843 1.7088291738716495 1.5180010827212422 1.5781178259796902 2.2753526682127463 2.3158925601752043 2.004725061434326 2.0506221391262858 1.8945398647542002 1.9430414006589936 
1.966890849732714 2.015690690885454 1.647200841051958 1.7051744653619108 1.5116545924126576 1.5746266075874236 2.2705098103206423 2.312912481120347 1.99995644821638 2.0479685401202525 1.8898822161082627 1.9406195241010737 
1.9611224634214632 2.0113238494395347 1.6396043890329972 1.6993307104046194 1.5030867268844696 1.568021689685531 2.2670464876875083 2.310610760843173 1.9954450664792223 2.044803981834021 1.8848788208625689 1.9370571700712056 
1.9585608240333066 2.0100054596010493 1.6350523911599972 1.6963365727431643 1.496979432803946 1.5636843890075849 2.265236683050587 2.3098611812024603 1.9921679273188857 2.0427663833209184 1.8805010372339668 1.9340231635701846 
