1.8587044455391504 2.0417142038657126 1.4996144908165563 1.7212374314623184 1.3293725987348317 1.5751337024732217 1.7421775174381628 1.9362327279196063 1.3524954371335232 1.5946970188305363 1.1608754423567587 1.435773821695813 
1.859031109956821 2.0433312504455294 1.4997441126363156 1.7229156493128994 1.3292082677245465 1.5767056003729072 1.7388367153322046 1.9346211654603829 1.3478831025676115 1.592480703006253 1.1551411488589998 1.4330237280126557 
1.8620392880877272 2.0467623942173283 1.5027488918585998 1.7263546043563154 1.3323249129181103 1.5802327871494914 1.7384665591785913 1.9350224715445168 1.3465993832548158 1.5922863709089048 1.1533279414729576 1.432554127627382 
1.8627480379448131 2.046946374741471 1.5035244413268611 1.7264834067743744 1.333083927765709 1.5802759147273142 1.7328976685503534 1.929531947874212 1.339287057529957 1.5855122297438295 1.1446470352328049 1.4249126441530546 
1.8584730414929915 2.0423004597894527 1.4980181145621072 1.7207926643428635 1.3266371083141804 1.5738599490603384 1.7193841440341977 1.9165987991377358 1.3215211161219522 1.5695499936147974 1.1235327347061188 1.4069097085656246 
1.8562180301058953 2.038086165570585 1.495288486042145 1.7158489151117617 1.323085944937142 1.5680581177654769 1.7111269934432716 1.9068836961624613 1.3108386128315757 1.5577380113132664 1.110390305293688 1.39327544767365 
1.8507891923709843 2.032391846597806 1.4881452056157827 1.7087340742541657 1.3151057719427894 1.5603522598814796 1.7034032782630308 1.8991521034180598 1.3002839100739654 1.5478805607401498 1.0980279072943637 1.3823390570758103 
1.84615484365623 2.029660916201364 1.482409633925576 1.7055128409822542 1.3080961045562973 1.556390422341181 1.6987093117880292 1.8965360671380231 1.2941653456785804 1.5447005114116328 1.090156428204393 1.3782876209105848 
1.8368606307705027 2.0215811954691825 1.4715391788445897 1.696514399548265 1.2954685842870175 1.5462769499266973 1.6951249686305165 1.8937217885092335 1.2902787440218528 1.5419315128353173 1.0851868665232776 1.3749051197353983 
1.8368638227900185 2.0212831169419982 1.4660838061566468 1.6914249797241259 1.2858462854769073 1.5378287958140073 1.7033380677583532 1.900757035613642 1.294872038571673 1.54538355486098 1.086596769493983 1.3755759793027644 
1.8267403463453693 2.0127125412651456 1.4587199036710234 1.6857921693275242 1.278449725943887 1.5324702876617216 1.6999100277855885 1.8983481196466576 1.2963709218298596 1.5474524379657038 1.0895629910041915 1.3788324742933784 
1.8194570935197785 2.00651580079486 1.4496239392199068 1.678419229167564 1.2669700135202253 1.5234482461965815 1.6994841337769058 1.8984013971337672 1.2958517550088204 1.5475507470320446 1.0876742255654677 1.3779393181992594 
1.8165157641576937 2.0034942076515745 1.445460962265467 1.6744004634774232 1.2616668599251586 1.5185726140337872 1.6996299728568598 1.8981574126750949 1.2955191687633998 1.5468126697481532 1.0866534813975475 1.376617342362579 
1.8130609379427929 2.0005377955174954 1.4419066163569678 1.6715430586419244 1.257928986824773 1.5157001162809218 1.698356120457073 1.8972018918644373 1.2947270899668395 1.5463763268021147 1.0860980080517595 1.3764339394587741 
1.8226921122639557 2.009744094114781 1.4527739733727474 1.6814924934204258 1.270098192782448 1.526438405907438 1.7024363210144573 1.9013558885251443 1.298705166197948 1.5503225136819887 1.0905192847030445 1.3806147536620201 
1.82153824749129 2.0074742215713854 1.4513474494667498 1.6787973618854777 1.2684907453638121 1.5234893942110788 1.7014063657673437 1.8991405384209037 1.2973786854552682 1.5476248307240486 1.0889677706312708 1.377607334719745 
1.8202698731346652 2.006543841719311 1.4498145922295338 1.6777360130669217 1.2668045676589936 1.5223762972214492 1.701201406665798 1.8991898282535347 1.2971762281362118 1.5477409164784943 1.0888055968085808 1.3778002051609988 
1.8149310063574013 2.0029477447146466 1.4432002647718334 1.673514898188089 1.2593375125983859 1.517812926831726 1.700116469727145 1.899531816226696 1.2958581932593898 1.5482485482820547 1.0873603006536012 1.378469271930822 
1.8096090725407767 1.9987629490617165 1.4368074162607494 1.6687671744560084 1.2517843693791235 1.5123929511016276 1.6990386845572087 1.8992368948453717 1.2947829963441326 1.5481703196812326 1.085822989083345 1.3781799210342205 
1.8000876491547877 1.9894882079016225 1.4261525536349924 1.6588124942197686 1.2399443325567523 1.5017355734547975 1.695501656690317 1.895382191691061 1.2916351766035215 1.5446906532311284 1.0825304942770018 1.3746345171643297 
1.7871279842493766 1.9761449579641772 1.409893940155514 1.6429009054983321 1.221364275262397 1.4842685591520288 1.6910144485152219 1.8896698991853682 1.2858866028881553 1.5377993426605565 1.0758411248354656 1.3670247213153242 
1.7792975949343297 1.968743639390129 1.400346778244264 1.6343263706001596 1.2101935164836615 1.474659260181514 1.6884601754673072 1.887047787004635 1.2829532073069112 1.5349333921832211 1.072178240843886 1.3636780288759844 
1.7733762327121252 1.9627053434349868 1.3930732860651123 1.6272683192234307 1.2014746846888826 1.4665914292495539 1.6870518386665687 1.885071061988977 1.2813796564438853 1.5327370375730631 1.0699635795428972 1.3609449158390832 
1.7618231600230172 1.9515804040247715 1.3795130985943882 1.6148379532861772 1.1858916692487091 1.4529226673754834 1.6839205098796945 1.8815508257215616 1.278524080959561 1.529466917515214 1.0667269976866105 1.3574062449294573 
1.7576317419590743 1.9477726387137926 1.372450513622291 1.6087788300826469 1.1762837601285203 1.4450579213727353 1.6837031090848797 1.8813306650671726 1.2764040236312677 1.5276636224385556 1.0626524848425707 1.3541710435990315 
1.7457436402510538 1.9376182781644584 1.355538584281908 1.595063819374322 1.1545652209715136 1.4282032712037176 1.681517120304459 1.8799583932302864 1.2717561959263262 1.5245023962844402 1.0549406703113688 1.3489416415386546 
1.7328154247477399 1.925659619788422 1.34098252063317 1.5823241752825778 1.138077600624707 1.414473859809254 1.6736929798632993 1.8726355400567645 1.2636585833379563 1.5173492314835402 1.0458582693862921 1.3413930053059355 
1.7404720443077186 1.9307591765822816 1.3469627318588626 1.5852118665833568 1.1423862153478086 1.4154979074363516 1.676698157694667 1.8734739851294147 1.263480263406077 1.5149159834646575 1.0426504879472747 1.336303895435724 
1.7509304679867816 1.9370018759475711 1.354991505406735 1.5881501010371815 1.1485053137554087 1.4160802305746696 1.6829652173840106 1.8757906830519255 1.2659448640933813 1.5128896729849173 1.0419591522341027 1.33112645478347 
1.7492254700742869 1.9333532353392149 1.35646076137742 1.586836722727518 1.151457271963059 1.4155984023008115 1.6772897329789538 1.8685196910379644 1.262337870919117 1.5071701588727828 1.0389249021736893 1.3256809343867815 
1.746320064623321 1.9262407827439434 1.3560506961415566 1.5810260198700083 1.1524297518313211 1.410270937765506 1.671446344848078 1.8586292445525547 1.2581623925813392 1.497912678064379 1.0354677438269142 1.3164206142058092 
1.7441331142155663 1.9193758525841909 1.3546740117472136 1.5738948571881446 1.15188759699169 1.4031565769661238 1.6656734167006717 1.8483698965529842 1.252042047657861 1.4864765832273612 1.0292291518914967 1.3043450427257697 
1.7492633793019305 1.9161579740947272 1.3548016693844196 1.5643613952302742 1.1481076067019198 1.3892048402186086 1.6697492236161722 1.8438550597286136 1.2504509838321571 1.4749124294299 1.0228837549628063 1.2876452103303961 
1.7359379860286943 1.8970030995697817 1.3445574667292433 1.5469243193438262 1.1405046564294947 1.3732774445746059 1.6553062610095328 1.823507303571159 1.238706142609037 1.4558615923834792 1.0135625277886708 1.2698224545885775 
1.7303354804019941 1.883580695042822 1.336841799592607 1.5300200512208983 1.131464643520954 1.3542627512923775 1.64988962665325 1.8099588780240286 1.2309430947602737 1.43841449608171 1.0041350232603183 1.2498409918617648 
1.7245372765320006 1.8702849819983076 1.3294136974427524 1.513696757837715 1.1234119546045476 1.3364099354196715 1.6450700453623275 1.7972736435747367 1.224568256549389 1.4224993886425437 0.99713642785148 1.232159953694491 
1.7169143335828263 1.8593664006704436 1.3204100484554637 1.500976775017575 1.113809787738535 1.322883527126315 1.6392574425215094 1.7879075887590388 1.2177244475094355 1.4114890765224364 0.9899203893557098 1.2204060637108292 
1.7122367134362848 1.8507799457739675 1.313853204752757 1.4899134499960358 1.1067578978435573 1.3109328317191122 1.6362097298448905 1.7806779958429009 1.2131108609022878 1.4018808100830433 0.9850587605006565 1.2099473569040473 
1.7073150904269077 1.8419456147018674 1.3066472780362113 1.4782306784529404 1.0992067505248682 1.2984969425914874 1.6333917273573537 1.773642400406418 1.2084580365901993 1.3921959832291717 0.9804586668490619 1.1996407907867421 
1.6961336417288468 1.8306324990353362 1.2908552810460048 1.4630971849212069 1.0810011020366075 1.2817602734225928 1.6230337522689908 1.7631178567879007 1.1931791931660392 1.377687411180185 0.9622539233509833 1.1833336929726797 
1.692592755564743 1.8229382310956808 1.2841080134436704 1.4516084004958947 1.0731063620118229 1.2687753238419517 1.6210719235093334 1.7567321194166883 1.1882496939575662 1.3675419165021048 0.9563269363508746 1.171663248288624 
1.694512204936633 1.819362180908246 1.2847123861313123 1.4454041122534589 1.0735376553615668 1.261423889943111 1.6239989241003856 1.753875605086977 1.1901625132221272 1.3620550431312275 0.9583757041365405 1.1649854603896177 
1.6946768979046745 1.8160038405223184 1.2847562910886292 1.4410200859085243 1.0747274941545926 1.2573700120457028 1.6252014923361995 1.7513480668307515 1.1916160580874235 1.3586349731961895 0.9614516571787737 1.1620367677452423 
1.700128659043453 1.816811898998047 1.2904307602118332 1.440687185318482 1.0810418847116379 1.2565904565692396 1.631178623480853 1.7524587643482201 1.1981309574920807 1.358633802884681 0.968998349276659 1.1616048467275306 
1.7063943502620518 1.8193266684700276 1.2981832869846421 1.4434152883374383 1.0903638358851828 1.2597861495532685 1.6381426795631235 1.7554712434575082 1.2070665294863618 1.3620489912650904 0.9801137967635442 1.1656718674679636 
1.7108681939192774 1.8220011686726796 1.303850116295815 1.4465971821639256 1.097518270720178 1.2637897911617302 1.6425343493408624 1.7579924261624709 1.2127960412058616 1.3650979888801427 0.9876211147826933 1.1696211985273735 
1.7106382296821265 1.8214749204559475 1.3048558748191312 1.4471131908216441 1.0996043994319047 1.2651551558010583 1.642484520855524 1.7576242869993577 1.2141338898367018 1.36587292068113 0.9902535451337702 1.1713623763165695 
1.7079738931837951 1.820234925804197 1.3007243707247935 1.44497898044138 1.0946045118660026 1.2626319347764852 1.6402863728012282 1.7568778415465915 1.2104744745749123 1.364305251370605 0.9856589686080119 1.1694460088937026 
1.7043381034213723 1.81930640961163 1.2972968941510499 1.4450213399303002 1.0921337703660483 1.2640663011305855 1.6359705053496412 1.7554221531170102 1.2060722843901024 1.3637147049342688 0.9820322275638208 1.1702541336196852 
1.7018616247126672 1.8174673540258266 1.295737802053193 1.4442267983075372 1.0916296046139642 1.2643218684139097 1.6333108172266662 1.7534419918975477 1.2042872114531649 1.3627774143086022 0.9813391002449867 1.1704191654914233 
1.6993131473523915 1.8154340313502693 1.2932172030887503 1.4424098875786626 1.0889546436673523 1.2625204019677028 1.6311940193504544 1.7518360306217846 1.202305905485243 1.3614973521034441 0.9792604209119707 1.1692247522973032 
1.7002116496621706 1.8164288953567547 1.2952800642513416 1.444453087880309 1.0924500702764224 1.2657572572523375 1.6317579642970828 1.7525205654390934 1.2040202844001258 1.3632164624471639 0.9825281453713985 1.1722012773781472 
1.70151525283814 1.8219954073599745 1.2975075158321203 1.4519086963169687 1.0950412556798215 1.2742168027619318 1.6332018082407451 1.7583689189816907 1.206532114964554 1.371215830291074 0.9855502739286515 1.1814493011724372 
1.7023147083876384 1.824344785689616 1.3001361611742401 1.456266654247391 1.0987079633792092 1.2796553127592172 1.6342298364651435 1.7609842955213686 1.2096221846481197 1.376061176064818 0.9899449382631793 1.1875813704638896 
1.7013612691972537 1.8241105304625842 1.3003097885982748 1.4572421231025714 1.0992823314892721 1.2810818488076747 1.6333519537823102 1.7608485636034945 1.2099644552318427 1.3772302065902018 0.9907724667775595 1.1892767297582552 
1.7038649497663274 1.825676985565138 1.3043308502991908 1.4598697392651887 1.1042654422928437 1.2842674392906681 1.63507655932137 1.7616515102091588 1.2130946190805605 1.3789631044455868 0.9948476038279481 1.1914958847693138 
1.7032144890808554 1.823822400327115 1.304047237570388 1.4580561545890338 1.1039472450325511 1.282219977981532 1.6342430876142509 1.7595849003486477 1.2125799237225396 1.3768582438054253 0.9942385998415872 1.189074827559208 
1.706414977602696 1.8279073095173095 1.3092304654975035 1.464061975527952 1.1106032720043688 1.289508698763529 1.6363519531527468 1.762679996762546 1.2165032061555818 1.3817644904204225 0.9996175601632906 1.195252409738968 
1.709114185226315 1.8302046676155677 1.313342569226251 1.467462616682895 1.1155055312018 1.2934181138989085 1.6382284839856163 1.7641911441116038 1.219667976025365 1.3842571289185437 1.0035306959639103 1.1981868322435403 
1.71178668489107 1.8311609781366465 1.3175679687099107 1.4693271335718128 1.120717881435984 1.2957412716473764 1.63915002253313 1.76344823276737 1.2217137528776372 1.3840236151346406 1.0062841107611509 1.1981421388342703 
1.7155745457154112 1.8339960091959413 1.3231011238399883 1.4734116613311568 1.1273043714572564 1.3004462640750056 1.6417806370239114 1.7651597661250495 1.2259054702980323 1.3867911024904362 1.0114656613581303 1.20141921240949 
1.7111481824253678 1.8322457100120715 1.31899051695516 1.4726955637393766 1.1231202720179347 1.3001905187539402 1.6361118661685818 1.7623729112357691 1.2200696374460107 1.3847982379601875 1.0051035179610306 1.1997205180614525 
1.709075442018055 1.8335793827999947 1.3158902532161298 1.4739883463003396 1.1189954112994431 1.30123987682103 1.6327846151005987 1.7626854755824166 1.2151600270372664 1.384806260033948 0.9985977484999703 1.1992797629532526 
1.7080302881853238 1.8357094580783857 1.3152627441535931 1.4772873231969603 1.1184769943805013 1.305163796647164 1.630372044828554 1.7636821577819628 1.2127083843028545 1.3867672387529353 0.9958595915883122 1.2017479250152423 
1.7078054532505043 1.8369838936017266 1.3152563113523386 1.4791245802001127 1.1181668851080147 1.3069841399772837 1.629274361840927 1.764212375353988 1.2115422586736957 1.3877121472957423 0.9940989201041112 1.2025568685730252 
1.7103494708807203 1.842578277235993 1.3190827266483174 1.486532419741312 1.1232815706411103 1.315887868377074 1.630631743264542 1.7688299175844917 1.213937316891593 1.394074318155944 0.997710407153278 1.2104649733643515 
1.7089846420658936 1.8456461689330081 1.3178043507353776 1.490768117749065 1.121721938279309 1.320621588835004 1.6292240540260539 1.7720474859035493 1.2125802316618435 1.398617922199301 0.9959932822148401 1.2156413501921897 
1.7073441014462816 1.8486486698189601 1.3163595842866833 1.495085475423867 1.120191211152547 1.3256343286228711 1.6283276952577481 1.7759304904256277 1.2121178810426854 1.4041751248414174 0.9956181757799573 1.2221839369028746 
1.7004683386030008 1.8470099663757231 1.3064360767336647 1.4921891528526972 1.107984600340298 1.3219240219813126 1.6222261132749807 1.775238239755794 1.2028300855030398 1.4023742224853002 0.9836944986077995 1.2196344173117 
1.69583923380324 1.8471215425159115 1.3006233659697028 1.492517479303462 1.1007355237777874 1.3219704910573307 1.6198733974315276 1.7776324450308505 1.1998917688301556 1.4056057565428366 0.9796620897566465 1.2229984039345105 
1.705844749203599 1.856173306522182 1.3137026246397965 1.5037578333779311 1.1162302556307502 1.3347070911048198 1.6334172953000987 1.7898394050990971 1.218179107596863 1.4210676879183093 1.002055754828787 1.2408016647496447 
1.7198554859091388 1.8721824587394682 1.3316716113260656 1.5233231918446462 1.137746750560844 1.3570674024571365 1.6519569992623175 1.810007235845139 1.2427422562268333 1.4462270160012087 1.032243529120798 1.2699177019837782 
1.7156982789287312 1.8830396590138536 1.3249942201832468 1.5355218841224665 1.1302893712315487 1.3710477146397968 1.6520645041035809 1.825249270324196 1.2414935460641792 1.4640778661051501 1.0311404386013623 1.2905302697802208 
1.706770007663449 1.888641695997282 1.3130517609978254 1.5420792858538404 1.1171230885893866 1.3790821555873638 1.6475366751788836 1.835287632187252 1.2350782015967614 1.4762526074014197 1.0243423412411936 1.3050597031781688 
1.7004067918498207 1.895477143773831 1.3031474202748512 1.5490782884570424 1.1048482339982264 1.386412624354308 1.6464806985109177 1.847254458749254 1.2319531775879309 1.4896841868560597 1.0199044332529397 1.3197179235613192 
1.688737691768384 1.8956911765472797 1.2878056367321933 1.5492751218680332 1.0872785311957602 1.387077737417485 1.6389761152619673 1.8515001354683205 1.2218228483700941 1.4948782953937119 1.008257069997136 1.3260438772677205 
1.6780263363506098 1.8959648633311352 1.272638604273126 1.54871540141701 1.0699936302082598 1.3870100021940182 1.632185123105296 1.855515737897755 1.2115547481175788 1.4989247096456346 0.9965652308234769 1.3311846741854603 
1.66836399462596 1.8948685583924523 1.2590749134838206 1.5467249505921503 1.0549276643278864 1.3856265052258092 1.6250161739392905 1.8568160922892418 1.2010448720860891 1.4998657339189698 0.9849423962670558 1.3331166336762472 
1.6617456301964992 1.8955820796254537 1.2511165267380813 1.548265301748108 1.0470933995958336 1.3886099051199223 1.6200053676075152 1.8590993174645514 1.1951198329360784 1.5033776292725525 0.9795016279093977 1.3383782425746318 
1.6598311762505367 1.8980361820927545 1.2477492964747525 1.5506063722728731 1.0434713029370957 1.3915222509659124 1.6172638475070296 1.8609256211179535 1.1905381663992298 1.5049528034238284 0.97433832874071 1.340461485359889 
1.6566130874541134 1.8991994787341981 1.2445597287090122 1.55290716297667 1.041660690975833 1.395581862028971 1.613121899648086 1.8613849686790345 1.186054071248124 1.5064249063342818 0.9710058376365458 1.343668141776179 
1.653725530056714 1.8987632758196478 1.2414654801327984 1.5529746898135077 1.0388604468172613 1.3963254909946177 1.6099048474867574 1.8607222970667494 1.182464387438945 1.5062257056634507 0.9675828218614466 1.3441392658505888 
1.6522370667054895 1.8995193085292816 1.240226212025677 1.5544926297269985 1.038967328358096 1.3991924057382386 1.6072637911044845 1.8605330346638729 1.179648518244125 1.5066044289977245 0.9658481656013848 1.345789343796257 
1.6502342162584074 1.8980013639378661 1.2378893508347182 1.5529025255662379 1.0365738957305457 1.3977201616596937 1.6045017830186417 1.858376221519744 1.1762325654860946 1.5042138335722086 0.9621010573271396 1.3434190163571453 
1.6514044801346792 1.8996843072807887 1.2385990412594747 1.5542816010391711 1.0371067510188574 1.3990189860501856 1.6043902988390606 1.8589599084780957 1.1751846914459403 1.5042349448569827 0.960480029469062 1.3431997607686244 
1.6534304602135648 1.9018851585524401 1.2402558629420142 1.5561392852576017 1.0385393802653995 1.400678019361352 1.6044623014462012 1.8594714696176546 1.1741812447667694 1.5040068035491194 0.9586610633388841 1.3425222172917808 
1.6551638303862852 1.9030821410593393 1.2425899973116636 1.5576213376873724 1.0406558016073326 1.401826960654916 1.6040281298714807 1.8587793230017917 1.1736135809622348 1.5031710373803109 0.9572373965840448 1.3410659057701078 
1.6579035806908102 1.9054881322767165 1.246191864388229 1.5605239191526064 1.0449000157275385 1.4050113103628061 1.6047454982854477 1.8594216449335554 1.1745458672471716 1.5039277687599928 0.9583213836012479 1.3418720556176025 
1.6606497324708451 1.9071021748284724 1.2498917370538496 1.5625333678470643 1.0486751140155324 1.4067695852681381 1.6060886604280256 1.859785459787093 1.1764321508508213 1.5044180857844967 0.9599389282425679 1.3419254514448593 
1.6628146125350984 1.9073891274357861 1.2527250804786538 1.5628502727581584 1.0520010165680687 1.407084569832336 1.6075929254199426 1.8594450413121248 1.1784407942108293 1.5039626169756515 0.9623454250217278 1.3413759968257408 
1.6707485483259172 1.9235476525558601 1.2634209311758136 1.582677259978534 1.0642510356739898 1.4287285000493128 1.6157948116432235 1.87601378812981 1.1898002399281822 1.5245522197855865 0.9757163668470258 1.3640591220519585 
1.674701026248712 1.9260297361926917 1.2688965190741481 1.585895770061352 1.0703683968234907 1.4320110063468399 1.6208885317992998 1.879427213248358 1.1969772267334455 1.5289609212463506 0.9840450244366311 1.368689748445019 
1.6735735607860236 1.9186694145480117 1.2678260045298053 1.5772845769619412 1.0689167470678012 1.4223314912923815 1.619406928712487 1.8716096440556216 1.1954133658120147 1.5196897624587755 0.9819436590568779 1.3581815815722174 
1.672149135920286 1.908100589979197 1.2665385413634123 1.5648913717823867 1.066737334473187 1.4080815564018159 1.6182499636208738 1.861047574211621 1.1944748171305077 1.5071613110344095 0.9800911961439915 1.343630857594064 
1.671019901061328 1.896772352018821 1.2643209267203523 1.5504661400311233 1.0639197816297101 1.3918919309281919 1.6180452900778182 1.8502725221931526 1.1934280274666798 1.4932207815266336 0.9786155285621673 1.3278276237460231 
1.6763542796247606 1.8946096889112147 1.270146205291442 1.5468204761109963 1.0693909924888323 1.3867152906477411 1.6211364110451192 1.8459321400626432 1.1963239424237275 1.4867996427616768 0.9805695728586779 1.3194312751016057 
1.679006149939648 1.8889186723665894 1.2750336724711075 1.5409941483390386 1.0761652291052521 1.3809720126111027 1.619804986575594 1.836496744841972 1.1960005890195706 1.4762687791236255 0.9812431621851742 1.3083540203687838 
1.6850460571673436 1.885776542322873 1.2811516158422507 1.5356179263004226 1.0819134488373874 1.3737938941395866 1.6230337308802951 1.830576806467079 1.1984188498080335 1.4673038854903948 0.9825451580335683 1.2969841712122818 
1.691951974604764 1.8821263383442035 1.2913368098094935 1.5320733747079347 1.0939499569765336 1.3698264771455395 1.623767089815827 1.8210759542339137 1.2006118581660603 1.4564226388960588 0.9852129647791689 1.284656629255055 
1.702020668673095 1.8817487559263617 1.303565852341342 1.5308128413461948 1.1072578679740368 1.3675247749238073 1.627772221040281 1.8148681570379732 1.2050111943008703 1.4478107618851332 0.9893371686085638 1.2739278068361684 
1.7079210226930313 1.8755816487630736 1.3148047565158905 1.5262777758903554 1.1214061511142204 1.363218272022793 1.6263975080394122 1.8016606660458594 1.207015402617883 1.4344680141351391 0.9928375446954097 1.2595787754550367 
1.7210825333809792 1.8752068071893004 1.3320422372841974 1.5259790316151431 1.1405259651183264 1.3620113656387343 1.6337077069993549 1.795348532995499 1.2170506592205148 1.4267052218762957 1.0038302955724587 1.2497802788206773 
1.7332005396135326 1.8829865516558104 1.3486924316969529 1.5364327250213854 1.1592729273629399 1.3731598462366426 1.639044183332664 1.7966969911803827 1.2253379124619626 1.4293730244119762 1.0131117630926214 1.2522179074412887 
1.747741973134676 1.8927547335871833 1.3677140124516858 1.5487285419713455 1.1805844125079281 1.386253235132993 1.6470405266588584 1.8001835943360582 1.2364392874931993 1.434120144380062 1.0256315356192447 1.2569162755397392 
1.7603417925610243 1.9012142250038422 1.3844435581983687 1.559646199802045 1.1995048249327553 1.3980787273100754 1.6525534624443954 1.8018727060913489 1.2445134332087218 1.4368806450631033 1.0348630559822685 1.259664180389742 
1.7744041790992375 1.9128629081679742 1.4009817370704158 1.5726678423128133 1.2170606330026619 1.4113011369104895 1.6624269725328806 1.8094744412797987 1.25614612040353 1.4451426886106575 1.0470863539387951 1.2676451188107971 
1.780559810777411 1.9211302334812415 1.407538577714902 1.5816172046344494 1.2237681380701533 1.4205479893321766 1.664124241922967 1.8137413340373785 1.257012768652606 1.4492857671265835 1.047150757319924 1.2715631493542465 
1.7791614901722919 1.923257698659254 1.4061407466225029 1.5845303299880662 1.2220045460275872 1.423657148983592 1.66180302518442 1.8152393401014892 1.254354609236196 1.4515199113522657 1.0437762197483185 1.2739597184574125 
1.7811486353095747 1.9285370158815103 1.4097770763724171 1.5919283795526606 1.2268969105288188 1.4324945338901507 1.6611621338885498 1.8183025588787913 1.2547671413713224 1.4564357657051548 1.0451053550074079 1.2802381667584983 
1.7773112765213641 1.9293887267344547 1.4099385328623373 1.5973829070232346 1.2299374127369245 1.440989772500138 1.653163617628334 1.81566941700575 1.2498164823085027 1.457994075656688 1.0425260726955465 1.284743592103109 
1.7793587498733048 1.933274173352215 1.4126700152373484 1.6022072402004335 1.2338151819258385 1.4469731758918996 1.6528257591018753 1.8174885030037164 1.2495407160835896 1.4604052416198354 1.043079734416641 1.2881951719171632 
1.784235735750184 1.9425519800324522 1.4178262615454689 1.6125266950745343 1.2397364942309312 1.4584092736704606 1.6554726517608196 1.824993352077755 1.2519280522170593 1.4687868743721808 1.0459632475034675 1.2977095782678034 
1.7883750045820395 1.9495204231179037 1.423004819181513 1.6208909397469684 1.2461949902859544 1.4681098994808972 1.6576944495333903 1.8303812748041897 1.2548340314216102 1.4754501582750297 1.0500798468753745 1.3057612369624894 
1.7924484403784815 1.9583252767901584 1.422265472201041 1.6263473035349032 1.243231569505557 1.4723420844746815 1.6579078281422193 1.835980622151348 1.2484494497636858 1.4767506583425822 1.0399094627010805 1.3052119249053964 
1.7917651569742643 1.953844037493016 1.4208088553169318 1.6204264711633818 1.2426166379648271 1.466690237932676 1.6552022446054773 1.8294202949696963 1.244174383334993 1.4680102319967017 1.0360348458169784 1.29632262452177 
1.7933634440597617 1.9429841403341124 1.4242738484188673 1.6085990558215215 1.2482317205110156 1.4550317368325305 1.6604189437879497 1.8209958802781214 1.2527548130779185 1.4589138250047156 1.0482943548879247 1.2876163953561208 
1.7894080587891514 1.926795603861385 1.4182796942985398 1.588104968023071 1.2431330828433294 1.4338549298515382 1.6551413235308818 1.802790309231653 1.2445998920374208 1.4351268199917244 1.0406207097975515 1.2623199118526014 
1.7874367638916377 1.9153045914766167 1.4152034729011265 1.5736144263864034 1.2407003967563681 1.4187314642776516 1.6521423447486026 1.7897027184790801 1.239937503308699 1.4180643516185751 1.0363308433658673 1.2439626642835426 
1.7823280480676083 1.8998716419770283 1.4108649527607133 1.5567141356037368 1.238750111575571 1.4026121431060297 1.6453997761421053 1.7720494937750721 1.233364126010032 1.3978576652823025 1.0320605560375273 1.2239150200845195 
1.7805360473497185 1.8851718633779146 1.4080087925548475 1.538198003662649 1.2371725926125907 1.3835318436782578 1.6429703624569005 1.755823439435685 1.2294436774052562 1.3766248924350304 1.0293876917428921 1.201333991224655 
1.7754176757083417 1.8733363695657037 1.4025819260270005 1.5246367729848347 1.2327805462520935 1.3700471179990892 1.6381608692731036 1.7438039637349179 1.2242136944249602 1.3623437157845337 1.0252858067961392 1.1867991472602304 
1.7806176546570465 1.8808075967722908 1.4082415403887076 1.5329651724929565 1.2399400147089212 1.3799598632121006 1.6429128433597322 1.7509998843164896 1.229515195057125 1.3706004519466495 1.0324798394527421 1.1970182132600822 
1.7819480724581314 1.8839815981418848 1.4105491196471145 1.5374318027598004 1.243270165707056 1.3855570844022451 1.6431406021814596 1.7532708768861844 1.230536844038914 1.3741428796661759 1.0345495689126016 1.2018071974061604 
1.780196502376524 1.8817888843846458 1.4100721247771726 1.536337598118854 1.2446964316947366 1.3861093122093977 1.6393128396598404 1.7491073164885023 1.2274161463308237 1.3706130798272755 1.0332067587243174 1.1998108286699238 
1.7712949168021117 1.873416539664631 1.4021467858569587 1.5291237549292733 1.2383001315872497 1.3804314777231792 1.6302185637174544 1.7406367841364838 1.2190744408316498 1.3632117741161862 1.0264083490935758 1.1940343160433038 
1.7686810123868124 1.872567426283401 1.3993896853906136 1.5285835711460594 1.2363865008878252 1.380915573805162 1.627834815077267 1.740150116391583 1.2165135236312172 1.3631512739155696 1.024824492865798 1.1952160823790985 
1.7598248005380648 1.8665100742371683 1.3914717090148976 1.52416207984218 1.230546783096376 1.3788117761423566 1.6191076951793044 1.7344700220035052 1.2086024644145152 1.359263199541884 1.0192015430663555 1.1940051566173573 
1.7553850697303568 1.8662686033452551 1.3872461283536712 1.5251339539306867 1.2279364878658219 1.3818139437103136 1.6160565683886967 1.735863067477458 1.2061152141616698 1.3624594183432583 1.0188670705407306 1.1998632689736985 
1.7428624048652865 1.8591823314545592 1.374534984455765 1.5193209018481941 1.2165381887523343 1.378025668843948 1.6055229665416841 1.73109606186162 1.1956090737748732 1.3595847294644088 1.0099999002439604 1.1996205140763516 
1.7371745285671327 1.8582246290215938 1.369515172132985 1.5201300062502678 1.2121449544928362 1.3800430500178027 1.5999657309150217 1.7306396994471263 1.1906665377436454 1.3612164535085667 1.0056890116245876 1.2027609144391247 
1.7339392251258405 1.8612435870755875 1.365155289053227 1.5235916176029585 1.2069299109848923 1.3836048077503922 1.5975717545168353 1.7349115149857066 1.1871559449499463 1.366390021783678 1.001184340883336 1.208326337720899 
1.7315518263044165 1.863894346924782 1.3608750568579613 1.525716661014803 1.2006736582344761 1.3847193372298083 1.5966105338429155 1.7392514499341833 1.1844299852579552 1.370658527605676 0.9962483140152157 1.2117512585090058 
1.7283597426476036 1.8678374171712298 1.3579705569727536 1.5315590914440391 1.1968737390405433 1.3907177873978926 1.594793336769655 1.744979943719953 1.1833099427474147 1.379061868657418 0.9943063583246815 1.220751551784756 
1.7284099835235853 1.8744342546869976 1.3589046079633407 1.5403650338617794 1.196500696173638 1.3991842694741818 1.5949258143073615 1.7521104580316846 1.1844868152681145 1.3889246630195609 0.993982493781455 1.2304892937136838 
1.7293961263824895 1.8820330292178082 1.3601533473644654 1.5495981703224742 1.1967063861895113 1.4083123005451452 1.5963736353206162 1.760581195136072 1.1864294964079238 1.3995900510745134 0.9948386785538446 1.2413465903875354 
1.7343254675857815 1.891233488915803 1.3649705920336306 1.5594947897305205 1.2005363329431724 1.4178035014756596 1.600371557956664 1.7691999337544189 1.1901466351322596 1.4090167831493847 0.9972922253365059 1.2503883655875243 
1.7364627480706978 1.8994947498314492 1.3685127969577924 1.5702244121899391 1.2043054743034427 1.4293806717026925 1.6010557493220652 1.7765576099967149 1.1920167416765757 1.4190424030441233 0.9992138472005079 1.2614300383442754 
1.7355569198837155 1.9024604138999186 1.3673855455416553 1.5738300525966105 1.201853367993055 1.4323579589111968 1.6028687533782202 1.7822418592481353 1.1944763072393902 1.4261737106174164 1.0007406939643506 1.2683373923590875 
1.730274559031835 1.9028271436188864 1.3605980424919073 1.5742071407831975 1.1934364234565702 1.4321981656505534 1.6030331009161385 1.7879083341974809 1.1946096041104015 1.4331759121241223 1.0000777818913937 1.2755613112245172 
1.733075104876116 1.9091972414659937 1.364594170858633 1.5822774847735652 1.1966917327120465 1.4399846842315234 1.605799961558525 1.7944576629782494 1.1988166867963426 1.4417511006485688 1.003551344247697 1.2839782273159308 
1.7339113259434462 1.9147486837689587 1.3668917412271389 1.5900336688243302 1.2001220180610637 1.449174556081827 1.6055699806719606 1.799352383107589 1.1999164591066163 1.44900432870125 1.0058326574708936 1.2928702063992967 
1.7368127727694918 1.917734470059724 1.3701437529161857 1.5932610563417564 1.2027448938387766 1.4518202952346582 1.6078168943804672 1.8017386202929797 1.2024352214798308 1.4515637608645546 1.0075474370248032 1.2947350029466456 
1.7363019986203436 1.9148317037831286 1.3708667383859743 1.5909467111795415 1.203942938188102 1.4495911222869018 1.6060694593986276 1.7975802991279692 1.2016613884173029 1.4476967623825783 1.0070715349035537 1.290747419061142 
1.736156342315703 1.9115577536247867 1.3709032010185984 1.5871955730290581 1.2036442365429412 1.4451898313519371 1.6046411128233753 1.7929549078108573 1.2000041010609255 1.4421595067963322 1.004685873376868 1.2842148981549155 
1.7374855211519347 1.9093419045243338 1.373926541345137 1.5856874575945317 1.2068444248587347 1.4433308830523268 1.6044727717891039 1.7891515999413268 1.2013122326075807 1.4387083277623056 1.0059574568601843 1.2801097520027764 
1.7394786902251058 1.909287190300938 1.3767285846336053 1.5858666580287417 1.2097681917405705 1.4433054212630292 1.6049588256859584 1.7875917580497092 1.2022846227691886 1.4370385434800454 1.0067997795725077 1.2779817124854527 
1.7428705449803668 1.9102829265426002 1.3812149248253003 1.5872421968433679 1.215102300450526 1.4450109769272206 1.6057044540512928 1.7860206932284297 1.2035130766884754 1.4352793625772513 1.008544821889518 1.2762232487461431 
1.7455424910058648 1.9123891653706262 1.384816235284292 1.5899779046977225 1.218875606084132 1.4477470341972591 1.6059521983879097 1.7858880691205035 1.2041095801906734 1.4353374561499326 1.0088714579702212 1.275984071462869 
1.7275526648042456 1.8928599214871265 1.3564273845924264 1.56152993002768 1.1836487188656313 1.414038458590236 1.5595926492748837 1.7409220845208009 1.1348067111505158 1.3734142653883605 0.9213660031020517 1.2030776302351607 
1.730866814132861 1.8924336479428916 1.3606497199009155 1.561016605890674 1.1884895423462674 1.41347535382349 1.5604817792805017 1.7379610372693746 1.1360330609037925 1.3696628413833967 0.9228818166300818 1.1987977440195823 
1.7373581055538923 1.8947509282103043 1.3691430888456508 1.5640398622649647 1.1978896145028597 1.416547712416991 1.5628242113986492 1.7361127292758987 1.1395433851037924 1.3675624371683401 0.9267933196424162 1.1960826686955253 
1.765887410116061 1.9207090756713807 1.4096672966364827 1.5993520235915575 1.2468068933104315 1.4578382754497872 1.613326768266866 1.7814567829072951 1.2131062621248025 1.4291227418827293 1.0193097395818456 1.2687621342735642 
1.773471243498704 1.9250889965393392 1.4190769711036961 1.604539448875234 1.2579108745522634 1.4639355045208924 1.6171904977203027 1.7821538931856697 1.2181478991964974 1.4299131782723173 1.0258872368427439 1.2701228349245755 
1.7802243805412534 1.9259728425378926 1.4275052136764648 1.6055976084291763 1.2679688896315593 1.465577582454607 1.6197916171759532 1.7787347829829747 1.2215961579316996 1.4256471226055523 1.030665388510495 1.2658766480954968 
1.7851063949865396 1.922618680170834 1.4347297768645635 1.6025939225336656 1.2779350154925093 1.4638905873533854 1.6189580610447696 1.7694301205025984 1.2218305506991713 1.415177601059966 1.0332174339517506 1.2559442717500804 
1.7928948137987935 1.9225285918515256 1.444580365001065 1.6026405723326145 1.2897287189741142 1.4645970577898244 1.622027448579897 1.764261153312233 1.2260969217588835 1.4088853873493792 1.0391830441008023 1.249618250621609 
1.8030205798991896 1.928206589258529 1.45723911625375 1.6095475392979264 1.305654836601163 1.473713673567566 1.627474144292317 1.765154250953726 1.2334239825542594 1.4101177823359332 1.0500111576264368 1.2528451103229041 
1.811815498038705 1.9338542907502727 1.4679466926742402 1.6161635163105372 1.3185012347863918 1.481743069851599 1.6337132505226368 1.768088234182118 1.2414552261492318 1.413622331973162 1.0605607441977287 1.2577384907258107 
1.8139084172398452 1.9336841856449984 1.4699631146847054 1.615444936298839 1.3217434890830975 1.4818490593220215 1.6341215211034827 1.7661324778774554 1.2413222619986963 1.4105856024409011 1.0616474228921577 1.255374858045819 
1.814804209688089 1.9324371323025258 1.4705045118943396 1.613438090012012 1.323349054294297 1.480557891573852 1.6351894863597947 1.7648352917770003 1.2420603271587134 1.4083723964568498 1.0637589277188746 1.25394657266632 
1.8020302144269833 1.9222162209563625 1.454310429622149 1.6008188942250026 1.3059891414968807 1.467382003470044 1.6229421720159223 1.75543259628724 1.2254171639518356 1.3961552679081795 1.0451009701018175 1.2409022298746022 
1.7848645662781923 1.9076175405241584 1.432656775070512 1.5829619692574548 1.282591466662491 1.4485523916363674 1.6109820753054456 1.7460029805001593 1.2091431520524938 1.3839401443398627 1.0269189828586478 1.2279355676563164 
1.763702106256669 1.889803156351002 1.405589557592902 1.5608948890153398 1.2533292341656324 1.4253227772523003 1.5984806694527807 1.7366206553977788 1.191711934745226 1.3714547697806918 1.0076355989216588 1.2149240101151224 
1.7427631132170545 1.8710620777488918 1.3792434811845222 1.5381685897163546 1.2249164102052026 1.40145290395004 1.588499462004945 1.7282883355476308 1.1783122898408553 1.3609077420567495 0.9932408992736858 1.2042331642958517 
1.718276800315898 1.8484799368843148 1.3488569777792752 1.511230644562186 1.1919845345069875 1.3730367966896735 1.5761569106227464 1.717170207482019 1.162415842503809 1.347447032526266 0.9760238598025357 1.1903887976051521 
1.7014075410269844 1.8454835274267527 1.3254423122352363 1.5059280037251084 1.1658079367818224 1.3675269557867917 1.5695475672509864 1.7246742866998077 1.1512989482595255 1.3551793599385618 0.963223800922449 1.199509032897831 
1.6730475029551433 1.8287283698199797 1.2906599145958009 1.4869305695238229 1.1281928927025024 1.3483244070268994 1.545444029120576 1.7127628996987412 1.1203179527011249 1.3417420834811884 0.9285087523251678 1.186291703833606 
1.653131742575373 1.8180738803498306 1.265337272157226 1.4743223827949874 1.0991605643900666 1.3344294744984802 1.529182139547245 1.706149492866991 1.0984679648994276 1.3338590427816164 0.902057317419625 1.1773935111126994 
1.6303063956429327 1.8030142987437037 1.235319121391007 1.4556699315003556 1.0650956950782637 1.3143022702081322 1.5124653428340928 1.697207421346681 1.0750189771693568 1.3223567669408471 0.8741174459271763 1.164921854492502 
1.628990301396236 1.806200318415153 1.2342221871458152 1.460155675071326 1.0638802058704728 1.3193147011395727 1.506707117207256 1.696737023007101 1.067642890784648 1.3223507592325872 0.8651000100814933 1.1649670448742315 
1.6202981831941459 1.79883553216025 1.222576680647169 1.4509089597084477 1.0508674500917088 1.3094905371793453 1.4954462657221255 1.6872470485860243 1.0515165577689445 1.310011503980881 0.8457634000488848 1.1514159970064035 
1.6115194209999582 1.7895763901270156 1.2137259958738793 1.4417765447183695 1.0424252596037953 1.300860958634719 1.4849266305983069 1.6764831970825238 1.0397802878781846 1.2987424143763229 0.8334642618973174 1.1402857044179937 
1.6032593910672752 1.7776243975444899 1.199256032815933 1.4239813397462098 1.0221697850383809 1.2784126458798075 1.4787294125178583 1.66617781138311 1.0268471320724473 1.282155550760285 0.8130381724405135 1.118274963300802 
1.597262915465469 1.7690412307578502 1.1912745332295362 1.413291572366173 1.0128488958977295 1.2665389614698987 1.4736244543034869 1.65826025922388 1.0195367696759394 1.2718935803443816 0.8038551468524973 1.1065446905214673 
1.5978310154704252 1.7646806152953713 1.192568459921379 1.4082802461155415 1.0142774715033602 1.2608697431532132 1.4706725718525013 1.650427682026465 1.0158904425179174 1.2621676240496942 0.7991074075487288 1.0952654330340432 
1.596098073860488 1.754870120316931 1.1901727729120506 1.3959051927624453 1.010653510052362 1.246378993396936 1.464845751395402 1.636402503414475 1.0073506059863964 1.243702263880371 0.7871877357918884 1.0731750133045215 
1.5910760331430078 1.741082720051546 1.1854017914791972 1.3802258880567664 1.0066299574531299 1.2301016080235363 1.457116257558775 1.6195783040230225 0.9984198776276894 1.2233921476215588 0.7777973489554268 1.051101712900369 
1.6003537782982988 1.739211222259574 1.19705874213158 1.3771975501116898 1.0201441900602288 1.2265470347416931 1.4591791040559896 1.610256848342413 1.0005104067992696 1.2102663070719766 0.7802343305146474 1.0356104820025915 
1.6045529403442225 1.7332426643281345 1.2029830552286636 1.3699300077913799 1.0274597043034293 1.2186933326507083 1.4570228124388753 1.5976405950799104 0.9977442401574111 1.1937476968971668 0.7771735852223042 1.0166310917177823 
1.6071534884329657 1.727227903862791 1.206591703677035 1.3624380484566079 1.0311434155258181 1.209806033991503 1.4553758354398532 1.5869759666996377 0.9955099328395725 1.1795820967114794 0.773584662711361 0.9994033854666743 
1.6038677981526284 1.7163680637063135 1.2021509404192803 1.3485897447745032 1.0244549444221351 1.1929104531820316 1.448842355934889 1.5724730803771998 0.9858595954551338 1.159933859369128 0.7591180353218859 0.9745704734450761 
1.6031063702989767 1.7096552848142106 1.201030963003519 1.3399427347812891 1.0223091478086068 1.1824073545496745 1.4469141354251676 1.5641392756699002 0.9828966654196972 1.1485020736999825 0.7541395590294676 0.9600508491185037 
1.5957289287762004 1.7002456508202688 1.1909771739765798 1.3277466203810275 1.0102562663667274 1.1683758739092656 1.4367419055394883 1.5520025006852405 0.9676275719166132 1.1317188594934875 0.7338216491309316 0.9396694481216467 
1.5935077668190263 1.6959967791103143 1.1881665659799387 1.3224514585997325 1.0064186475381702 1.1619021326912864 1.435764087624621 1.5487274089240366 0.9663805155902927 1.1273993847579304 0.7314574536584885 0.9338993941279541 
1.5896555692016558 1.6891824481724407 1.1826725869376697 1.3134104318200919 0.9980959809025584 1.1500122180280696 1.433415156573224 1.5430526645626326 0.962490846862369 1.1192502601357037 0.7237884839466846 0.9220641431125278 
1.5909843431641337 1.6875066181480327 1.186089997341437 1.3127287944939008 1.0019124230158092 1.149032597228386 1.4349310098375498 1.5412574116913145 0.9667498666115294 1.1185046762054283 0.7291257272881063 0.9209081019805451 
1.5936198190681146 1.6815108600620723 1.1903353005463166 1.3056618139880978 1.0070611340562647 1.141063877487448 1.4394488089983228 1.5361860299152215 0.9743135397430799 1.1122686359448828 0.7392975542545032 0.9134634740955382 
1.5899995233484474 1.6734867614917932 1.1859772187728945 1.2957628718590026 1.001771512196414 1.129604187000159 1.436491897383445 1.528387525429428 0.9705423486114814 1.1020035876022773 0.7341366695978959 0.9007863821618809 
1.590316674406214 1.671126392615005 1.1859364698391057 1.2922854195936901 1.0011714219325478 1.125122442800978 1.435559493331586 1.5245941604553128 0.9685913712678014 1.0962324295943995 0.730799664815495 0.8930982282450458 
1.5865645885712438 1.6646975250862364 1.1830135303149494 1.285905000079026 0.9980512772940277 1.1180952591028368 1.4300036524108042 1.5162259403625307 0.9629352341192214 1.08686472084995 0.7237607369208694 0.8819638658291166 
1.5850025747165997 1.658289588901242 1.1814399804722415 1.2780812283490632 0.9968045009219462 1.109644272665006 1.4247740270857867 1.5058792206077654 0.9557972033115865 1.072958290269594 0.7150993493622059 0.8654815297036962 
1.5893888649916013 1.665287594104781 1.1863477902197526 1.2862530413100255 1.0014672808231382 1.1180172277202576 1.4277742117573389 1.5118085218304897 0.959063770017036 1.0801986492674809 0.7178571934300653 0.8731235634658419 
1.5925625231197331 1.6699004223562224 1.189311941437355 1.2910363761666401 1.0041697456334213 1.1227951320634988 1.430722675169961 1.5163374966627614 0.9618601131378149 1.0851206881197548 0.7204643372475075 0.878282922403419 
1.5969595903243763 1.6716127370683078 1.194685723999831 1.292781183622735 1.0085068294905097 1.1229849663860152 1.433886731764054 1.5165883980596053 0.9659322986260476 1.0849121693155626 0.723074858869398 0.8756976996252759 
1.6086997747832286 1.6811059396741215 1.2043340754905218 1.2994701921966545 1.0163297522888965 1.127443293654989 1.4453368207402764 1.5255165487164046 0.9754507293490584 1.0907366045052354 0.7307596905875485 0.8787559049062543 
1.6131287862830295 1.6837198345493705 1.212051731872431 1.3045295707092883 1.022697218308019 1.1307685883747214 1.4521426399410493 1.5301785016314142 0.9877262608308842 1.0992411775652149 0.7432653401948459 0.8860989595157869 
1.6218649191180214 1.690259333246146 1.2212024224778242 1.3106739313901479 1.0327034508830237 1.1371047512105936 1.463608454767089 1.5390518206433812 1.0015184719543149 1.1088597961084645 0.7603816873555712 0.8970569147081503 
1.638301915370116 1.703635908469116 1.2369687004550238 1.3222835205149426 1.046971807598175 1.1465130215681767 1.482858189748902 1.5547380980812784 1.0222166164298987 1.1239523804972302 0.7816554297805334 0.9106741204324357 
1.6399891976804506 1.705837225953452 1.2419222889168904 1.3276622479563724 1.0532943059319024 1.1531456837054754 1.4821571637679212 1.554704451350342 1.0244980533454264 1.126903870899629 0.7852733183475472 0.9148607858294989 
1.6493109409231144 1.712674872603288 1.2540067091721194 1.3362490284549091 1.06258467589585 1.1584967988072685 1.4895905608752658 1.5594578155393268 1.0349812973424635 1.1332320703398262 0.7923002288581574 0.9169341808694279 
1.658920907029726 1.7214137302555503 1.2656916696337732 1.3465593405091096 1.0699682936331938 1.1645079666160847 1.4985609277504628 1.5674602097381383 1.0467290389495882 1.143192169284031 0.7990609662474625 0.9218161870526729 
1.6627470261557071 1.7245721549073116 1.271742426511614 1.3515732476938302 1.0750742512913458 1.1684203397243853 1.5029378635824064 1.5710645009934021 1.0542406500366261 1.1492801193275937 0.8061508510134118 0.9269847027225682 
1.6634546810047335 1.7253439275583753 1.271791717757495 1.351733836952586 1.0747500876745997 1.1682542289940834 1.5078138237715424 1.575827630092378 1.0601298150493457 1.1548183482100378 0.8133319140157725 0.9334018400252702 
1.6687589280819475 1.7311516873899901 1.2743928691158037 1.3550671531526437 1.0753129449854169 1.1697981596639695 1.5186734980413699 1.586977945137616 1.0703691038390497 1.1652552609420865 0.8233533647548967 0.9434196139328512 
1.669950846046811 1.7353869061942528 1.2775962331708954 1.3620146919143203 1.0797434703726903 1.1784217614209525 1.523697068715583 1.5951440822666962 1.079429971796439 1.1781345211776373 0.8359203854509476 0.9599972795745105 
1.6659592211898302 1.7360617818348014 1.269266310380696 1.3599732903066242 1.0688226638069693 1.1751052167135612 1.5286896455681989 1.604799805629171 1.082824488302433 1.1878548969244624 0.8389599468791258 0.9707441352629566 
1.6587911533515425 1.7354256711021478 1.2593350489990105 1.3586901542001177 1.0570741510591108 1.1736779500017624 1.5271937477731303 1.6101040068021506 1.0801191686278602 1.194475444670312 0.8355467752539887 0.9789037660160163 
1.6529759632055951 1.7360935861296374 1.2479174026094295 1.356093377537279 1.0423594737591562 1.1697028158470275 1.5260760226592465 1.6157349509744674 1.0741863598721895 1.1981518019852349 0.8264936566819282 0.9822337651498574 
1.6345313329382998 1.722259627418658 1.2266584186141856 1.3413338219236308 1.0207527582902016 1.1560370839364342 1.5120926818013025 1.6065210313706617 1.058027634779477 1.189078644092246 0.8103504140537319 0.9752709056648079 
1.6243064509961052 1.714852333539994 1.2125488778385647 1.3313984603594684 1.005337851444758 1.14588449446162 1.5030248398305208 1.6004470463740943 1.0445032329043136 1.180395731374679 0.7946171518080657 0.9663143883061881 
1.6209843168760147 1.7137541110550254 1.2072756332992065 1.329239426272784 1.0008447801522473 1.1450123455919592 1.4983142879776592 1.5982204801459652 1.0367593764987129 1.1765343183936454 0.786794651709072 0.9635397353290626 
1.613612657966142 1.7065724956439905 1.1979066846580986 1.3204636678411708 0.9916339649026537 1.136653770190623 1.4906774500033726 1.590837242739985 1.0263302953477293 1.1670465920812918 0.7757005674540641 0.9541253813249897 
1.611032421217574 1.7034808436346323 1.1930356833783968 1.315201757993867 0.9862472009664506 1.1309752710957734 1.489804810239972 1.5893205765452603 1.0234388365770366 1.1635499880237885 0.7725130754972102 0.950367283859329 
1.6044371055002864 1.6948162232390087 1.1851503789419031 1.3049003892075965 0.9786865156454014 1.1207189214759143 1.4862637437904946 1.583402513940829 1.0194816875776322 1.1565148145848099 0.7697978867898617 0.943807391131335 
1.5978855332261426 1.6870359439648563 1.176135300929869 1.2946607065287004 0.9690829865875231 1.1099432119840156 1.4801904424409023 1.5760126410753799 1.0104552512077878 1.146242519552208 0.7595047093293059 0.9325768077908616 
1.58867877327694 1.6749003008002366 1.1642499627918064 1.2794017151859391 0.9554199218462648 1.0928028184538703 1.471024637339811 1.5637468646237864 0.9977430605425038 1.1299920299810624 0.743532424350628 0.9133625999682287 
1.5857178721701815 1.6708968937082647 1.1603150339972021 1.274255169659487 0.95151394425932 1.0875541574578842 1.466602129795238 1.558305832115098 0.9913382949931513 1.122562637185083 0.7360702569184061 0.9050937423294497 
1.579407859410458 1.6629426605687656 1.1523376989266318 1.2644094583399497 0.942577932251506 1.0767089970551582 1.4611512322027194 1.551068028598206 0.9840304412809213 1.1131778902491394 0.7272461037142274 0.8942795990849421 
1.5733511395945896 1.6544677388669726 1.1430844604243353 1.2523864316382518 0.9308685615400241 1.0622363057962168 1.457329196119941 1.5445510921790815 0.9772495387891436 1.1031075883845571 0.7175589566464861 0.8813175062096484 
1.5678970740956146 1.647416142946156 1.1366641712298267 1.2440595448930845 0.9227573686281724 1.0522166480528565 1.4519141245120488 1.5374437674398336 0.970442593952671 1.0942748929037844 0.7079792026306908 0.8700076232077445 
1.5666867863718161 1.644036962091196 1.1313871759004734 1.2362794942576896 0.9141562650838472 1.0411684412822206 1.451966122742555 1.5351077055770546 0.9662996827030675 1.0872373811279894 0.6995568683045352 0.8589120200125556 
1.565016708148575 1.6401523819097426 1.127466631339572 1.229635532946329 0.9089021029705028 1.0329208933331742 1.450439917674704 1.531208181105431 0.9621224780578628 1.0800473146507066 0.6932544199528788 0.849366958319078 
1.5570519841727766 1.6301423254484195 1.1191136034453255 1.2187568983264796 0.8986866157990675 1.0200935021939808 1.4436739158883425 1.5222179526002118 0.9550909649956809 1.0701176903585796 0.6836820367805351 0.8368836521395199 
1.5511608469736755 1.6216642681406317 1.1100529495407372 1.2066120238768094 0.885497966335378 1.003893258152524 1.4399753318665185 1.5156595863729065 0.9484969868081238 1.0598780870289233 0.671964010631589 0.821724197625998 
1.5492856382280706 1.6166639974898187 1.1056708475942376 1.19825895163765 0.8769586863813825 0.9911473299059833 1.4392705996510038 1.5115608988657254 0.9453686547690059 1.0521589164093796 0.6635287543277683 0.8084472152093543 
1.5467000404143043 1.6105757270608576 1.1026323536961946 1.190576022351202 0.8722132307054338 0.9810346973464344 1.436993336942663 1.5055308060606432 0.9425852443241459 1.0440977446568926 0.6583500248481882 0.7969303061106473 
1.5448866995444552 1.6054685385735095 1.1001934108280054 1.1837566705828357 0.8676041078910128 0.9713862269712085 1.4363613647788496 1.5013288394450297 0.9417455054468591 1.0381420475779604 0.655130478476891 0.7874327004572266 
1.5492413117246648 1.6060751475178117 1.1008806312922215 1.1795197759573004 0.8640662976614467 0.9622574002180289 1.4423250162686496 1.503206635853621 0.9445056775659743 1.0350940597232505 0.6532712892469408 0.7785191808005504 
1.5422443254923293 1.5960388171448994 1.0986509962282334 1.1729690353258648 0.8650829229116073 0.9577007934805577 1.433326890668451 1.4910561095523165 0.9396501623015291 1.0255558365263637 0.6513653963124614 0.7701293565585524 
1.5433139172918646 1.5932183191599198 1.0997025827498814 1.1687054957117127 0.8666748027413511 0.9527077090623124 1.4332141847284237 1.4868186387407039 0.9389519809376621 1.018900185350243 0.6506998276523207 0.7615359682291835 
1.5431659376517777 1.5905995768038825 1.1016709610081816 1.1671867069705217 0.8694549910884923 0.951103508630207 1.4317600491453484 1.4827618625149117 0.9392841069286173 1.0153327218841566 0.6515579089602781 0.7570823015555773 
1.5423606829742806 1.5854979741535118 1.1020396898410192 1.1616448801784864 0.8709951547424877 0.9452829783958294 1.430145287159626 1.4765645573576827 0.938579002527166 1.0078977595197292 0.6519751725218452 0.7483307926611666 
1.5453074651310525 1.5848262284142574 1.1036330159023695 1.1583198376397428 0.8730910753121692 0.9412688448417699 1.4325217089418782 1.4750652389198788 0.9392279375049274 1.0029198029103623 0.6530170829233795 0.7417077073010364 
1.5417594166895463 1.5778989201184244 1.1037446341209955 1.1536876182532645 0.8763608935540712 0.938483520852066 1.4281689345980362 1.4671092014267002 0.9385609325722493 0.9968146905573224 0.6562414361733722 0.7371538005809168 
1.541097022598217 1.5738732487341824 1.1043891550812557 1.1496835981612898 0.8791455275783924 0.9354110479789566 1.4274476011612787 1.46277258112158 0.9393093350228613 0.9921688348668738 0.6599420275002116 0.7332260563298947 
1.5399716845447389 1.5691180027772162 1.1044157400180243 1.1447063572111236 0.8811819019927498 0.9311820777053004 1.426816159356054 1.4582259324396751 0.9402264036919833 0.9872407040026056 0.6639074542431047 0.7289661344942988 
1.5383109298626074 1.563112477326811 1.1035281506761667 1.137846421611792 0.8826684098429943 0.9252154460312257 1.426174728753374 1.4528917567302664 0.9409294443978039 0.9809527609292712 0.6683392564669234 0.723600346582808 
1.5382596843389253 1.5581938060916845 1.1048574306499868 1.1324464768555247 0.8868838411328116 0.9210255308852682 1.4269667322900315 1.4484333384531336 0.9437696438551572 0.975923266216402 0.6756879059613914 0.7199161250746439 
1.5390321720730726 1.5538006192674658 1.1060729246645356 1.1265316917139792 0.8901831961320994 0.9154793610103724 1.4293278682219694 1.445217801106795 0.9474995740769279 0.9713041648402212 0.683216108472246 0.7158635265439635 
1.5379062808531474 1.5472423411112948 1.1071894056066287 1.1201212047486468 0.8948924801827091 0.9108433918778575 1.4295558176886833 1.4395947239857334 0.9509692356157269 0.9659946275873174 0.6923197659229152 0.7128182038413161 
1.5401501957019776 1.5435940848425274 1.109904833992915 1.1146787940751544 0.9001530846033023 0.9060329183649124 1.4339282352059464 1.4376266056110814 0.9570665070520649 0.9625987597960223 0.7031096174287762 0.71062170496041 
1.5437988032318068 1.5411679473892388 1.115160963475659 1.1115160240230277 0.906077305785748 0.9015874784289986 1.4399022967757082 1.437081250820551 0.9662235009871991 0.9620144235197099 0.7148286252382174 0.7091289450163206 
1.5519585806902483 1.542564484330587 1.1239163537283767 1.1109085121278393 0.9145278695469536 0.8984937263654598 1.4505749444196567 1.4405198441944804 0.9791732243980582 0.964214683313882 0.7293513949929005 0.7091425875788945 
1.5584233206073022 1.5428310215097083 1.1327016372428753 1.111151346006785 0.9235958162598454 0.8970359783936707 1.4593894448065226 1.4427272321311087 0.9920419872226629 0.9673632301946824 0.7444216125373376 0.7112016956761914 
1.563976636682035 1.5441942486899924 1.1389159632243504 1.1115945883672023 0.9294744227181563 0.8957877316012147 1.4669645193689076 1.4458554072545602 1.0015445832748786 0.9703630814737595 0.7549070694378548 0.7130200846310362 
1.5779675318352562 1.550697610311646 1.1549957556312707 1.117451002338022 0.9430984993765231 0.8967253351089451 1.481958986317182 1.4528881526897552 1.0199196542503974 0.9771988785432831 0.7717873315403991 0.7143789136209509 
1.587111475961837 1.5545364502158707 1.1645562713453397 1.1197553514271588 0.9519862294853639 0.8966261869083235 1.4924571528622723 1.4577685313690099 1.0318414728676883 0.980998248239904 0.784081180191031 0.7158519644799195 
1.599029190913127 1.5613734947001918 1.1787791398698444 1.1271703940187083 0.9647135573797488 0.9009245719549944 1.5055008314153433 1.4654438201283222 1.0484076786213894 0.9900260083211401 0.8001941313158264 0.7220134931926757 
1.6098695046910634 1.5673793246799737 1.1912508900035501 1.1331711292802382 0.9772428683465794 0.9055394795558336 1.5169379743859832 1.4717672857603032 1.0623086552100809 0.9967436000467975 0.8151224568948214 0.7276144205788186 
1.618657574533181 1.5715240121339669 1.2032989289422806 1.1391065312400066 0.9899754548440279 0.9108714389603179 1.5270383566871006 1.4769839267621163 1.0769039472458257 1.0046678499452644 0.8317723248543679 0.7358536386494533 
1.62987864162883 1.5776592694361606 1.21737943519588 1.1465239087074632 1.0058668460774716 0.9188430203456083 1.5390085872527937 1.4835942220290022 1.0927285730856677 1.0131930311830217 0.8507709193653953 0.7458656321602704 
1.635512790772778 1.5804645066502951 1.225281915961123 1.1507744095092487 1.0151616316534822 0.9238609778431819 1.5453784010336629 1.4869970983096639 1.1020925946495423 1.018613790983295 0.8624647540516426 0.7528687933374316 
1.6404076505634932 1.5820963170007192 1.233855052762374 1.1552011891732281 1.0265673102272643 0.9305546403448001 1.5512295163602452 1.4894309345072836 1.1125529396964624 1.024629464668687 0.8770497105793036 0.7624353684524612 
1.6488730894576726 1.5883279987073482 1.2461639649491114 1.1648725225867806 1.0426158976045254 0.9439551240804247 1.5579071529900907 1.4936793711093725 1.1230391176346841 1.032095066395383 0.8918184468476138 0.7741727898070883 
1.6556218750745142 1.5926724864281576 1.2561458574645104 1.1719318542582797 1.0551222854367404 0.9533125893563191 1.5645683740972303 1.4977970667033802 1.1334429051457555 1.0393337649789167 0.9055790640387232 0.7845988127860314 
1.6630914745056449 1.5979848219971804 1.2671852693956633 1.1804409115806516 1.0690126666103448 0.9646088949068218 1.571337777364676 1.502259847474251 1.144109988145091 1.0472200837137149 0.9197919543969495 0.7960524342864357 
1.6706099169969304 1.604067164911897 1.2783383991606019 1.190060098292725 1.083745796194149 0.9780587536280682 1.57743494717484 1.506782992785786 1.1539118599652618 1.0552755826553035 0.933738972394582 0.8086794441238692 
1.6766186612072078 1.6087893788213081 1.2863641129587882 1.1966142909928201 1.094064498605201 0.9869803733652711 1.5819739619564699 1.5098989193347516 1.1603120753953438 1.0599420939882753 0.9426391718511649 0.8159177278428567 
1.6801872294549467 1.6110962857022202 1.2908145412968859 1.199501686452958 1.0990619791547198 0.9902218689786092 1.5854910859489213 1.5120793958663317 1.1648841305569795 1.0628062633441195 0.9479926643299988 0.8193242382619288 
1.688265501740221 1.6180145986752283 1.300936083735923 1.2083730926854337 1.1092146156475582 0.9990434929101736 1.592766019717322 1.518102246466344 1.1743499832529314 1.0709008919251866 0.9576117442712156 0.8274968821247366 
1.6943485411999977 1.6233160876510033 1.3075536672223285 1.214098321400108 1.1154838798774998 1.0043119174970294 1.598732009270647 1.5232472480942023 1.1810265242857843 1.0766437630091767 0.9640701969600348 0.8329282598318779 
1.696674340209293 1.624574591406821 1.3114975720620454 1.216784560982198 1.1199320811212794 1.0073661959012918 1.6023405908622048 1.5257896825724833 1.186936154106294 1.0813677543947018 0.9711021669858636 0.8387956873068911 
1.7002611119633477 1.6271930207368885 1.3163164364448392 1.220474595694167 1.1251569103262176 1.0113591601082377 1.6062635819985585 1.5287092505557882 1.1924276946024193 1.085703958146437 0.9773294832628555 0.8438259279820929 
1.702775102787532 1.6293996244178681 1.3198071687459083 1.223679307683631 1.1295250659782146 1.0155426923832844 1.6084972485749207 1.5306088605692476 1.195705361145918 1.088674145946844 0.9816553482119323 0.8480255350242056 
1.7076920353853502 1.6340532330981632 1.3267950827910693 1.2305702225385433 1.1384402908007782 1.0246775964168242 1.612314011884335 1.534103762396325 1.2015529854811067 1.0943708045258518 0.9896416931993923 0.8563343749952819 
1.711357106016322 1.6377125487436923 1.330668452437556 1.2345192498752542 1.1425908437899197 1.0290155899268778 1.6143605132412526 1.5360726267701539 1.203368294709712 1.0961087996693395 0.9914285444309944 0.8580733108030806 
1.7104201260137815 1.6374112664425513 1.3307313968915744 1.2354856124912992 1.1422887436515343 1.0297583317812973 1.608194133328747 1.5303159864789362 1.1964938000980199 1.0895760926493387 0.9826367268085394 0.8492076217704362 
1.7102757701982334 1.63792829734612 1.3298113773491187 1.2353801829587359 1.1422142130647648 1.0307372146416176 1.6023325534754513 1.5248722927009855 1.187781419760033 1.0810136901293896 0.9731802044468227 0.8395508367259006 
1.712406537598969 1.6414184492784556 1.3329816591430244 1.2404670407679883 1.144557791119212 1.0353409645289275 1.598090926703387 1.521779545673975 1.1825390325954108 1.0771800867225916 0.9651792565175084 0.8327600932031325 
1.7171747832476576 1.6478150718638422 1.3387964330030313 1.2485916721897674 1.1515815480553864 1.0453446018713828 1.597245465237463 1.5224317229556272 1.1810502652392234 1.0777221366667942 0.9636617154487565 0.8338160328643484 
1.72103286023001 1.6537119138929517 1.3438117061521266 1.2564389717576774 1.1574900505799128 1.054794864109363 1.5949811944946215 1.5220952660564613 1.1780665543132485 1.0773345787412052 0.9601010998803666 0.8334285273204235 
1.7246392307417109 1.6594601519691154 1.3472241144714416 1.2627115008478222 1.1618771161415309 1.062725718505655 1.5907609586023164 1.5198512911378401 1.1709623246771692 1.0726510548977986 0.9518920023896409 0.8279649171150671 
1.7294454815558689 1.667014496119938 1.3514518428985958 1.2705816543119182 1.1663723649306899 1.0716250045020461 1.5876755392314925 1.5194305757335576 1.1645402645997305 1.0696306299251206 0.9434810214699658 0.8234756186275403 
1.7291898261012177 1.6696083982095802 1.353966028042048 1.2769959881581305 1.1719619769821716 1.082122739883032 1.5805700094244355 1.5151555376831647 1.158157202236363 1.0671564335991046 0.9389350219754081 0.8240714314742139 
1.7330102539488361 1.676985414299066 1.3586239290884765 1.2863959422245586 1.1788957125597708 1.0948747145549622 1.578803198721047 1.5170942883591019 1.1554886328700122 1.0696305531218757 0.9375980487883973 0.8294851659745398 
1.7392565512662617 1.6850668311917514 1.366220238000671 1.2965317632756284 1.1896219762271585 1.1088901301673715 1.5790188764934414 1.519123920811798 1.155354923788621 1.0720456493930703 0.9399402680610136 0.8354188063376417 
1.7453103164904773 1.6915710250084357 1.3735761408994007 1.3046132939105328 1.200055302412389 1.120462922478067 1.5785964414149964 1.5189704265218893 1.1543699748555878 1.0713890379540432 0.9412711367337735 0.8374340479393527 
1.7518053062498382 1.6979033395411793 1.3801654108856263 1.3110722637692744 1.208077816949343 1.1284972003620966 1.5780622477599195 1.5180034180544817 1.1516575828800373 1.067880661696376 0.9385683984692272 0.8336453430716746 
1.7537704439897372 1.6991874805011833 1.3829405776865324 1.3130315933335193 1.2133513063461712 1.1330263528673814 1.5714588520899808 1.5103013763788866 1.1429334167010605 1.0572720173597523 0.9305877423499409 0.8231165591166053 
1.757139919371124 1.7021593190085234 1.3860766386630863 1.3156800900247596 1.2174129127981022 1.1366177243416362 1.5672810959899823 1.505382238797695 1.1357983033301116 1.0487342069788512 0.9224551684757151 0.8128525013110066 
1.7584470508468544 1.70361430759195 1.386345385332241 1.3160999984165336 1.2185193245213635 1.137960905581558 1.5628479544191112 1.5008862072229192 1.1279677413082343 1.0404215029650241 0.9138637985126666 0.80331358797919 
1.7569366186281052 1.7023041264933712 1.3843427780273063 1.314312742187475 1.2173375424574566 1.1370680496242782 1.5573402437092416 1.4954336133297124 1.1202175145374045 1.0324244946127343 0.9057555106519418 0.7946106608121741 
1.7575556015490632 1.7045759386417754 1.3823295872318186 1.3143106656329355 1.2148632856978145 1.1368686120200917 1.5550659522144035 1.4949272737482882 1.1135813894531867 1.0279304203089283 0.897285476387805 0.7884787024368447 
1.7501616695244158 1.6990338634448963 1.374191511206677 1.3084542441875795 1.2064413576599942 1.1309955566369347 1.5457660909311248 1.4876299968515325 1.102147561750463 1.0190090517421768 0.8842102057047806 0.7781245964063148 
1.7428845645164255 1.6934089853929588 1.366117760381443 1.3024074331059423 1.1986120578525854 1.1254591293377159 1.5370656038144925 1.4807288938254735 1.0914219167808619 1.0105390576368685 0.8726940646238005 0.7691438857649524 
1.7377633291823718 1.689642998757726 1.3599211397176676 1.297866549862119 1.1919360822841971 1.1206175526248907 1.5313114726439556 1.476477870220546 1.0837337976878825 1.0047641610104334 0.8636000592004379 0.7621529618462424 
1.7349595980641999 1.6876635641131472 1.353914573270814 1.2927521689926071 1.1835424016549176 1.113057103312804 1.5297208199260053 1.4758622177002467 1.0784459428803514 1.0005844044532626 0.8548295716194486 0.7542261565572292 
1.726461580427482 1.6804090218908487 1.3445758382077821 1.2849081978305532 1.1733971112509864 1.1045205624397219 1.5233178299659462 1.4709187956009535 1.0713131228040476 0.9953977593164254 0.8465745112464467 0.748193354188715 
1.717145301927056 1.6722647570555806 1.3351232444722698 1.2768850800640439 1.1642000893017317 1.0969244630739894 1.516923408392843 1.4659256654722161 1.0653744491633728 0.9914152241569423 0.8413266232148843 0.7454608753584322 
1.7141837671104838 1.667961808970784 1.3311185758695916 1.2710418056795338 1.1593830336110194 1.0898805564763003 1.517816677015077 1.4654139598710971 1.066404304485447 0.9903982781614121 0.8423244601844885 0.743761457044589 
1.7061526755464325 1.6589261326153886 1.3230846549916033 1.2615989717316076 1.1509218289155219 1.0796758853814648 1.5139172468382311 1.4604877238355172 1.0637393864449365 0.986215211540691 0.8400056751440731 0.7393838620596545 
1.7007541418881331 1.6542316332937295 1.3169848065750949 1.2563306197771509 1.1442690375736118 1.0739037553662059 1.5101355306559872 1.4575414115522207 1.0594308144233109 0.9830113407228016 0.8350426936089196 0.7356724444952659 
1.699656601088926 1.6514548703810106 1.3172513655430995 1.2544408265458997 1.1458777589364233 1.0730826928551034 1.5076282743518576 1.4530704184261547 1.0579516113817116 0.9786379510856711 0.8349528671878192 0.7318585366757432 
1.7010528751601142 1.6501216761713333 1.3202406791530439 1.2539362475702225 1.1500457806933124 1.0732781371902114 1.5081809235932173 1.4504931438550441 1.0602189703502245 0.97641432146937 0.8388290123085217 0.730037515454165 
1.7030209672375616 1.6490930351713815 1.323363212595378 1.2532029429628546 1.1543029281998551 1.073146156798206 1.509287014338479 1.4481625307439632 1.0625239146723993 0.973747653681774 0.8426637092285154 0.7275366318274015 
1.7026740006426244 1.6458610543008665 1.3240778906334627 1.2501768347175373 1.1558251115390945 1.0703698174296399 1.5099490363798242 1.44558152660594 1.0649082591774561 0.9714882696483578 0.8466280343009912 0.725629992533633 
1.7077940355065537 1.6472232150111776 1.329629458349867 1.2508790304708766 1.1610057903868354 1.0699150890008797 1.5165062889786378 1.4479555161923172 1.0729144203112195 0.9736165598795864 0.8550820440821807 0.72660109721343 
1.7121531943471064 1.6473349358624678 1.3354657310889713 1.2512843597332304 1.1673417995227449 1.0700143489285554 1.52211332328214 1.4488177245302463 1.0811240108854303 0.9752296944376746 0.8648972684157351 0.7282109000234754 
1.7210515530279737 1.6522823479599364 1.3445813594498475 1.2553555438121902 1.1757744410302513 1.0725968699283064 1.5319008877143456 1.4542141654446914 1.0920626876603743 0.9801119441063862 0.8758695209790098 0.7315503584716504 
1.7297319934004227 1.6575133682094392 1.352236881390609 1.2585397809338408 1.1811992540604654 1.0726646608297488 1.54275864405065 1.461328857784243 1.1030303931410959 0.9859279106471224 0.8850780432216133 0.7339897406592275 
