1.6200443699859859 1.7484921323023703 1.2711031001155215 1.4312176868398774 1.1537715985078199 1.3281076302481247 1.8012563946543787 1.9176041237135706 1.4952203615799546 1.633513056477753 1.3968427757207647 1.543972381904317 
1.6168398328957911 1.7395961103769144 1.2654308223045974 1.4189216849560409 1.1457686358242183 1.3133199719940643 1.806394926830368 1.9170514374107155 1.5000689159096958 1.631634252667702 1.4005989266304932 1.5406819708422923 
1.61397264084332 1.7345577941915802 1.2608377693386092 1.4119118019872063 1.1403015372219578 1.3054005713920767 1.8098608923314412 1.918170874971977 1.503462884407447 1.6322327348729286 1.4039146555224644 1.54102544300565 
1.618651009401474 1.733863279683958 1.2647564441569017 1.4092053240874483 1.1423476510399142 1.3004648931195373 1.8299103530382057 1.9325689334552623 1.5258275370946779 1.6475437643220316 1.4260080524865242 1.555554482541968 
1.6299222015822903 1.7420526872545676 1.2782113261940922 1.4184235532346676 1.1561892256939863 1.3095322476254105 1.8684199640259842 1.9670013583957842 1.5710413658369597 1.6870898479721999 1.4734721932805044 1.5966281615739024 
1.638430820070289 1.7451922284253387 1.2884899671150722 1.4217759167169064 1.1663120159529352 1.312068626465933 1.8974508073507992 1.9903667823585178 1.6050141462043876 1.7138584455888413 1.5086907346160112 1.624003723738403 
1.6473516936053927 1.7516494407844727 1.2991845143876044 1.4291216055327676 1.1780342619909472 1.319951848894707 1.9204568813656182 2.0106374099177 1.6316456212010486 1.7368867534069559 1.5369293260213872 1.6482293269325585 
1.6567281830601361 1.7590555328203086 1.3106117475994712 1.4377869271716655 1.189531215792902 1.3283495806246712 1.9387589868484791 2.026897753732472 1.6527980183572766 1.7553544896931048 1.5585322100892687 1.6668985406693895 
1.669640142099013 1.7705309002975385 1.3275191287919026 1.4523734031262112 1.2076243581960457 1.3436659016691657 1.9496686957040705 2.036735006771478 1.6660782863384336 1.767172408399478 1.572217036356117 1.6789722672541114 
1.6907400011686828 1.7888035892226617 1.3480686701914992 1.4691853759195526 1.226638678483553 1.3586239276620582 1.9621857251065398 2.047288291637472 1.6759654554351284 1.774845553020284 1.5799409849142714 1.6844672882178144 
1.6958558457029163 1.7936738742609688 1.3599863994190358 1.4801695593432371 1.2405182158294785 1.371212733898848 1.9580611961388623 2.04336549976414 1.6756012667173392 1.774536143003673 1.5801778514536748 1.6847257818488897 
1.7109293470923082 1.8079423965841699 1.378597536898174 1.4973001193369726 1.2596035514167592 1.3885163252070578 1.966276967398467 2.0512487882132953 1.6850807252240803 1.7835003586056586 1.5892032558869593 1.6932050871487814 
1.7167350600683173 1.812564007064349 1.3849830780438328 1.5021275377627459 1.2656994060470161 1.3929120574196956 1.9690956094379393 2.0531796152176187 1.687701507704419 1.785089743498956 1.5912740930172178 1.6942143466353865 
1.7187631522220677 1.814397333073971 1.3878069182117299 1.504625850856597 1.2685642400116515 1.3954017843853928 1.9685900446147588 2.0526172737716935 1.6873671896052558 1.784684549545364 1.5907404632297308 1.6936192400259094 
1.7084068896265086 1.804913785403702 1.3732271111958578 1.491580494355005 1.2518397730234174 1.380638435485671 1.9655821099418163 2.050017732396557 1.6824421622520407 1.7803570713596533 1.584916952942116 1.6884967929908312 
1.7068140006195045 1.8026802077420048 1.3705195432064285 1.488208895614039 1.2480725635598107 1.3762728735918461 1.9642186806643391 2.0480715134352017 1.6802573645340042 1.7775563872194764 1.581969063120628 1.6849534163723214 
1.7082399714093783 1.8043894091885246 1.371531406829867 1.4895756912596665 1.2483447119769098 1.3769901452050097 1.9646937137428606 2.048843266063003 1.680189271725276 1.7778563859017726 1.5812343623956295 1.684648167687162 
1.7146948227492127 1.8115904935389107 1.37868425129286 1.497481901687147 1.2552345256417043 1.3846643981414972 1.9651437670264624 2.0502370122014075 1.6799946293613426 1.7787815312175226 1.5802611822996078 1.6849056903579365 
1.7228601573751245 1.8202646869246897 1.3880215811977272 1.5072227169416732 1.2640327123419863 1.3938777229244461 1.9673692171503139 2.053206771171632 1.6819329429530296 1.7815765021982748 1.5811619817686735 1.686768988683702 
1.7353787456457137 1.8324240574348751 1.4031376462909442 1.5215235094687465 1.279064657489562 1.4079222043373314 1.97166798788206 2.0575988894500528 1.686632893678672 1.7863283722390155 1.5849106162931998 1.6906153308976264 
1.7558096573541888 1.8513349821524019 1.427203026782887 1.5432051525773347 1.3041873663159886 1.430202205893011 1.980481077934913 2.0656425061808816 1.6959794299631805 1.7946921435558898 1.5938451724236689 1.6985040762215542 
1.7710131695629734 1.8668605692004665 1.4432302010301368 1.55935696722575 1.3182811762160183 1.444488143819633 1.986794195835464 2.072687124164062 1.7011105028790716 1.8006825597743452 1.5964738611720168 1.7021778777423608 
1.7832056317239366 1.8786227959236426 1.4570879009215485 1.5724205656769958 1.3317230556733497 1.4570132399412037 1.9918700777088763 2.077726567867862 1.7061152459526185 1.8056108431287081 1.6003781985743133 1.7060514830520104 
1.804136097838094 1.8989047503148926 1.4819740356438316 1.5959884816528171 1.357141903089896 1.4807992221663493 1.9987206339762604 2.0846621702157075 1.7135414075774373 1.8130516668667953 1.606801561575811 1.7125254595270882 
1.8213788603264665 1.916132540892758 1.499823169858413 1.6135713502253743 1.373750388114281 1.4971082426692257 2.0114350882004963 2.0976210514456937 1.7256650028450302 1.8253938379068058 1.6172941260154683 1.7233059076867745 
1.856215606491602 1.9505197494593551 1.5393471751957015 1.6518415907801165 1.4139713836506687 1.5356776969895038 2.033285189284323 2.1197262974759234 1.7488001626723924 1.8485921465296193 1.6395204655517375 1.7455710447332087 
1.8766899774823125 1.970132180779392 1.5653161789180365 1.6762071107540866 1.4421740145982949 1.5618327140070292 2.0496991481733513 2.1355847293382118 1.7690438282932852 1.8678789052244695 1.6610741147891515 1.7659622739409138 
1.8760935196929456 1.9691317004710134 1.560962755043779 1.671633178002837 1.4349754529725813 1.5546405725439771 2.0636547227271 2.148586412923591 1.7820069143058523 1.8797077969194749 1.6727517659933484 1.7764715674054188 
1.87638207823215 1.968172337556039 1.5562297097507176 1.6657561515182235 1.4267831354171532 1.5455105183468674 2.0774367925861914 2.160702726892527 1.7935397495430099 1.8893590129990654 1.6824517940169348 1.7842468119631887 
1.866050121345084 1.957253054148084 1.5460575136042005 1.654989515970419 1.4156682575278725 1.5338882221244163 2.077170613505786 2.1594754502452678 1.7952126719728787 1.8898372946399387 1.684224248018061 1.7847430571967502 
1.8566898573516526 1.9458047979929796 1.5370200428076728 1.6435600681120541 1.4062521529201297 1.5219737852842605 2.0759305832933097 2.156002521369699 1.795723022142474 1.8877182675792752 1.6851515296413258 1.7828613976842114 
1.8536159044028488 1.9401003766911626 1.5338070605702632 1.6372726253245642 1.4027823341684877 1.5152213790853106 2.088255669920518 2.165388947403489 1.8103822582413889 1.8988368733351455 1.700799252985252 1.7946631019601398 
1.8615947973261646 1.9431628899605518 1.5375716862090834 1.6353817651300395 1.403501518001261 1.5100209728741665 2.1075726619767687 2.1799562731852773 1.827690900100956 1.9107068989774028 1.7164334671381363 1.8045749290621997 
1.8563507969616877 1.933841644805048 1.5366530829631952 1.6294195049717224 1.405392867984 1.5062650295290976 2.114940989933358 2.183272913930435 1.8407171990559257 1.9188395015483426 1.7326471720752301 1.8154259689401526 
1.8599798646723937 1.9322473559735398 1.5400341604609737 1.6265792212698207 1.4084979424148039 1.5026380806657125 2.1283292300268624 2.1917664243862154 1.8552534678007575 1.9276981551754249 1.7476059819612475 1.8243304020562547 
1.8637068517752495 1.9310177764531355 1.544460717193549 1.6250493317367358 1.4137596204991891 1.5013802610191769 2.140026524109926 2.198895165195015 1.868600867358787 1.9357416214768983 1.7621085548552369 1.8331538349843997 
1.8669400634631146 1.9313820648555422 1.549229432641808 1.6263097229143217 1.4199155430389718 1.5036394611893031 2.1508359639832273 2.2070040380220552 1.8816859404171722 1.945639601325399 1.776735853401866 1.8443323379059582 
1.870542779081884 1.931912733464785 1.5534639988024757 1.6268395486105498 1.4254184027068608 1.5050495487270104 2.1611416389712588 2.2144727826377495 1.8933708804392704 1.9540240050325324 1.7898101905217152 1.8538546435584906 
1.872884128266622 1.931246093086281 1.5560822172086615 1.6258561993180773 1.4295505781584028 1.5052014382337748 2.1679658286682066 2.218578902906323 1.9009925678637 1.9585171066960392 1.7988873594177663 1.859573135432168 
1.8688130975327149 1.924999048376082 1.5511444025331171 1.6183967066973477 1.4256414421269539 1.4985367744065612 2.164933267772894 2.2136158195696063 1.8975043130148137 1.952864962215468 1.796364991283737 1.8547469166031307 
1.8701287200964674 1.92308224394477 1.551942581196112 1.61536053640531 1.4276662218213512 1.4963604940573818 2.1742933809469345 2.2200035120863326 1.9075366450030917 1.9594795072354423 1.8078719859629584 1.8625963075437606 
1.8690519462513056 1.9187015727417833 1.5507172085798862 1.6102125351772025 1.427926967385165 1.4923256922139327 2.175909642394599 2.2187030714635503 1.909437470844697 1.9580633295483048 1.8111330758024915 1.8623274593158405 
1.8657312790818208 1.9129864735784954 1.5477210516576583 1.6043704360571744 1.4267793178148775 1.488040074760854 2.1753355710704234 2.2159983955576967 1.909599982919011 1.955795525384565 1.8129619032854185 1.861557118413047 
1.8630682036067716 1.9076231585831 1.5447425642127437 1.598196662980674 1.4248164682128583 1.4826007392290625 2.1728919794482566 2.2112129111016343 1.9070044606005943 1.95055607369349 1.811225659919427 1.8570248719450593 
1.8594626910886323 1.9018997158416577 1.5408939869928036 1.5918465091580214 1.4216969925939136 1.4767678789568044 2.170046269633571 2.206518035711147 1.9041674274996352 1.9456296208473438 1.8090665138547501 1.8526582742423328 
1.85385945509785 1.894571569781331 1.5346348201626654 1.583575253981855 1.4159729034327233 1.4688722943209518 2.1638173106655043 2.198797832385619 1.8974758248619916 1.9372715503263076 1.8028559947859664 1.844694091632457 
1.8466256490943185 1.8858439632034811 1.5273397426548598 1.5745309952970166 1.40912113428655 1.4601381909774886 2.15546742373273 2.189159880052394 1.8891215462148043 1.9274753907718285 1.7948916117618394 1.835215808462594 
1.8412927907056256 1.8789994380468853 1.5205793691565432 1.5660272555037191 1.4019736711880544 1.451140903489565 2.149019223414372 2.1814131588675516 1.8815116527421536 1.9184279622859208 1.7870239663206842 1.8258516925754156 
1.8312289758745628 1.8669451120272926 1.5087168621323883 1.551873403123657 1.3894674008707797 1.4362117348506105 2.1377695998031685 2.168442609589334 1.868926394977234 1.9039354923638039 1.7740572025283174 1.8109012803249656 
1.8284774659892693 1.8626857881324321 1.5056638644898601 1.5470268822843836 1.3859411178078742 1.4307694725952675 2.133107939751418 2.1625027131336827 1.8638249144784331 1.8973960613194438 1.7685170118012827 1.8038627782374521 
1.8237787840533732 1.8556971289634523 1.5002505903892192 1.5388939584140293 1.3798552586279476 1.4217747065000137 2.127225864313237 2.1546537213861536 1.857329442668478 1.8886808729595372 1.761511101129709 1.7945373054587637 
1.8165734551717445 1.8459611824181488 1.4912876386648586 1.5269487189144924 1.369892128758542 1.4086298354765208 2.109554226047439 2.1349127854773386 1.8369046616072946 1.8659722143683195 1.7397943438908547 1.7704569828139314 
1.8121390833280238 1.8403795989210843 1.485363235483136 1.519688439162755 1.3623427708638274 1.3996881210201544 2.1041867349655377 2.128556042580258 1.8303162840353384 1.8582805790313068 1.7319733206966352 1.7614995300609448 
1.8113298132899927 1.838158449022597 1.4846124174723718 1.5172293239036607 1.360719974025942 1.3962340917314546 2.101319351672458 2.1244890700855956 1.8272113603283995 1.8538101700317537 1.7280584981166467 1.7561597205587993 
1.804691830479808 1.8277556740441432 1.4755690675127886 1.5036895537312747 1.3487535961029204 1.3794616573143887 2.093358858132203 2.113274594064993 1.8172899545533618 1.8401959080273382 1.715918112533509 1.7401589496136725 
1.7995137876380942 1.8183498328813408 1.4671922409485405 1.4902346508988444 1.3368082405115553 1.3620581906583875 2.087217492687238 2.103478810118989 1.8085574532703128 1.827300277628064 1.704489149798144 1.7243635071004024 
1.7953604701456976 1.8098549775884751 1.4603918940345362 1.4781746535175673 1.3269251940338536 1.346471794246645 2.0821495835558452 2.0946605239135483 1.8013251107731163 1.8157720057435018 1.6949212787329624 1.7102672198348947 
1.7905998735833364 1.8017080772635339 1.453564132770433 1.467226218575943 1.3177907075391981 1.3328452413077299 2.0764973013651282 2.086083682639951 1.7940016230139426 1.8050888930400797 1.685872321433821 1.6976659190125307 
1.7869953768509252 1.7964925871337685 1.448708578592182 1.4604073693413697 1.311429408884283 1.3243414337800432 2.07224407407684 2.080439530793092 1.7887424552871158 1.7982304385385592 1.6794910300881574 1.689592631046484 
1.7803443847584095 1.7863337314233305 1.4396742710560606 1.4470743168271627 1.299980540293123 1.3081710426472526 2.06580227584849 2.070966227291213 1.7806108281431963 1.7865992815908103 1.669689288370983 1.6760741008024673 
1.7757497197774381 1.7804765466160037 1.433775893677129 1.4396259858205014 1.292655236050839 1.2991409565746321 2.0604523994767874 2.064527489831426 1.7742295050273653 1.7789603711914581 1.6622679033506151 1.6673164811365748 
1.7726707469946978 1.774311402981658 1.4306199569594784 1.4326523788940357 1.2887748543677984 1.2910305971396419 2.0655009175187358 2.0669091459884585 1.7806195338338675 1.7822528725662752 1.668793902275155 1.6705365801953393 
1.771564293672437 1.7712775345199634 1.4284351994455753 1.4280795414454759 1.2854452424802545 1.2850500103478932 2.063652286790369 2.0634061205819663 1.7778210914417458 1.7775353416613466 1.6651096617265542 1.6648045660842956 
1.7684595329508135 1.766510913548119 1.4249019367256857 1.4224827651977405 1.281314956942519 1.2786241460588055 2.060668850059274 2.0589967939762825 1.7746133435778653 1.7726714888000568 1.6615279139408432 1.6594537344573996 
1.7638510329072408 1.7593270346322598 1.4197353651606839 1.4141109063959376 1.2756272448830577 1.2693644143381129 2.0559386473793277 2.0520586907513003 1.769565416306484 1.7650560645735707 1.656181790561634 1.6513628528848348 
1.757044412501562 1.7488962815167055 1.4118917690471036 1.4017387429556765 1.2675843117926948 1.2562655465716472 2.0471533872729126 2.0401642402078712 1.7598495080611183 1.7517144250770331 1.6463298305694882 1.6376309251546761 
1.7561894880402171 1.7475350940976722 1.4109662355644659 1.400179668865021 1.2661445090916597 1.2541129554800714 2.04240667204721 2.034969877227415 1.754437007710154 1.7457739261493623 1.640227244628914 1.6309576331784217 
1.7554284140396754 1.7453232390184492 1.410122185776059 1.3975224043491574 1.2647558502801441 1.2506924692576709 2.036127019951813 2.0274214000098376 1.7472060277419632 1.7370530202667536 1.6321432796718094 1.6212698656355304 
1.7571769556466874 1.7443646398891948 1.4113296345842667 1.3953452909211252 1.2655843794294237 1.2477343326589037 2.0300089155113974 2.018928760629201 1.739286256214244 1.726341166889025 1.6232588102504666 1.6093807220467629 
1.758077318029961 1.7421903152788505 1.4124549546698542 1.3926306895409923 1.266281667628265 1.2441304193095755 2.017391775657723 2.0035620317253517 1.7245471055588537 1.7083483127779944 1.60701679583364 1.5896207788562087 
1.7576262220490482 1.7436687383314555 1.4119236979505692 1.3945104020531398 1.2657228137449408 1.2462684196570215 2.0052969592293333 1.9930746667634933 1.7104076961632304 1.6960616792128786 1.5918606093167862 1.5764361490699235 
1.757643748696672 1.7461343623365557 1.4115577562864687 1.3972004019941056 1.2654450013068486 1.2494097467734475 1.990220531155402 1.9800634905559191 1.6923833828753134 1.6804270822122838 1.572582991969737 1.5597086043977861 
1.7614522792859817 1.7484388507756796 1.41502233713881 1.3987896544161955 1.269573777691466 1.251455896027415 1.978409299366989 1.9668318785604884 1.6774019906455877 1.6637312646343398 1.5566652821405698 1.5419244739356657 
1.7652547533970897 1.7501719555492312 1.4195127158257583 1.400711918986563 1.2754318313383197 1.2544735493389327 1.9640488531732145 1.950503890601354 1.6602348941192087 1.6441889895176343 1.538859938282565 1.5215345672218623 
1.76941175064657 1.7521509591716575 1.4243946237353466 1.4028952507319141 1.2816663469585834 1.2577295676440783 1.9522383037442328 1.9366077132465829 1.646000150487891 1.6274309619170209 1.524167010601581 1.5040944506932268 
1.7782866153956678 1.7585505907921388 1.4358451872313325 1.411328556919111 1.295423636072532 1.2681952888949635 1.9525937586081186 1.9346367307676602 1.6468061517238086 1.625474513868298 1.52592316207448 1.5028767050012386 
1.7937113614508329 1.772308382792848 1.4543284430271588 1.4278472522359666 1.3168837124810224 1.2875788394183092 1.9703507637773028 1.950886641462748 1.667319076936925 1.6442717110738725 1.5488913442581438 1.5240541170961746 
1.8055607563489107 1.7817956213065658 1.4687179280131533 1.4394020784017405 1.33416137677091 1.3018189468997792 1.984261120358722 1.962660995945874 1.6835601863216088 1.6580473130183138 1.5675551435810002 1.540121787199717 
1.8093168547679122 1.7843833073830437 1.473942354689372 1.4432263757523454 1.341119923402546 1.3072868681614034 1.991125008352627 1.9684956453107152 1.6921753404677808 1.665489024162948 1.5778320464761926 1.5491772892755848 
1.8056237689716261 1.778612250479373 1.4686533768984773 1.4353142805515804 1.335561143443197 1.298810190272351 1.9902466667615097 1.9657736739094103 1.6904873087235233 1.661605152686793 1.5762386137115474 1.5452224790739035 
1.8010647978051761 1.7729645154297362 1.4637631194605907 1.4290455685432146 1.3315166592622865 1.2932537960404367 1.9903061027020443 1.964914031079477 1.691179010765271 1.6612210008102475 1.5781066473635426 1.5459590413503848 
1.7966108805580383 1.7666480682126617 1.4584697208168327 1.4213967311484608 1.3259047013038041 1.2850128472974618 1.9894372003206158 1.96242072828421 1.6903205744531213 1.6584385382640896 1.5773626706688384 1.5431486433910149 
1.793354201429514 1.762479309162207 1.454257198773618 1.4160077766823493 1.3216001772793808 1.279390891019977 1.996938117990863 1.9692576953067595 1.6989722056245917 1.666349476827982 1.5869056631964265 1.551928995580948 
1.7915268023818258 1.7597039822005431 1.4519851678486422 1.412533450567614 1.31907994134262 1.2755240934503942 2.003875066098795 1.9754759178113133 1.7071051299004554 1.6736779098298604 1.5955935850123146 1.559778416908136 
1.788715919182501 1.7561326049523993 1.4476314639910601 1.4071723214222556 1.3138649365657415 1.269148595782582 2.013068537128555 1.9841728810305066 1.7171421464680496 1.6831738584640925 1.6059829909363612 1.5696109243430045 
1.784578972221989 1.751435325724844 1.441436850679519 1.4001941960302828 1.3064016996685552 1.260749377551657 2.0193542809761964 1.9901244443996187 1.7236037243220643 1.6892641565477233 1.6123755781135147 1.5756137207440442 
1.7780381088744217 1.744064557483389 1.4332144265983824 1.3908433616585767 1.2966339763440298 1.2496404813664328 2.018856283693748 1.9890003414453528 1.7229233210476114 1.6878407609338417 1.611093059450549 1.5735191483644964 
1.7670382752842455 1.7330130832741917 1.4186735531190817 1.376061310697863 1.2795768966027483 1.2321635909243223 2.0070462898497183 1.9771557576679486 1.7083457476750779 1.6731273932607524 1.594718651549395 1.556932130209766 
1.7596629551407224 1.725196432808328 1.4093276971998314 1.3660503556511303 1.268469045934736 1.2202060221841966 1.9923675978530113 1.961993287719043 1.690952242783509 1.6550554381816276 1.5754772768194976 1.5368857035754415 
1.748073547344047 1.7134803408396606 1.3940298612741406 1.3503973510208023 1.25055815591439 1.2017276949642126 1.9661010665894059 1.9354087825480175 1.6592502919222283 1.6227647034502568 1.5406777659342008 1.501313335038359 
1.7307704783936113 1.698678503189715 1.3722727160731756 1.3315684795003409 1.2256689788351707 1.1799180708840973 1.9261429373644239 1.897358380348544 1.611704865525587 1.577192056117089 1.488866888596442 1.4514361233891244 
1.7206443599400922 1.6895420507799295 1.3596354896050817 1.3200545415071494 1.2110803424189702 1.1664694268405196 1.8996326796129954 1.8715073190916593 1.5800620141797124 1.5461343074305187 1.4542018085030872 1.4172643464836225 
1.7180361598112683 1.6869145585770045 1.35660324281606 1.31696804818456 1.207378312882524 1.1626671372061093 1.8954696426635405 1.8673075932419516 1.575287046305863 1.5412857489054552 1.4487647532498331 1.4117194451374004 
1.7106498871954279 1.6801059815742965 1.3476914049446669 1.3087036317370446 1.196658986245342 1.1525735560569355 1.8854805848700034 1.8578132599057768 1.5636451395127122 1.5301696621883893 1.4355161889444958 1.3989781275923256 
1.7105101894115509 1.6802369581582055 1.346582183188512 1.307912345518896 1.194964453061571 1.151212913218376 1.8818970851193588 1.8544238367915624 1.5585169575531541 1.525229895609426 1.4295564259520295 1.393191552680657 
1.6993604296594056 1.670662232269647 1.3313156251964444 1.294483572059607 1.176518048264539 1.1346722620793195 1.8722745746209877 1.8462660987008888 1.5459584427701154 1.5143559460087974 1.414843076377094 1.380241774187479 
1.6880422159230646 1.6603656059369727 1.3184083923953345 1.2827813967229373 1.1630504613035715 1.122503362212537 1.8683757077842909 1.8434085841392978 1.5425764006487492 1.5122398534883448 1.4121004348977626 1.3788963198436823 
1.6769801510615743 1.6501187101098211 1.303568508001977 1.2688263023182094 1.1460965417688425 1.1064206313398626 1.8614799849030073 1.8373178997099278 1.53366755269664 1.5042491457848666 1.4022776437619264 1.3700408463233862 
1.6534011337565968 1.6259686252285435 1.2751209526580607 1.239343416905742 1.114656027080821 1.073543999949513 1.8447800449342464 1.8202340715709064 1.5150615660716893 1.4850758263831514 1.3827277981539245 1.3498054766919565 
1.6418806147182565 1.614889910312031 1.259286944182143 1.2238876897933078 1.0955189375759782 1.0546370048635691 1.840787799891014 1.8167545771698497 1.5094804997175684 1.4800773116521988 1.3758232131446249 1.3434980399195227 
1.6241900559502267 1.5980240868546383 1.2403983854583174 1.2059335798324882 1.0753166284623337 1.0353711874335698 1.8304806212597828 1.8073037788727162 1.5004179822994657 1.4720535879945402 1.3671034410049592 1.3359114726386625 
1.6053213824759016 1.5787905405893272 1.2150127684244063 1.1797367746469294 1.0438902403195176 1.0026114221643099 1.8114612857950734 1.7879918400133543 1.476682523880587 1.4477962931138966 1.3394185614416205 1.3075033127125681 
1.592083472762763 1.5667174962463206 1.198262859745031 1.164348663349746 1.0231780186479478 0.9832431981175054 1.8054920554641996 1.7831644599263243 1.470001924877767 1.4424907583566489 1.331151770439547 1.3007071018274408 
1.5794918473948165 1.5544054668414835 1.1816899361451336 1.1479429273908568 1.002539791921842 0.9625320221928672 1.8022704409401742 1.7803259818490236 1.4662112233531326 1.4391515593733308 1.3260732561539312 1.2960911002112043 
1.5676643729151882 1.543651661492181 1.1664218582089285 1.133943921553253 0.9837456157501134 0.9450102128694535 1.7989444632805012 1.7780579427812724 1.4625900133556122 1.4368223317750772 1.321508619861244 1.2929322868145765 
1.5600365148715492 1.5356821429425327 1.1550154335473488 1.1219030119188422 0.9688418321545421 0.9291179753683436 1.7968459370275933 1.775742390616547 1.4591100182688659 1.4330414375839136 1.3166608862621272 1.2877117712565067 
1.5562116551329064 1.5310334264318006 1.1485110672394498 1.1141572190905107 0.9602253004225104 0.9188586751244722 1.7972435529697972 1.775486701153095 1.458549740218516 1.4316549800742846 1.315417158429789 1.2855313835031412 
1.5630642437718578 1.5323272277219675 1.1611097841970373 1.119389491472066 0.9784830871088627 0.9285935894771675 1.805479301503645 1.7789357523019458 1.4713128861523947 1.4386168745076258 1.3319214803276092 1.2957128279129175 
1.557108575085135 1.5248859018509089 1.1546739603037994 1.1108383562263504 0.9719981865228248 0.9194946294914723 1.8016584052488027 1.7738835667156003 1.4678752839405873 1.4336484046877254 1.3289719219019112 1.2910678790302466 
1.5476972016874522 1.510681793969587 1.1487028972328615 1.0983219931473511 0.9692255383094123 0.9089504929484168 1.794249098211051 1.7624195530438176 1.4640633676283175 1.424876976777704 1.3279161654378524 1.2845832775461348 
1.5436921020154797 1.5051333030748375 1.14370165350277 1.0910978079095248 0.9645029593655843 0.9015025861443604 1.7904384827591733 1.757302169447523 1.4597048081529944 1.4188654203781874 1.3239904128599156 1.2788242911146823 
1.543694200898562 1.5004491280972674 1.1436317898204167 1.0845503542057646 0.9658036423040917 0.8950600402251516 1.7912309124978414 1.7540991938906563 1.4606197543124801 1.4148377528210965 1.3260064371969882 1.2754014550751658 
1.540346304509937 1.496035449565758 1.1387106047707731 1.0780153848426375 0.9602388374864974 0.8874198293690647 1.788002634751252 1.7499739284964846 1.4563476664167179 1.4093984014526977 1.321493590252113 1.2695671063860388 
1.5547329766533065 1.5070272236735642 1.1506796898760532 1.0853571637453037 0.971468408489566 0.8931334127067748 1.821107019176317 1.7805524983816823 1.491073403724059 1.4412620578830384 1.357566578585835 1.3026601396731423 
1.5542962933521394 1.5056609598207027 1.1492807045836104 1.0826006171844722 0.9710706402359202 0.8911543899505853 1.823720119889069 1.7824514114242216 1.4936412708840767 1.4429629948436653 1.36128479624515 1.3054785539748248 
1.5446035860496536 1.4948628985085721 1.1376021872506443 1.0690900727896833 0.9589578274551233 0.8765928143314031 1.7868009728779113 1.7439818129720992 1.4494813607209476 1.3963563522172446 1.313947332840038 1.2550985781114765 
1.5477443210675141 1.496239725410584 1.139151260279661 1.0681228516873609 0.9613247027912786 0.8759943017490125 1.7867516049794778 1.742326642853383 1.447285185544556 1.3920686911200681 1.311912344136124 1.2507337171423578 
1.553183317823215 1.5003471342007257 1.143231373416742 1.0703462418789214 0.9644912895222695 0.8768731675130276 1.7888192419035327 1.7431400932066043 1.447229710379223 1.3903729495873867 1.3106255411078824 1.2475585811272871 
1.5489878827689907 1.4972997042293037 1.139415185156473 1.0680870317933646 0.9629567733627299 0.8773988207680472 1.7829025878508227 1.738184277079148 1.441403878503579 1.3857085134634775 1.3063934798387353 1.2446713893575123 
1.5522173453382906 1.5018523282297265 1.1418684391684752 1.072401632323007 0.9665792764016049 0.8834349020777083 1.7820188731798128 1.73832476626465 1.438775906654351 1.3842896511240161 1.3040276357382348 1.2436518015140132 
1.5519871039335538 1.5028618540291918 1.1418774958707525 1.0741573428022824 0.9677231734210253 0.8868020759425747 1.7784846672310841 1.7357815222821276 1.4346525559786454 1.3813608282762546 1.3003199149348055 1.2412742093091518 
1.551809323710017 1.5008160170898164 1.1390388277637158 1.068525147646671 0.9635708199988936 0.8790934336879898 1.7749110526201983 1.7305044884984668 1.4281479330634275 1.3725680524889614 1.2925423755967695 1.2308543101087717 
1.5502078658465288 1.4974141258491085 1.1364858394773119 1.0633459927476334 0.9601133783738512 0.8723086244514896 1.770411676298044 1.7243729702510562 1.4222563550824618 1.3645210795485903 1.2857024444141225 1.2215299474562422 
1.5493814191944377 1.494751329628099 1.1343145102417451 1.058474451002465 0.9563043627135505 0.8649952539898528 1.7666320761225212 1.718920489046823 1.41671292730213 1.356751367666519 1.2786415230176789 1.2118675256252103 
1.5492763679426662 1.4927987672776326 1.1352083672461282 1.0568296610076857 0.9570686965237238 0.8626536878641509 1.7627150060136265 1.7132878006177534 1.4126588283182957 1.350479863065577 1.2739259860861698 1.2046071199132187 
1.55191873685944 1.4927688389752114 1.137024641516357 1.05486116442658 0.9578619028938359 0.8587237424314064 1.76066617312181 1.708757564423754 1.4086584549760102 1.343214682608629 1.2684608911493487 1.1953660833298727 
1.5523255760068828 1.4907029377595995 1.1375088546139323 1.051858806610992 0.9575906091462573 0.8540844978367773 1.7573213701327086 1.7031321007617406 1.4044180639414676 1.3359905138305062 1.2631086567374556 1.186559747102985 
1.5528422261389243 1.4879164103672256 1.1377982953406505 1.0474546414237182 0.958202516423376 0.8489572000048589 1.7527866700429036 1.6955345397956627 1.3984016205225487 1.3259348993220181 1.2566201470134442 1.1754447919149968 
1.5566913876874888 1.4881232335732144 1.1420415873777976 1.0466526019173696 0.9612864183480384 0.8457507078923433 1.7516065999477166 1.6909607809705107 1.396100494871483 1.3192116106146126 1.2525610494424613 1.1662469139853704 
1.5569413019404328 1.484478353694647 1.1434108665252267 1.0425920460985543 0.9626202375225497 0.8403853203072802 1.7482018634150833 1.6839891686551818 1.3926707964368212 1.3111604448533252 1.2485116175863042 1.1568885098175925 
1.5598287638502661 1.4823932106477853 1.1464689430310138 1.0386601445009094 0.9652167746856921 0.8343064668181892 1.7470186410839037 1.6782425303676014 1.3904673304665054 1.3030054702627498 1.2452516941946516 1.1467674743969023 
1.5648028501100641 1.4831849093260692 1.1509316541448409 1.0372430708626499 0.9677843278915917 0.8293588010340157 1.7474384021397091 1.674744901414117 1.3890920351339504 1.2964590998610717 1.241587497872212 1.1370000133740457 
1.5654659989599298 1.4795925979808127 1.1531693226493716 1.0335908033644698 0.9697841303607778 0.8240095397503661 1.7448071519166841 1.6681913737577025 1.3868913764890207 1.2891773160739413 1.2386078729685237 1.1281223005860712 
1.5643200254363716 1.4742197177019611 1.1527821127954971 1.0271967842926935 0.9677228824313551 0.814072608101544 1.7410597276088062 1.6605768904754907 1.3831480154709583 1.280361303219232 1.2331583070722307 1.1166494724761438 
1.5639609285902543 1.4702178422318544 1.1525558859148175 1.0217395889447027 0.9662707871797067 0.8057579981712188 1.7381401779364318 1.654296828146899 1.379689299138357 1.2724422500125065 1.228347152134481 1.1065276515374074 
1.5618773591273578 1.4655581502058013 1.1486576789255578 1.0138117527601709 0.9603389619059772 0.7941352079052093 1.734364660339529 1.648156722437114 1.3740357904489424 1.2634770121037622 1.2209876378713465 1.0950847540326047 
1.5576981458817365 1.4582362766312598 1.1442995733999903 1.0047144064277171 0.9552065293345727 0.7825912333289966 1.7296250375394662 1.640619485219958 1.3691606079943286 1.254842737271647 1.21556520618328 1.0851858344465246 
1.5591156921380467 1.4583656127086582 1.1467065995585357 1.0054474348920983 0.9571589154738621 0.7823948544891511 1.7277742298087155 1.6374346729109834 1.3672227591695143 1.2511141402969994 1.2126480269192292 1.080048034140658 
1.5637392029590773 1.4613832799341486 1.1533204921751326 1.0102024320259233 0.9647292368696463 0.7880756920950487 1.7270754944619795 1.634977235184359 1.3666227081279931 1.2482060816912766 1.211697969450758 1.0763701803613337 
1.562211831370234 1.4587621205231305 1.1517377255578374 1.0069661894389206 0.9611866056459277 0.781895651013062 1.7240748242617372 1.6309246205306793 1.3632417181311391 1.2433459294392453 1.2065686405891463 1.0692469324964837 
1.5578166770390829 1.4533388342919522 1.146974598001669 1.0004757350686173 0.9561715001301232 0.7743803365666577 1.7196865172121023 1.6256453135543099 1.3587051360324984 1.2375300459710423 1.2019953643342765 1.063105744449295 
1.5578735322124482 1.4536227845655454 1.1462400209241037 0.9999577206102715 0.9535662057602975 0.7715813412778266 1.719374163545588 1.6255143099056648 1.3576243064515638 1.2366054402711035 1.1994023848017352 1.0604788249220678 
1.5562261800301973 1.4529266816158963 1.1452113287124694 1.0003324478149151 0.952286748522408 0.772014294007164 1.7179077803512564 1.6249194320123628 1.3567889319239672 1.2369447136114773 1.1984228259639333 1.060836127086262 
1.556704038534525 1.4539007748569708 1.1458953109205483 1.0017864358882584 0.952403162316096 0.7730276729391388 1.7186373042121772 1.6261039889778575 1.3577417955670732 1.238532511874315 1.1989405754372067 1.0620539077512499 
1.554927874746086 1.4539374754033887 1.1442959619182356 1.0027695324362325 0.9492138438004263 0.7727486059401079 1.7169083147979627 1.6260097318719773 1.356239917648194 1.2391610875678676 1.1962359244824494 1.0616561937568962 
1.5540048224589844 1.454143985816322 1.1429152095522137 1.0029251813997793 0.9466474339614406 0.7718452613612264 1.7169294716632304 1.6270988150465169 1.3561603882527244 1.240473595819669 1.1954317992532155 1.0623845489867498 
1.5523643914118748 1.4539697377193104 1.1406091283711348 1.0025876411583976 0.9437717752314698 0.771296284318523 1.7170821067507402 1.6286693205815477 1.3562908763696524 1.2424643800944797 1.1955086454407429 1.0646284402567685 
1.5512523948984576 1.4531850893118194 1.1392156722404236 1.0015863712122886 0.9414802297861598 0.7692515415637463 1.7179264057573014 1.6299184171970695 1.3574606774408606 1.2442115583445608 1.1963578753860402 1.0661308911752816 
1.5831060335060758 1.4891751588121998 1.1757517413652172 1.0458537649324309 0.981952952703611 0.8219790396496374 1.8334386540878154 1.7529732566708884 1.495882596430395 1.3960955134242572 1.3488899830243162 1.237304379125581 
1.5806921926526998 1.4883549173880535 1.1726626914476304 1.044868575521917 0.9784476316662022 0.820958171963225 1.8320152940609422 1.7529667965689482 1.4942657118709513 1.396224398108413 1.3472386565390708 1.2376043591847923 
1.576636278375393 1.4866703053028976 1.167269668538256 1.0425570111362783 0.9713403748889522 0.8172568545258034 1.828883117995628 1.7519189769134331 1.4904864924209846 1.3949754931429477 1.3425846822042213 1.2356942466765028 
1.540216240376438 1.4497178112996092 1.123221684761886 0.9955112346926728 0.9217102793824804 0.7608978278319172 1.7169968963976987 1.6363049860949912 1.3555217549856329 1.2517407453300105 1.1938853019613442 1.0746058717126619 
1.534422500861536 1.4469307247032146 1.1150112695171157 0.9911640843423304 0.9121562208033063 0.7557678757992894 1.7135237481488754 1.635640469788569 1.3509113055527258 1.2506468192140296 1.1890080720794833 1.0737300901111835 
1.5286337365863707 1.4445753052264219 1.1067423498854692 0.9873982686180942 0.9024620975032747 0.7513418325036948 1.7110681054914236 1.636407887254889 1.3475576388526058 1.251394542848102 1.1855255368105784 1.0749639576609116 
1.5195911814728789 1.4392806092663586 1.095902338901665 0.9815157919311029 0.892003471972021 0.7470217583244414 1.7055094386751837 1.6343603515779928 1.3418669915495127 1.2501913199227308 1.181217710928066 1.0759398654247085 
1.5117420421969916 1.4355802403648257 1.0850137216394684 0.9761052200075205 0.879427467245554 0.7408908789598708 1.700524875685719 1.6331905820221748 1.3355431954174788 1.248680203737502 1.174654638958162 1.074867501232561 
1.5002019846173147 1.428524214596914 1.0688426179048673 0.9656603848609148 0.8618405705521932 0.7299620579795432 1.6921358077381763 1.6289257284694505 1.3248177757826658 1.2430678083152704 1.164253737906703 1.0703093960485117 
1.4917420130900987 1.4231903590729176 1.056585031891944 0.9573653921873824 0.8478416984426397 0.7204249510935196 1.684708714424574 1.6243214020008787 1.315036557840922 1.2367286335320697 1.1540297935747155 1.0639367128725752 
1.4866694269901766 1.419981040446421 1.048886872997894 0.9520104213858691 0.8401356078320332 0.7155333742232433 1.6797350698212206 1.6210089681637485 1.308238354424491 1.2319284727886193 1.1476723222188903 1.0598641088683491 
1.4831622879845112 1.4184533298277566 1.043539540458075 0.9493230477026512 0.8355711654308388 0.7144358955843765 1.67579022005126 1.6187996596303849 1.3028726958607468 1.2287053096733367 1.1431017722055417 1.0577906872436766 
1.4909782734536947 1.4221362179168915 1.0542334814977943 0.9543916616939611 0.8501077197102496 0.7225914097959927 1.6818152014745735 1.6210976473707437 1.3103031685495385 1.2314014795796535 1.1524622749187758 1.0618966548167295 
1.5005738790097274 1.4274664538637327 1.0674296364474336 0.9619483038637263 0.8676759828221017 0.7340300550429117 1.6842925338747718 1.619499876568782 1.3132118648817868 1.2290093216108249 1.1567112796485992 1.0601506944799404 
1.513944694271138 1.4366154891590617 1.0846720295608854 0.9738320892698752 0.8894456510162553 0.7502993352600881 1.6886122544597768 1.619644057282874 1.3175341438883967 1.22789728670265 1.1621085898967145 1.0594016712709726 
1.5271200923754262 1.4464104812454623 1.102660631081354 0.9878602993625819 0.9124930016919198 0.7698382829248815 1.6905861415901675 1.6180509898815703 1.3197902079257633 1.2255014062238891 1.165602506747789 1.0576562331195942 
1.5399684611855693 1.4561875427726507 1.1204571287855019 1.002199319360301 0.9347820566561225 0.7891747536042002 1.6911693144881297 1.61525011950046 1.3205964433793733 1.2218650762446115 1.1672053299510974 1.0542047147239715 
1.5530659556320396 1.4646138695653745 1.136370279505435 1.0121350386797505 0.9544433360568139 0.8025222776492003 1.696976592161265 1.6164187201103741 1.3262929932497043 1.221528971544785 1.1741711006251432 1.0543992118373668 
1.5662151542940708 1.4743594764711896 1.1558331713272465 1.0279378756814053 0.9793731925779876 0.8245470311997976 1.7127428653538161 1.6291697514809194 1.3477420128572086 1.239804214196903 1.1998458499409 1.077188943472964 
1.5795977906323304 1.4858151480149002 1.1745352039724224 1.0450121622596265 1.0013882316916551 0.8457516564988449 1.7286571996988125 1.6434029292813557 1.3684514895569153 1.2590381063218619 1.2230719212174483 1.099282674461187 
1.592522523149497 1.4973412761085698 1.191262692918082 1.0606647509644318 1.020973427831714 0.8650373695618243 1.7402192620984402 1.6535616077359923 1.3825128921563226 1.2717094036683223 1.2387985444689704 1.1137884647357592 
1.5882613869372415 1.4921159196911646 1.1860995432238435 1.0538822567041395 1.0148555067771028 0.856602232191704 1.7417474847795276 1.6545452503016682 1.3848979001846347 1.2734904312541222 1.24138703357809 1.1157407636614385 
1.5874046816787832 1.4909483201961493 1.1838003342691368 1.0509312544099734 1.0115403894139472 0.8522248702635473 1.7456577056615996 1.6584312151595917 1.388830599222137 1.2774676917306833 1.245263490726248 1.1197117626495312 
1.5840124593358285 1.4880469564066652 1.1819953932783072 1.0499054161547792 1.0111945550343613 0.8530549227752806 1.746238403062749 1.6596797382239563 1.391893027043077 1.2816218131223969 1.2501070022726615 1.126035430291223 
1.5879536114620636 1.4937135780180248 1.184993611187592 1.055364126524779 1.0127510676150433 0.8574662127194342 1.7511190843501794 1.6661337367016522 1.396077087404349 1.2878722044424322 1.2531903687690114 1.1314016445875488 
1.5882900426409845 1.4960779674042726 1.1860656614001184 1.059403501104513 1.0147314554858837 0.8632867146855093 1.7530012329580662 1.6699093830961307 1.3989638366850303 1.2933227908579126 1.2569916427536423 1.1382495398428676 
1.5806322964506612 1.4908001531335078 1.1770217550168263 1.053312323949022 1.0048610087882255 0.8566401152075999 1.7506305273423317 1.669968228219594 1.3970286319409813 1.2945175311531667 1.255410065939767 1.1402372883145375 
1.5724795470171498 1.4858406160444195 1.1660091278318794 1.046235010256902 0.9911557731190694 0.8470065980187286 1.74885948580418 1.671388617762865 1.3947741256157788 1.296312181531617 1.2522808558335707 1.1415943904851933 
1.5641258580105664 1.4811200912813554 1.1557448852135535 1.040660014028256 0.9795278350803972 0.8406555803640929 1.7450306976833645 1.671035355986608 1.3908230210408834 1.2967712600753032 1.2482456552527188 1.142516626118539 
1.5527834310355357 1.4744897567899515 1.1392026789375496 1.0299351449865617 0.9593519811302261 0.826643746046923 1.7414648932718944 1.6720297944948501 1.3854047547552626 1.2970466428307386 1.241740638981623 1.142323716675133 
1.540849547497448 1.4668601272456383 1.1228029928812489 1.018895414506852 0.9397249138035503 0.8127387147805191 1.7362125213300041 1.6708965330334162 1.3787324439582502 1.295517061602467 1.2342202011080072 1.140509013424747 
1.5355584599755523 1.4635975854730323 1.1156360750721939 1.0143086119137952 0.9304944492056306 0.8062245519720234 1.7342982688979685 1.6709184880485612 1.3764063911150988 1.2956360066401713 1.2311257537321239 1.140109086755513 
1.5339910867421134 1.4633618688636962 1.1138755786012413 1.0144052985095504 0.9272944704915748 0.8050927524479712 1.736765359271151 1.6747098907584712 1.3798347957506545 1.3008625479289695 1.2341394953425038 1.1451635686679218 
1.5332416946617158 1.464235163301691 1.1128798315402837 1.0157047005154254 0.9253584303658393 0.805880105132972 1.7370160478156584 1.6764185842351933 1.3801797620488174 1.3030927421980103 1.2339703727274534 1.147099559745853 
1.5359578667057572 1.4685741836200512 1.1165123997051265 1.0218334028574816 0.9295959278607562 0.8134446223285886 1.7514633405798992 1.6926805362782724 1.3982336012967576 1.3238582886001433 1.2540358265198408 1.1705338178349656 
1.5364410876441699 1.4712989159654812 1.1171679858468913 1.0257356350060185 0.9295930945317957 0.8174427232052409 1.7545210335476744 1.6977671635065863 1.4020546173245891 1.3303482379742533 1.2577106832500073 1.1772448543447538 
1.5400774188905828 1.4760013895171913 1.1214130051754705 1.0316534175083607 0.9322378023748447 0.8220760097805312 1.7572202181902756 1.7013419823470766 1.4048315084794618 1.3342762880665608 1.2589883872445686 1.1797429401766641 
1.5345547116519014 1.4720702253129945 1.1153045857760335 1.027636562337605 0.9243328378095468 0.8164090765376448 1.7495200704116114 1.6949787792102442 1.3963762504329018 1.3274031859134021 1.2491411084313293 1.1715315164232887 
1.5288350805543973 1.472413630225478 1.10747203284497 1.0281826192237304 0.9141399802731364 0.8162824869331512 1.7400193797121255 1.690660414368826 1.384494507671941 1.3219267138210689 1.2353066994774091 1.1647522640947172 
1.5303236645372442 1.4745000807604927 1.1095021071826316 1.0311425196172932 0.9157838464630722 0.8190970781065574 1.7394014313960708 1.6904961725667111 1.3836985752477668 1.321696529867087 1.2338099021902442 1.163850009521287 
1.5309831778026695 1.4751756303283892 1.1093125530321741 1.0309257926324087 0.9142209305822965 0.8173331998119006 1.7387233493902243 1.6897906779582967 1.3819637243121687 1.3198702151782804 1.2308733910986784 1.160725184750792 
1.5306105322501378 1.473422678770437 1.1101320374779975 1.0298538389087308 0.9144775556759446 0.8151533528821739 1.7353148490043673 1.6850885478380802 1.37874659179091 1.3149707043333894 1.2267103258614278 1.1545665907408935 
1.5322153119351276 1.4747139975359493 1.1120728036097547 1.031408518933434 0.9165040092266156 0.8167479484690857 1.7358843158599193 1.6853462464575226 1.3792449080741462 1.315071910143495 1.227024936522669 1.1544209835447639 
1.5294192248087668 1.4680156411614453 1.1075191803371398 1.0210511702626122 0.9101240708906945 0.8026659217225122 1.7281052629208236 1.674005542767003 1.3688766815658193 1.2999115842297313 1.2147223793668451 1.1364405907985906 
1.5284617150060416 1.4641863374650133 1.1049793342136358 1.0142118839863838 0.9063387467383318 0.7931559370131512 1.7219343845336295 1.665143970117662 1.3600890189392787 1.287434874476845 1.2042893067030072 1.1215877811474275 
1.5268903043506106 1.461106267983236 1.1041278130361087 1.0112050990476167 0.9053289200726441 0.7893402171053366 1.7146711804482806 1.6563619115036123 1.3519620863988384 1.2771996742404457 1.1951249763350693 1.109847392157994 
1.5238806747656066 1.454734231838957 1.0975966066474878 0.9993786496038827 0.8984566271802329 0.7754119455386794 1.701922128102247 1.6402982364448486 1.333808430819089 1.2542265762150315 1.17539394677873 1.0842464223985615 
1.5205962711002812 1.4505195876113084 1.0972563044631278 0.997880479839184 0.8975996076670711 0.7729677289797292 1.6902897257938 1.6275359939135232 1.322436287737175 1.2412218937337838 1.1621322614591163 1.068805617258854 
1.5158513219259502 1.4446659582009436 1.090367397066076 0.9890174726387042 0.8912061551541539 0.763873622783671 1.6751414699734022 1.6110100698085814 1.3027642821418808 1.21920026059079 1.1412896762981124 1.0448907243461634 
1.510858264843357 1.4376798778745845 1.0815144457867774 0.9766802093036799 0.8812799194611664 0.7489225802748105 1.6577309600913774 1.591321045812403 1.2786918065137824 1.191336841890437 1.1144655831587982 1.013047023017925 
1.5025929988470763 1.4266592094765485 1.075001606782171 0.9660223777864826 0.8761978709083069 0.7384399019448028 1.648089653151263 1.5791675923169934 1.2704496208918516 1.1796664863529225 1.1073104775194038 1.0018519219047544 
1.4991260623640594 1.4228758184462795 1.0726353986603137 0.9631943429646843 0.8706098816686898 0.7315450839963112 1.6424811227344958 1.57319448333611 1.2652715068866325 1.1739287158934182 1.0992392158848636 0.992735361311951 
1.4995854700266604 1.4225308639305791 1.0729196109285541 0.9622858039247384 0.8639770373771979 0.7220067853109693 1.6397538264492875 1.5695955174104823 1.2614247979784923 1.16877285982995 1.0892622964901888 0.9804742870035298 
1.4945849178036859 1.4169788502466258 1.0689988646047526 0.9574985942789942 0.858829312801007 0.7152850998351986 1.6317642370288208 1.5609931168221884 1.2536462903252457 1.160031899029613 1.0800269613515443 0.9697954540861954 
1.4910227678221952 1.4141612757829851 1.0640181189078313 0.953329836480617 0.8534524594634197 0.7106928452743562 1.6236869084168166 1.5534034879335632 1.2431189966226726 1.149803487350843 1.068452798659894 0.9582768925128895 
1.4914459020304558 1.4150240830754226 1.0606808243215486 0.9502242304232407 0.847689013426174 0.7045984249793921 1.6181584078585878 1.548004815859253 1.2325054017420938 1.1388379350563627 1.0547997050262385 0.9436549659295181 
1.4841754827408011 1.4062094027451566 1.0525128869372051 0.9393781975162561 0.838371880950745 0.6910249138554196 1.605590536690127 1.5338086557028194 1.2177551006293876 1.1214167405157147 1.0382733352585387 0.923395657077122 
1.4921929993514949 1.407009615927912 1.0606789418639413 0.9370570578751382 0.8480375982900819 0.6871709249623488 1.6039527278862087 1.5250247425184977 1.212874364348431 1.1063906795041298 1.0320814764802295 0.9045597194732973 
1.5010591157367554 1.4051061482807663 1.0724359181491498 0.9334150296285196 0.8626722715703861 0.6821643989071916 1.6060872429281077 1.5167930151792004 1.2150952890602489 1.094349752362749 1.0346696144646415 0.88976740224421 
1.513217897889266 1.4069027477023455 1.0851415345900322 0.9311708141326219 0.8772018089883364 0.6775174895841508 1.6134809926095843 1.5142218623809423 1.2210752053466691 1.0865411138619698 1.0406610979144026 0.8789325660779729 
1.518589945618504 1.4023540364450093 1.0964251588383085 0.9287785255558023 0.8957834308210942 0.6803744377426375 1.6156222571918257 1.5068897433235153 1.227301097503628 1.0801617492457367 1.0519257625581808 0.8758020498569354 
1.5262406804360837 1.400931179543806 1.1064063124449355 0.9259225040023599 0.9096072349195559 0.678662564915732 1.6219635878212557 1.5046472794040469 1.2351073612516443 1.0764235918159728 1.0624220382776328 0.8728906819401843 
1.5298210661943312 1.3962968393475508 1.110630669201945 0.9180375005259644 0.9170059935311001 0.6709637554830813 1.6250704983390598 1.500048830395851 1.2385483895964502 1.069249494913119 1.0683639932962736 0.8664259871287103 
1.5335684575968203 1.3918182827279897 1.1162574296889989 0.9117875670000606 0.9259330237851386 0.6653404260496201 1.627506512778333 1.4946917298011286 1.2421658038828352 1.0622155159551614 1.074382240888172 0.8600134403228185 
1.538806450572534 1.3909935488432863 1.1217541655477106 0.9084438169329131 0.9328345209755267 0.6611490029665327 1.629621872731107 1.4908404370299457 1.2434124672383016 1.054993992534384 1.0760680272564742 0.8513871973923733 
1.5400558352200124 1.3875916870589886 1.123761780625774 0.9035924158575094 0.9363717122997737 0.6560721743796256 1.62660550514721 1.4830658056118784 1.239723369697938 1.0442953355134792 1.0727839844885876 0.839347479757466 
1.5443722864540272 1.3882404839102052 1.128980202823433 0.9037268283985157 0.9433336406421855 0.6572702941463581 1.6303331115226853 1.4832774307348038 1.2439841613651035 1.0438498338972135 1.078322147100411 0.8395859306391693 
1.547685853167703 1.3905278626821687 1.1328612416776558 0.9064275093439298 0.9472007209115922 0.6598677462154366 1.6340357228822875 1.4860380144718506 1.2482451027163857 1.0470683231076374 1.0825573653416434 0.8427138814897023 
1.5472075555988631 1.3902495337536385 1.1317845776039757 0.905471631859447 0.9461709359847247 0.6589248713641108 1.6345893552211237 1.4868842948266718 1.2485861885357412 1.0478120137707 1.0831761538190405 0.8439272043264218 
1.546328583880027 1.391474603621787 1.1303506488361965 0.9070623311131435 0.9441774670708946 0.660712170710068 1.6335348237562644 1.4877854360170384 1.2469949961505098 1.0488403136914646 1.081098987338537 0.8448931906604585 
1.5454798217155603 1.3948884922207796 1.1275578605685654 0.9102707044225692 0.9396443468302037 0.6634286132885437 1.6318898466777592 1.4900572130257148 1.2433596910347224 1.0503091676691965 1.0758662049204633 0.8453958346774367 
1.541649228847798 1.39414839131529 1.1232306858375132 0.9102826845584894 0.9340147335063886 0.6628355109731298 1.6287449280679314 1.489891752076979 1.2400705098932925 1.051067201327779 1.0716861566274942 0.8458596872454734 
1.5422736612914227 1.3979379930144435 1.1212501820348793 0.9125922181967421 0.9305434837304757 0.664480068258823 1.6292382157969567 1.493331761469383 1.2381482496911467 1.052916746097834 1.0685131223402218 0.8469609664047394 
1.5427327613287403 1.3996753669608535 1.1204147464564183 0.9134527705782056 0.9293289811885779 0.6653714115266751 1.6296842080835783 1.494970694721806 1.2374067436687906 1.0536803164513417 1.0674729975399846 0.847682346446474 
1.5413770393223067 1.3987874425909035 1.1214723703016494 0.9156764764642586 0.9310077214234046 0.6689831907828476 1.6282204108627307 1.493942715953326 1.2381271365857383 1.055330250940434 1.0686598646669574 0.8501747106036499 
1.5531752014978737 1.4045611512312166 1.1371550980178384 0.9238834006236717 0.948505006495991 0.6783071342304753 1.638809309440229 1.498711037427816 1.251584780631324 1.0615570093536946 1.0830533197899168 0.8564130513414423 
1.561218357688075 1.4084359766003742 1.1478501996263493 0.9294348931378948 0.9602311602849858 0.6843486107111273 1.6462061399114785 1.5020931378853477 1.261012282050516 1.0660399219927226 1.092993950524087 0.8607699551461181 
1.5617285968213683 1.4086333000925542 1.150113859985019 0.9316723967842129 0.963311108484502 0.6879097729569191 1.6466866599841148 1.5022744490171027 1.2630687380224561 1.0679860490519715 1.0956956866619674 0.8635974767040719 
1.5652685151001697 1.4115361203893755 1.1550112795829703 0.9361729278097557 0.967779575917931 0.6920736972056444 1.6494829356570775 1.5043811517776637 1.2667989132549373 1.0710500368441662 1.098783754077157 0.8658489666355732 
1.5707185568326874 1.420449137976633 1.1567932050191858 0.9427032873489728 0.9654362400379219 0.6946841745560065 1.6539283449468298 1.5119516986393977 1.267474932540506 1.0756447710180903 1.095622799606945 0.8665496453282755 
1.5612218180182758 1.4125841956698686 1.1505747698677777 0.9390435803818106 0.9607544103756641 0.6935629617102473 1.6457156736983123 1.5054436633286181 1.2628494821855414 1.073670973555814 1.0927101860311774 0.8671770842545887 
1.5652526294513132 1.4146367053078504 1.1545188381331204 0.9402632405897031 0.9643978542096877 0.6937178354376151 1.6497075725728636 1.50755307999561 1.2666621604059427 1.0749949965484722 1.0961671871590801 0.8676195688227935 
1.5646625978655113 1.4135351941707184 1.1549666550854403 0.9401386463491703 0.9642002818705511 0.6925278937048313 1.6494834456760246 1.5068869690720834 1.2675072255254605 1.0754009795231034 1.0964984158489468 0.8673070251988335 
1.5633096322278452 1.4127389754007498 1.1533470769097913 0.9392038576455913 0.9617733794487973 0.6905812333218736 1.6483196403053506 1.5062709062503865 1.2661872334755078 1.0747671918217265 1.0945449574212838 0.8659809872141304 
1.5659423953107245 1.4155736394237812 1.1533707358137235 0.9391151140469893 0.9605227967266003 0.6886778537396784 1.6508346626453814 1.5089493784058792 1.2662320293656648 1.0747170303812488 1.093473155130701 0.8644979376444398 
1.559410391795489 1.4101551077947987 1.1481324977718208 0.9354062702589501 0.9556054493564591 0.685535143402408 1.6441856862166633 1.5033706225544516 1.260870347482151 1.0707804122039961 1.0884702915375137 0.8611296264557154 
1.5578037490722123 1.408597957482347 1.1461025918404686 0.9332453247798458 0.9533498106274736 0.6828407915637729 1.642145482721747 1.5013452206682647 1.2583482891566387 1.0680992940843281 1.0857095040679343 0.8579981424358913 
1.55598801499027 1.406644352632662 1.1440892113787982 0.9308543149136497 0.9514765495761627 0.6803361348578805 1.6394694118382815 1.4984690802126552 1.2552694424518427 1.0645426272129077 1.0826212975705585 0.8541770928521555 
1.5552700846069019 1.4062904860921017 1.1429552754474515 0.9301261510532645 0.9506754268798367 0.6801262106941328 1.637797467110375 1.4970532517159034 1.2529414467057747 1.0623794821405204 1.0804162505595518 0.8521074871594312 
1.5528095621424414 1.4040247856362793 1.1398517192516755 0.9270005416832291 0.9479938119423564 0.6773184848215793 1.6340223164574588 1.4933509276392471 1.248228078630264 1.0574220532412781 1.0758734413865785 0.8470960537512849 
1.552346491813284 1.403935778960352 1.1381759408127594 0.9255811758268477 0.9462350838163898 0.6757343225299497 1.6319525809854312 1.4914842497944825 1.2445617976561107 1.0536555931541436 1.0718444055855356 0.8426781536179814 
1.5500237256710265 1.4017753987508448 1.1360053153674456 0.9235306139717783 0.9448249165549615 0.6746071755793069 1.6281918421374952 1.4877531358404492 1.24054149515568 1.049449341132334 1.068236512951645 0.8387669318726686 
1.5498681276404809 1.4013715905768211 1.1344860342356844 0.9213086799090793 0.9437089756253303 0.6725605939064598 1.6259069402016249 1.4850335013041995 1.2363416708158834 1.044170411760365 1.0639872159926596 0.8329585329389514 
1.550365290993655 1.401183918519564 1.1356165794482924 0.9215795426971239 0.9448493930345937 0.6726248683462722 1.6243550408570906 1.4826372235843266 1.234715262219529 1.041251946820672 1.0619026032352685 0.8290482354832196 
1.5521686886009811 1.4024412570490392 1.1371979438397215 0.9224060955312958 0.9464520109721835 0.6733388824903029 1.624179880380646 1.4817469842835145 1.2336741098982704 1.039021487281803 1.0604263553086986 0.825904290237852 
1.5503351903844182 1.3994799374568718 1.1368285329566152 0.9205346306056551 0.9470509511870467 0.6722428110023119 1.6201746031845734 1.4764723626279939 1.2303680976050582 1.0338329402782105 1.057512196811124 0.8205711055138915 
1.5518477502720072 1.4007020571214601 1.1388904033419063 0.9223915457246397 0.9495250084248913 0.6747833388757387 1.6203148316683058 1.4761961138427 1.23055274755871 1.0334383761619703 1.0577270230661076 0.8200739406445555 
1.5544507900887181 1.4024072755114472 1.1431899420513814 0.9259115245029843 0.9533284577769826 0.6776902360278183 1.622575115724212 1.4775584298996236 1.234226879859388 1.0362166272394207 1.0607864515384047 0.8220077878995066 
1.5566284004694377 1.403680209430923 1.146200345990194 0.9279016038072356 0.9577455242119589 0.6815443069588654 1.624256873289456 1.478322205619614 1.2364843898844984 1.0373619424424823 1.0641404523971636 0.8243913243284647 
1.5599209323101733 1.4053548314427358 1.1513937390221645 0.9313304620055334 0.9625943327588419 0.6842928734536405 1.6266652842731477 1.479090542955177 1.2403201902168004 1.0392608245572619 1.0673680159436294 0.8251929281443461 
1.5631396019011896 1.4072705348410481 1.1559005357866265 0.9344040838051866 0.9681594714879415 0.6887217910243657 1.6295888403679653 1.4807311477279763 1.2442911324331658 1.0417607045055068 1.0721413786678555 0.8285481754562072 
1.5654205567004358 1.4082084779393649 1.1605543303698895 0.9377611378918955 0.9733849742729249 0.6928115949811339 1.6308121815157939 1.480560018837569 1.2473544828076348 1.043265452212572 1.0754000000838304 0.8300570812783314 
1.568735012670024 1.4103001453509176 1.1644658699922552 0.9402115306551072 0.9773838062792016 0.6951949832793816 1.6333772928704562 1.481869879869626 1.2501890270134433 1.0445044582311842 1.0780867060050503 0.8308356670634811 
1.5717607433489422 1.4127479585307563 1.1687125117550592 0.9440942194150008 0.9819214408153127 0.6997104229128074 1.6358214507447992 1.4836902570000314 1.2535425479483413 1.0472792748435442 1.0815034444313247 0.8337113771065018 
1.5729482154655983 1.4130383376031983 1.1718360259594387 0.9464200582914598 0.9860093178750442 0.7033673506329463 1.6361683207898905 1.4830907015271892 1.2554203906088233 1.04813721055805 1.0840180166198392 0.8352283013382688 
1.5704880752519867 1.4102253186312783 1.1692666009549277 0.9431262051860769 0.9838277764470212 0.7001569456262574 1.6340733556265734 1.4807087446114073 1.2533743739077683 1.0455859486281796 1.0824416985541023 0.8330562319367703 
1.5703342953669237 1.4095917958066913 1.1698171887972637 0.9431179601754666 0.9846607086735679 0.7003969894320883 1.633612997176973 1.479760337401139 1.253480706092253 1.045090001935495 1.0827272678498185 0.8326449232088867 
1.572260882171128 1.410621632120227 1.1725751353348461 0.9448711845566743 0.9874233815367818 0.7020356414068539 1.6354650430215663 1.4807413732132741 1.256054964301138 1.0466724323997136 1.0852403234977648 0.8340237809232617 
1.5698470858981783 1.4082303152194255 1.1695511444579934 0.9415639261903582 0.9840854667674969 0.6979376429904052 1.633041721540819 1.4783497596621047 1.2530982685699483 1.0435267214082264 1.0820487960776086 0.8303748218082014 
1.5675722154826424 1.406354817659171 1.1660196408093475 0.9381647110999006 0.9800423229397596 0.6935662745211593 1.6312241393239495 1.4769710271745888 1.2502845055079104 1.0410391765506042 1.0789311825659502 0.8274320027127063 
1.5686604045953505 1.407248349348916 1.1672599191890591 0.9392274329177404 0.9812532664634797 0.6946297033277863 1.6322964318766517 1.477851174278807 1.251475886910031 1.0420385536616428 1.080071363159513 0.8283758816607643 
1.567292034953744 1.4064139224387135 1.165423552889441 0.9379807332933059 0.9776235842232162 0.6909006229765956 1.6310388002305303 1.4771199566241895 1.2498381105797054 1.0410048516013015 1.0768616983890957 0.8253647168721522 
1.5682659953037696 1.407747346161989 1.1657402849803735 0.9387463824836411 0.9768166010189028 0.69026446426433 1.6319591781800555 1.4783724557249174 1.2501131705754172 1.0416704362926512 1.076105570678882 0.8248015263359557 
1.567167095094233 1.4068115670359327 1.1655873636695349 0.9389888090632903 0.9767676390759965 0.6907829629819312 1.6299720817756653 1.4764535443311775 1.248755454750087 1.0404308083520482 1.074649386622491 0.8233938215508397 
1.5634826656943026 1.4041173514085503 1.1610615168571228 0.9354845463857554 0.9711527407810588 0.68571505490733 1.6258578404727033 1.473255309858601 1.2437843532648907 1.0363720413184458 1.068678303993565 0.8180102737903495 
1.5568496346573977 1.398816292489072 1.1525334081634566 0.9280298982968559 0.9614435651315539 0.6762247881680119 1.6189097644318762 1.467574550260692 1.2350794700637173 1.0287504714812394 1.0589909203448689 0.8089301605039043 
1.5529548650531728 1.39642417634912 1.1471653921263134 0.9242943818353103 0.9548801290697793 0.6709155895433631 1.6150944753655492 1.4652173326016582 1.229979588593371 1.025271405900076 1.0529280186016128 0.8043563139282978 
1.5481778821788277 1.3939123598231418 1.139449808489922 0.918957440835929 0.9448475523954751 0.6624755159760396 1.6112376498045595 1.463633723356947 1.2237556436428476 1.0216236035584338 1.0449731606829527 0.7988152593357991 
1.5439761483225778 1.3919570504110474 1.135283621386754 0.9179057601894776 0.9394380955597993 0.6604740865386185 1.6116170198713538 1.466625890382078 1.2256899987921184 1.0276176607761385 1.0468958914519737 0.8060230090630308 
1.5369260241971228 1.3878673064289593 1.125178191512071 0.9110762970544096 0.9288757944173025 0.6533332211470461 1.6094416917715206 1.4677658585797582 1.2223693868926753 1.0286986800868245 1.0444956662487284 0.8093239482508687 
1.5318003987166013 1.3856236776225856 1.1184748354381244 0.908034400222998 0.918818770764039 0.646350097074596 1.6091290760744892 1.4706586612631563 1.2222396980414028 1.03315555167087 1.0426465630636008 0.8128052472445902 
1.5218201942432477 1.3799205530198309 1.1036097707099897 0.8978856024274785 0.9000277042439061 0.6311052982241205 1.6023243584014304 1.4682259289927269 1.2122133359795033 1.0284479573447343 1.0303186469857546 0.8061020675860819 
1.5132535938073286 1.3752069980518553 1.091344683576548 0.8901073343652414 0.8844249643529946 0.6192458040962374 1.5973551955838738 1.4672428119363188 1.2052553256712022 1.026595464815034 1.021672500980033 0.803164085090211 
1.5028250145135331 1.3696824625319552 1.074927897976232 0.8792138589487773 0.8641586818678622 0.6035869874074496 1.5918928017965284 1.4668570879031129 1.1962899539875775 1.0240393927635796 1.011142866073633 0.7999730742541281 
1.4953847996447813 1.3672919541226967 1.0618730399669551 0.8722877631886524 0.847074381036673 0.5923230502088049 1.589566436887324 1.4697050881311744 1.1908484837621716 1.0253934367249786 1.0040322531067727 0.8008697485101197 
1.4786371730764414 1.3565125046248154 1.041528615835153 0.8593835832755301 0.824827342904859 0.5780124836052332 1.5765819780536279 1.4626582031094926 1.1764457920038176 1.0187163428175137 0.9897388491533966 0.7958274154133481 
1.465596867544312 1.349896041640133 1.0225173663834273 0.8484025634306512 0.802814443664101 0.5645849590944662 1.5656466255690331 1.457907576369538 1.1613857854114198 1.0114653170700911 0.9735431212615597 0.7886896436721482 
1.4556958759878567 1.343979144506362 1.0075114183809792 0.8380386122775327 0.7862609954512895 0.5526624742716413 1.557825621325459 1.4539773464390884 1.1501519209469908 1.0050268149447819 0.9622767460861 0.7830747049662966 
1.447529584301944 1.33889521189276 0.9950348262394432 0.8290915488830886 0.7730877786056114 0.5431051504353083 1.5528383327022033 1.4521037767698832 1.1428295128799215 1.0016774862745788 0.9558397896663221 0.7816189573630867 
1.445845826376492 1.3390567602048542 0.9906280785695109 0.8270107879890811 0.7686211982832122 0.5416469328356995 1.5557222303760787 1.4570087547733956 1.1450526164706671 1.0068507078441773 0.959468629443569 0.7894193462832798 
1.4430645847659607 1.3380656895256504 0.9866246543674826 0.8254771967085186 0.7663575545434091 0.5434043568888222 1.5601022083741034 1.4635242718362256 1.151048093423448 1.0163149644936624 0.9689104221617985 0.8042212381265209 
1.443991341420557 1.3410550914326895 0.985992102451911 0.8279481809011598 0.7658118947218956 0.5475268233224192 1.5677674143461264 1.473503454236039 1.1597258716979368 1.028728273960398 0.9794138703763285 0.8201032213359117 
1.4437226215675172 1.3442877361286105 0.98345838144061 0.8306412568045152 0.7635863330532995 0.5530267602076634 1.5737601685129108 1.4830696468736002 1.1660087684051885 1.040360974603423 0.9876487979022627 0.8355983828836581 
1.4439815096268183 1.3477140404567078 0.9835786460391179 0.8358693005752421 0.765309366037124 0.5629822025998197 1.579483579163818 1.4919848898524894 1.173504465116407 1.0527883283681219 0.997689431861511 0.852428728485933 
1.445386149968871 1.3544995167816916 0.9813692292515777 0.8417917691221718 0.7617442653028874 0.5707732861319244 1.585158838589318 1.5027496005648564 1.1775707983632389 1.0640492486712425 1.0019190320369384 0.8656613455606272 
1.4388394704869598 1.3526963175713884 0.9730778847714063 0.8404813356471365 0.751840486959298 0.5699056268990458 1.5827438715051765 1.5048609465751959 1.1754572347759804 1.0682827418465555 1.00004162852713 0.8715569772121581 
1.4331993762998658 1.351549113656742 0.9653225503562656 0.8393284104725188 0.7425609740797889 0.5692287366483925 1.5805339121519426 1.5068881849235942 1.1729768205136557 1.0716805381559957 0.997709274018401 0.8763836773139518 
1.429838608727291 1.3524266440540111 0.9597085531593407 0.8400356465931639 0.7344416702551639 0.5692310142175977 1.5797640821778407 1.5100575935636347 1.1714335727386318 1.075581701164163 0.9952992893291922 0.8804771751040427 
1.4317404008312296 1.357732272995074 0.9576612441632846 0.8430132907210717 0.7273497245289711 0.5679735658746541 1.5826566712248018 1.5160338019755266 1.1713396698534417 1.0796263112449467 0.9919471686397265 0.8817684135488014 
1.426579889893232 1.3567336145787008 0.9513003428191259 0.8429521106965605 0.718732566569643 0.5676023440118851 1.5781588043932038 1.515315521785409 1.166373598759757 1.0798255833993684 0.9859165947907492 0.8818318720503282 
1.4225245033018112 1.3568367965286263 0.9475424852185073 0.8457345276232163 0.7148001399650569 0.5730352258055912 1.573701160588015 1.5145842573974104 1.1622375581764965 1.0808451653942228 0.9817833877368597 0.8839280232892636 
1.4238266852805537 1.3588599124549259 0.9482696633959183 0.8476043808741248 0.7141358129354727 0.5737663211421601 1.573563137968416 1.5150309505528288 1.1610486096512103 1.0803942363475514 0.9791876626944441 0.882057997374894 
1.4200019335115477 1.3559286807411863 0.9442414538541157 0.8448248453120529 0.7079903637596588 0.5686716550493212 1.567122470694787 1.5093077665726542 1.1537154199179858 1.0738698087927299 0.9699060274874747 0.8734155930807131 
1.414852881896859 1.3531396830304874 0.936751507184188 0.8406436287701512 0.697292202030001 0.5616001597149415 1.5608657018435146 1.505151176317996 1.1454241345420688 1.0682578211141014 0.9595360737311794 0.8659606233377172 
1.4037834375323928 1.3424268428596997 0.9207968811253983 0.8242383060925166 0.6757898586766901 0.5368368672420523 1.548044111139363 1.4926293776330617 1.128582972950266 1.051285601429631 0.9394277852146278 0.8450008595103681 
1.3975070851306988 1.3350610515592545 0.9116980926767931 0.8127455755588598 0.6629298993034652 0.5184959110644002 1.5409666964754631 1.4845673841380533 1.1192612379808846 1.0402440469651832 0.9279161373995511 0.8308972959677403 
1.3913601634840034 1.3274708912930002 0.9027261321853005 0.8007561004639506 0.6511997504070719 0.5003568502881044 1.5337319696903473 1.4760181630150195 1.1096689236210198 1.0284264595731833 0.9167942873132624 0.8165828971698051 
1.3841198063723454 1.3185102400786348 0.8941311331075654 0.7887661871506784 0.6417314453821154 0.4842528913617542 1.523140900585438 1.4637758769142968 1.0971057596404363 1.0130758424897017 0.903321544432667 0.7991692107659171 
1.3826355542406341 1.3146001619390992 0.8912021233425702 0.7814945518494072 0.6367631376346354 0.47112610134687477 1.518255267046456 1.4565684212677088 1.0897977815697302 1.0020737071864052 0.8938038227230322 0.784460186009657 
1.3786794884043174 1.307525208417333 0.8872928985102893 0.7721099187594926 0.6332758038538897 0.4581520300585714 1.5107675117260069 1.4461270737341134 1.0811799251219893 0.9888453212645496 0.8847031064073361 0.7691323848251289 
1.3794040702867802 1.305247226997145 0.8872076435219303 0.7668455758389277 0.6326018782170477 0.44844160242303177 1.5077717600551273 1.440239707437528 1.0759914005324283 0.9791180870966159 0.8779551398674856 0.7561216582533107 
1.3824916182297562 1.305817830264057 0.889281714461469 0.7646561966240316 0.6328318424949314 0.440855160155271 1.5066391424450414 1.436606639587723 1.0721475638863942 0.9712762377961944 0.8712947675428389 0.7436610137068701 
