1.8526615088962237 2.081506161678517 1.4657807004274657 1.7460888569330117 1.260554614820648 1.5777551050481922 1.8876426665917552 2.112701604888308 1.5097527055573148 1.7831619294101229 1.3114259823328314 1.6186881545552967 
1.8476421998744714 2.0779067827881446 1.4591229561476222 1.7415380272497574 1.2524473575991033 1.572431010492027 1.8832182849603432 2.1096032821383686 1.5039179536161458 1.7792369461117248 1.3043595338743748 1.61408447511553 
1.8399315663721953 2.070071987765846 1.4489173600080993 1.7318231381214537 1.2406233849693629 1.5617286092445255 1.8749016971385033 2.101215419592394 1.4930739168349436 1.7689317642952878 1.2919189557912834 1.602780226335738 
1.8390689340652575 2.0677789139276768 1.4477668520324405 1.7290355550086074 1.2392153531343624 1.558585828269949 1.877191569404658 2.1017571888503017 1.4958952175349456 1.7695303316089055 1.2951171126365069 1.6033912273939643 
1.8360856039700115 2.062220595839815 1.4435726606949586 1.722046883074303 1.2338416544702655 1.5504543427995299 1.881948778521329 2.103158255048327 1.5014735717214347 1.7708659823312214 1.3011095604052418 1.6045028915455162 
1.8365079044211632 2.0591541311911095 1.4440269366606053 1.7183038866281515 1.2336907167525464 1.5457513505093279 1.8882693954712637 2.10544906442151 1.509309054061961 1.773518613850278 1.309500978034538 1.6069061156375661 
1.8319780550014046 2.0525765534290628 1.4375578809935723 1.70982442808808 1.2258765224959363 1.5361315575453587 1.8876844685610807 2.1024460912296252 1.5079064029463929 1.769380861693358 1.3076629180514103 1.602157676674406 
1.8315089403600737 2.0531955130037858 1.4369533744067273 1.7105618422667097 1.2245699170806377 1.5364759346696193 1.89045782877558 2.1059481518733745 1.5113705051968165 1.7735353450041191 1.3110977406657676 1.6062889221988927 
1.8276349333936606 2.048881250038872 1.4329715605554947 1.706186513942966 1.2198386192283182 1.5315584167640652 1.8868017541439932 2.101829152533776 1.5077065042775568 1.769419065693837 1.3068196764056048 1.6016999074860592 
1.8374954043217524 2.056687834034023 1.4396842090207003 1.710633247503263 1.2237882997085565 1.533373173191562 1.895918126793338 2.1090474222415105 1.513541147211915 1.7732406182082454 1.3098755609230823 1.6029190468840153 
1.8309167587080304 2.0504225391752597 1.43702132027257 1.707924672448384 1.2220846339423141 1.5314918427330653 1.886383026714861 2.1000993632011604 1.507055082297233 1.767255338913401 1.3037160728770356 1.5973891230748756 
1.8329619104997354 2.0523118620869587 1.4398366543961993 1.710369610716596 1.2244704232209287 1.533480495886022 1.8883987036488985 2.1019715216583785 1.509778092947053 1.7696509553759012 1.3059969815979056 1.5993319636219492 
1.8333816923325976 2.052062128659934 1.4403192027395662 1.7100263026866984 1.2249768903046048 1.5330489006813643 1.8880675329077452 2.1010639111936458 1.509314408869252 1.768530614640397 1.3054037539475438 1.5980455284253763 
1.8293328922741454 2.0479717860254056 1.4364438824945758 1.7061947817163463 1.2213390783709863 1.5295093167274565 1.8825384074796694 2.095633665800416 1.5036166574084269 1.763120148497002 1.2996773327392035 1.5927619956654198 
1.8271678395142057 2.045955906723068 1.4331132081433795 1.7032929066531715 1.2179228797239217 1.5266726562871982 1.8784160260589267 2.091850861188486 1.4979045098253125 1.758155618554572 1.2935380141901551 1.5876504189068228 
1.8259435565652653 2.043462318556966 1.4318600081579937 1.7005562203473927 1.2168105087326497 1.5239081959757976 1.8761502181760954 2.0884463164664324 1.4953570986096296 1.754354932150906 1.2909289614700763 1.5837190278462308 
1.8264410016892223 2.0441422945459378 1.4327871350104766 1.7016198053476959 1.2182457616801012 1.5253700284034462 1.8764436970107923 2.0889403858778572 1.4960057451933564 1.7551820923629349 1.2920050120845237 1.5848999775858192 
1.8251772884411888 2.0442314732733986 1.4316614101949978 1.7021352988295406 1.2174925760108477 1.5264004568662608 1.873684798593811 2.0876553610597535 1.4930093715986947 1.7540487922978454 1.2890736064637773 1.584083629408981 
1.8239795792835867 2.04367647736219 1.4307742636920506 1.7020067661803022 1.216612708154707 1.5263874082694506 1.8707373365931226 2.085514378038073 1.4899233774001701 1.7520227478556123 1.285652814146778 1.5819656118271126 
1.8223578500344135 2.041419319410407 1.4302766659573418 1.7006163721610028 1.216696276308122 1.5253702936867657 1.8685077435916742 2.082720790682719 1.4886317192180374 1.7499797426090538 1.2847890422408068 1.5802175758869568 
1.8211187727724516 2.038572524425913 1.4290228270200025 1.6974718239029007 1.215604448718513 1.5221690210171273 1.866261917187467 2.078999253569909 1.4861245570759674 1.7458151540023474 1.2822457388286537 1.5758992631333515 
1.8208891003202612 2.0381934488328457 1.428933860073702 1.6971880849408325 1.2151513968494339 1.5215742954141707 1.8640694401081548 2.0768606830370517 1.4835665601330903 1.7434348733305556 1.2789490525994889 1.5729927203725802 
1.821062650658008 2.037683931021092 1.429627049975472 1.6969738145126372 1.2159342689560033 1.5213095580918337 1.8629434019157884 2.0751975192404144 1.482606638033693 1.7418407126547393 1.2778047924239329 1.5712007232246203 
1.820749599361035 2.0368680436968343 1.431108989690642 1.6975792365110294 1.2187140342071106 1.52281522878955 1.860716922450422 2.072672137448026 1.481624548356759 1.740377437843116 1.277654984373078 1.5703835782869642 
1.8235097410533678 2.039687717950108 1.4339313260112982 1.700381503885678 1.2218028972450998 1.5257590015321947 1.8629409231525622 2.0750149624030474 1.483752053126303 1.7426010347169314 1.2799075853968989 1.5726734048099498 
1.8293744832311536 2.0460797092726497 1.4408957047257966 1.7076333355545767 1.2293989848284606 1.5333796140216713 1.8683885501943247 2.081035067291575 1.4901158366037353 1.7493645655772412 1.2867348749828962 1.5797208029576777 
1.8288990453414316 2.0458115610512126 1.4428777679522269 1.7094939246837935 1.2330135718842676 1.5364881039991163 1.8683120163213638 2.0811206153442425 1.4925194556624044 1.751595715572175 1.2907519284242035 1.5831973237757824 
1.8340489357760688 2.049017642642769 1.4457690710557238 1.7102590470046726 1.2338690833396104 1.5353080198648512 1.8751859553978454 2.0859195018891143 1.4976097874016885 1.7543012501737922 1.2942255534957308 1.584221444230992 
1.8435797617492389 2.0542592004981697 1.451787818495313 1.7113977897705082 1.2366921209142476 1.5331672859904688 1.886557245060796 2.0929148964521658 1.5059879716954516 1.7576103936286278 1.2998920350903687 1.5845863270239902 
1.8416809238003877 2.0509322519991366 1.4518299160336414 1.7094866429107454 1.236731007572079 1.5310251670989115 1.884289761446007 2.0892779571637305 1.5055129973169445 1.7553073412625637 1.2993316994094504 1.58202318007362 
1.8403051758133295 2.0455087638837752 1.4523902514563123 1.7049400005646327 1.2377935469719212 1.526275148171302 1.8818991878167464 2.0830092453240168 1.5047454454177056 1.7497547881075592 1.2988280401597934 1.5761780486053374 
1.842315026452276 2.0425950064101914 1.4551618812667717 1.701636213828282 1.240737500316586 1.5223334878441879 1.8858408588191768 2.0819379069299475 1.5098897935915225 1.7486671759691295 1.304492480925762 1.5747286548202044 
1.8531646624934681 2.0443460321761893 1.462189184857599 1.6979778105954535 1.2445374555691484 1.5145972769269493 1.8981307797395126 2.0851934898120437 1.5187752970714694 1.74694299733979 1.310555099564505 1.569294778540517 
1.8454625009403145 2.03017597175636 1.4586184793759058 1.6862533920786875 1.2441727751308818 1.5046090948471897 1.8927741000068867 2.0732767368532548 1.5180348545593016 1.7379046157878975 1.3133270139827626 1.5622773375994672 
1.845983511557384 2.0219952961720087 1.458333233572399 1.6755732371166978 1.2433011040539335 1.492182122980211 1.8954069550578656 2.0672148843508578 1.5204105433999495 1.7298722707997054 1.315564531173492 1.5529069155882234 
1.8462362280997198 2.0138036313473764 1.4585114773452694 1.6655547379860802 1.2439151615555943 1.4812635770948668 1.8977428072812925 2.0611270262329495 1.5231858987621572 1.7224726813125022 1.319152941014756 1.5449858696660888 
1.8453359694762497 2.0091030986992306 1.4580786041372567 1.6604889752126784 1.2442360191872162 1.4762634224293614 1.899166068158035 2.058655429012551 1.525634336937541 1.720113528521548 1.3227585515289062 1.5430232035205598 
1.845717782541624 2.0050356601592823 1.458280955505615 1.655317857968786 1.2452869860358977 1.4711334213151332 1.9018025290104044 2.0567806701421447 1.5286471377497064 1.7176309083939918 1.326996007586447 1.5409128041100735 
1.8455125334301714 2.000447453953202 1.457793394088425 1.64955602658044 1.2461672153639132 1.4658807023860603 1.9031508349597122 2.0537420981193937 1.5301072411461394 1.713797442636629 1.3300373371480403 1.5378143006188523 
1.8346445576640535 1.9901651791261774 1.4438556891068892 1.6369349523442678 1.2313958944897982 1.4529874865966086 1.8921531545798111 2.0433013354927194 1.5162592648971118 1.7011404838008912 1.3155450415650276 1.5249575546966314 
1.8340030561915375 1.9849268324046352 1.441922509193854 1.6295729018365208 1.2301522486748946 1.4455593639833335 1.8947338869244672 2.041172168666793 1.5184168777578508 1.6976328032115484 1.318985916171928 1.5218709429317254 
1.8366155941965918 1.9817463925048784 1.4458583125763396 1.6262435805887443 1.237230196546342 1.4439184473529312 1.8975022358369171 2.038302396202806 1.5224533339994692 1.6947053069976796 1.3259322959359954 1.520611185269298 
1.8390989246614171 1.9803315331506441 1.4500230261243372 1.6254214538976592 1.2444357025940633 1.4450080776212915 1.9007943251784978 2.037755430156127 1.5275146441951972 1.6949127159623236 1.3339244468225253 1.5227549232659798 
1.8453580623898578 1.9813948791765992 1.4580252099422868 1.6267811166924853 1.2549878753307737 1.4476097043150993 1.9071671852848269 2.0390845890809066 1.5355057170285136 1.696572160512853 1.3442227722469404 1.525619267781857 
1.8547713052294101 1.986444990666092 1.4702610800474893 1.6332344442064677 1.2701472246564214 1.4556995151961856 1.916693824976334 2.044383115989371 1.5476453946244955 1.7032302761935656 1.358974832843644 1.5338186667733607 
1.8599671204152965 1.9895144968323226 1.4770467614215774 1.6371797028750295 1.2788364484272294 1.46086033073185 1.921800085728474 2.047438842453168 1.5541895045025784 1.7071014205330537 1.3672090338737417 1.5388147342633451 
1.8639600648797978 1.9935010647719003 1.48389983431049 1.6436721358125836 1.2882878533412865 1.4694845915649133 1.9250360978970498 2.0507226409211703 1.5599280666129127 1.7126222422900796 1.3751736064245488 1.546221788614654 
1.8692543499786434 2.0011765113437847 1.4903776544601306 1.652822179653359 1.296111631347424 1.4800341095914245 1.929576032529965 2.0576343868515807 1.565368133479815 1.7207478019611357 1.3816863614127775 1.5555233222147715 
1.8674874927832852 2.0026221757840394 1.4883760083063686 1.6547655983075067 1.294056733107942 1.48241993771738 1.9280486069448561 2.0592128287241223 1.5636895590691906 1.7228206756311002 1.380016204086749 1.5580214269328905 
1.8709671140067108 2.0071809318580622 1.4938003026156477 1.6612334861826619 1.300951969326539 1.4902125278008502 1.9311623142798227 2.0634062216671247 1.5685373079702631 1.7287471295752308 1.3861262456553516 1.5651208644748813 
1.8722619100185556 2.0092508477256716 1.495939854040372 1.6641996143150406 1.3034467208544926 1.4935520290523294 1.932826934463179 2.0658035405058075 1.5710796751872038 1.7320553268202288 1.3890387514343614 1.5688062220575012 
1.8753381372141824 2.0128930877346565 1.5012266528708982 1.669888294782007 1.3111581589152241 1.5013264706418654 1.9327329259082744 2.0664709087354605 1.572337399316686 1.734096407657302 1.3920126262681527 1.5724327029955718 
1.878901489908819 2.021515265829467 1.5066397787067685 1.6811355043486471 1.3179051698743653 1.5143074978291495 1.936740686607678 2.075383735206957 1.5781815805418526 1.7455401062025415 1.3991310571785547 1.585503351103863 
1.8840446538696476 2.0287936788384373 1.5156251457978651 1.6921876716531177 1.3300155590724494 1.5281756839103284 1.9426077563354882 2.0832917290899995 1.5878350732285769 1.7571567241697024 1.4117514032487446 1.599819226692441 
1.8847986002792898 2.030539095721816 1.518386525630009 1.6959129980204675 1.3341552528902962 1.5331645360021768 1.944116959443225 2.085716665233984 1.5914215750688974 1.7616032144710596 1.4167198831084324 1.6055274780690518 
1.8894472188561844 2.0345962222424796 1.526478690595899 1.7028529553556202 1.3454603646497245 1.5426712506439504 1.9499956279600654 2.0909457056038945 1.6008152139030194 1.7697966956075406 1.4292430685727917 1.6162632037460267 
1.890370313658464 2.0344346436789755 1.5289668799425316 1.7038673999467213 1.349273966680303 1.5446568012996285 1.9519074705736437 2.0917378349882183 1.604425931877567 1.7718936106666223 1.4342186332917306 1.6193849093780022 
1.8974272737549651 2.0429598206497355 1.5395914281357896 1.7157494966309037 1.3629292542128517 1.5591762958656086 1.960128619440367 2.101323100893625 1.6162350420496394 1.7848446096927317 1.4489479278252893 1.6349020359486985 
1.9016682655477375 2.0468963857341045 1.545618029589245 1.7211559241194099 1.3701147669415654 1.5654574719012138 1.9646535400653573 2.105541772141161 1.62248464821438 1.790502458929152 1.4562746358058085 1.641395271295534 
1.9039443632224762 2.0474046948873204 1.5493127340361728 1.7225654687838836 1.374768081331044 1.567433929659123 1.9675190742167254 2.1066544932206233 1.626805801872688 1.7925844368973642 1.4615452256453236 1.644073080190367 
1.9116476894273797 2.0545984265770865 1.5608237019256979 1.7329594439839149 1.389518754278991 1.5804240489479522 1.9756458904705165 2.11427398662828 1.6385818333342523 1.8033103533593544 1.4763272552293545 1.6572627946505767 
1.9128073633512626 2.059617465378173 1.5646122526973927 1.7410352080560605 1.3954018321941566 1.5907037334748446 1.9811424471831423 2.1232327923312626 1.6474540624948573 1.8158460789479955 1.4876960912870643 1.6722534958644308 
1.9095849489870724 2.0610421748712375 1.560818415767177 1.7428523449213822 1.3913119192323335 1.5928367856745274 1.9783035824761475 2.1248682861857486 1.6441789787118553 1.817884672700103 1.4842234480151428 1.6746042555893497 
1.908640088692994 2.0645844322201983 1.5616602916658924 1.748823820790991 1.3939816444150188 1.6008706114380387 1.9781077720301288 2.1289697619661014 1.6458390675172347 1.8243870548121086 1.4876787941508072 1.6830894462761032 
1.9076436583584575 2.0657840245958043 1.5613975729695622 1.7510915709565962 1.3942448689076248 1.6038323052848262 1.9772375121050174 2.1302177091262853 1.6456993142355136 1.8266596677748266 1.4880465740275872 1.6860136166339936 
1.9089632507550167 2.0709631007657188 1.564146557817764 1.7582098641325956 1.3985944858797206 1.6127039430512844 1.9781131907585978 2.1348721899573193 1.6478305607838326 1.8330556535613316 1.4915956686224188 1.6939908826948156 
1.90664251765643 2.0741280825771704 1.5618034006030495 1.7623709810749977 1.3960107571703197 1.61727166763511 1.9744058914101856 2.136586117345905 1.6438439086589849 1.8354684439769728 1.4872252580007004 1.6966321289057478 
1.903055328536785 2.075947948353294 1.5579756579203188 1.7650009777539075 1.391834702064958 1.6202296561513279 1.9691824705375198 2.1367311255916714 1.6380928451929244 1.8361068787715626 1.4809672031048662 1.6974110160689573 
1.895473903497487 2.0755150782492526 1.5485614585285274 1.764365073345083 1.3816424511573175 1.6198386907467053 1.9596091964572937 2.134246875138863 1.6264345897822021 1.833093286235046 1.4683946155036118 1.6944392193407234 
1.8867722500774307 2.0725724490261492 1.5386349324197244 1.7615460505085443 1.3708145413812365 1.6170279959426337 1.9468261351395122 2.127387842698705 1.6117133529453214 1.825723682505721 1.4523618638831888 1.6867133770923413 
1.9029903323729107 2.086745276574206 1.5593441482574526 1.7789569463325299 1.394985039455535 1.6368008139369796 1.9589325018143837 2.1378845129858535 1.6271442819445239 1.8386767411551055 1.4703834880277866 1.7015173363985332 
1.922850344155374 2.107449094525996 1.5838771360236372 1.8035118580199132 1.4232540595475003 1.664223650240087 1.9739726153669002 2.1541950065438455 1.6455641045606335 1.857920736258261 1.4915986585601502 1.7230365051903105 
1.9190223442797638 2.1211527952613407 1.5789028634608906 1.8192241959816278 1.4188646963840492 1.682206720247247 1.9656726934678115 2.163448996589705 1.6352848780090277 1.8683680192202499 1.4813505346962954 1.7352353816255015 
1.9100595830083966 2.12937112092801 1.5680543245188319 1.8288488523227417 1.407863316747123 1.6935090429762134 1.951995202018235 2.1670669183719755 1.618873689545361 1.8726040111839475 1.4642529756507958 1.7406695656276092 
1.903781800999463 2.1384402880175912 1.5605827049588752 1.839554320648553 1.400763396229627 1.7060714556596859 1.9415220739143708 2.172107198804138 1.6064062987602978 1.8785853497503806 1.451640764754407 1.7480854182495658 
1.8950729317709885 2.143390068170301 1.5507342846313452 1.8459676024056026 1.39117759697714 1.714116295334447 1.9318353619475677 2.1759612664914534 1.5954508047793545 1.8836886255618495 1.4408544531877916 1.7546740788166586 
1.8905557898029246 2.150516285024915 1.5450012323481688 1.8540625409509142 1.3861086326682193 1.7238956579089584 1.9295495646386907 2.1848754244115067 1.592478927960229 1.8938078661251148 1.4388389310820584 1.76657198194621 
1.8847615239152276 2.154116047809693 1.5376818559218453 1.8580515158173763 1.379266652258094 1.7292386889701636 1.9257133796417498 2.1900369782109275 1.5876118885077832 1.8995792834023142 1.434720361788753 1.7737847845585015 
1.8788159798260737 2.1558501952709537 1.531234212669574 1.8607575856219989 1.3735446632890427 1.7333105666469035 1.9209098980092245 2.192632074623969 1.5826002540976067 1.9032509405408973 1.430583899067024 1.77885099732097 
1.8747059043049288 2.157432487665781 1.5255845416219187 1.862095836641004 1.3676291308815267 1.7350510513629736 1.9158569297616563 2.1932853180823875 1.575878720370245 1.9035194909734339 1.4235150112716621 1.779434656995238 
1.8706858508322262 2.1590512312828265 1.5219543048672288 1.8650419761774506 1.3655732641289846 1.7397778612523755 1.9112609830590614 2.1943006202806146 1.5715590663299581 1.9057372761647629 1.420648912491714 1.7833339562078354 
1.8663559512857697 2.1575690633441633 1.5170146913262936 1.8636397988613063 1.360495751738979 1.7386110596392195 1.90658431100222 2.1924605951213376 1.5662416070835976 1.9039255494792358 1.4151776879811984 1.7817260212389023 
1.8649415867381505 2.158775108885919 1.5155541605450495 1.8652633225218926 1.35971321430124 1.7410120257900032 1.905789063428954 2.194159247430644 1.5655443928184885 1.906103904483019 1.4152190139640612 1.784698211543176 
1.8628837536468452 2.1575060271066127 1.5133204715463806 1.8640373459245285 1.3575566800695138 1.7399587687647544 1.9050651329761301 2.1940304323963606 1.5649524372585129 1.9061931980471865 1.4148842429263817 1.7850472818055438 
1.8637103135980229 2.159537737806784 1.5141805364657281 1.8662609155773584 1.3588749983025077 1.7426211203275483 1.9062722491741941 2.196374511774265 1.5662695974740877 1.9087659783146913 1.4166859270747487 1.788067706763824 
1.8639550102627047 2.1605865028467246 1.5137976218383484 1.8669196543727957 1.358221380881423 1.7431497570442533 1.907074637837607 2.1978943173600136 1.5665850228709066 1.9099723531725372 1.4168171065749593 1.7891831849990765 
1.8641245759661558 2.1611608875604333 1.5144239190929996 1.8679228447451997 1.3588492111787092 1.7441694659410247 1.9044162073247013 2.196009343769056 1.563752046432234 1.9081342746046464 1.4136165798125742 1.7871675304573436 
1.8645710989982363 2.16187397635003 1.5151031130650778 1.8688528967309035 1.3597505297735648 1.7452779748852298 1.9016359070756657 2.193921792015269 1.5604906866365753 1.90583443391064 1.4101472416309901 1.784821825695632 
1.866270066996532 2.1632785765516283 1.517712833762448 1.8708988434886693 1.3627027733762194 1.747503672490344 1.896952007428559 2.1898029946292517 1.555286212016052 1.901506097304776 1.4044293517607924 1.780233704008336 
1.866526894636399 2.162275012943774 1.5183368794839305 1.8699886263827916 1.363740969099704 1.7467970729311977 1.8909143614138106 2.183361560850836 1.5482187679397894 1.894331527637388 1.396933750970675 1.7728323349377966 
1.8751948855344716 2.181449818935709 1.5296787384070683 1.8926923935321975 1.3766060826302635 1.7712740500935023 1.8901272024958107 2.194299044208569 1.547947681807961 1.9074877403052002 1.3968784090301631 1.7870749126476593 
1.879180264511215 2.184347071398783 1.5349584702292243 1.8963520683481851 1.382386278913546 1.7751184427886608 1.8889977307790604 2.192798688591463 1.5469620117147158 1.9060810915300639 1.3957026131982557 1.7855081759231572 
1.8809060501184238 2.1796556309133077 1.5374378131723214 1.891244597975653 1.385022891280895 1.7695704307464253 1.8892569481021078 2.1868660032000338 1.547643135852736 1.8995500456560994 1.3963425997770356 1.7784441953438093 
1.8850692124079291 2.173876363726385 1.543050451400812 1.8850085423594902 1.3907893354380634 1.7625400661455188 1.8907901405942042 2.178839109472806 1.550034230515007 1.8907296541198717 1.3985336591474122 1.7686573735374103 
1.890813265387677 2.1682627804226153 1.549482566073594 1.8780534877809019 1.3977967093129136 1.7549998065430124 1.8942665427932812 2.171274836483399 1.553694678225426 1.8815301840645582 1.4024644634164567 1.758719776299229 
1.8989454805740185 2.168526646963899 1.558149809932437 1.8773238161256278 1.4060176820340808 1.7531114062125344 1.9007858648918057 2.1701384252098967 1.5603921930631701 1.8791853757872026 1.408502285469388 1.7551047172668899 
1.9072230821613423 2.168099403701087 1.569281743068787 1.8777114603498082 1.4190003569869214 1.7540573400915402 1.9066056655294534 2.1675562975454663 1.5685313091644075 1.8770843366852246 1.4181704029590416 1.7533859903138869 
1.9145532192983536 2.165298170120155 1.5768198361023018 1.8733293708063434 1.4263329069770807 1.7485501701483117 1.9122814976215425 2.1632897776640307 1.5740607650741092 1.8710075970304585 1.4232821428464877 1.7460624828870501 
1.923559265505643 2.1633130565668504 1.5893034321716573 1.8723590820973977 1.4408390024956326 1.7481018745807149 1.9174712328931065 2.1579015412600757 1.5819295434919374 1.8661040199765417 1.432701194308363 1.7414005412232447 
1.9314110334676458 2.1595996753566524 1.598321362492712 1.867659860734968 1.4502552380186597 1.7426308940795696 1.9221137236700017 2.151288763583485 1.5870739630907438 1.8580435791230947 1.4378500763016149 1.7323207034266375 
1.9382277718838927 2.153379951402446 1.610319953457076 1.8637190431773776 1.4651473268248485 1.7398203955299525 1.9244499134303286 2.1409871061503383 1.5937097998387284 1.8493861807372738 1.446871543331335 1.724458054665871 
1.948799688843684 2.148194580255066 1.6234065373889683 1.8580550349861114 1.4789620901284928 1.7332768363528197 1.9303889040494506 2.131506755390946 1.6012588420605955 1.8387358719177802 1.454616773475832 1.7125506372301054 
1.964871747938702 2.1598476080149007 1.643855036749801 1.8725597682978479 1.501250498034119 1.748706310918929 1.9425614358026595 2.1395713673228314 1.6171219273350077 1.8491360230842104 1.47192968713444 1.7236002169493045 
1.9818619580419847 2.1709518407680095 1.6644771689434523 1.8856668104768695 1.5232498124516574 1.7622556753587175 1.956544795284281 2.1478646629045346 1.6342505808944996 1.859040084386028 1.4901613021260516 1.7337346338335662 
2.0003341030155837 2.1848869262474797 1.6866664860864342 1.9019038335539364 1.546802594673011 1.7790426143539 1.9712419146434461 2.1582838188818356 1.6520599255617694 1.8712820082625599 1.508991858575506 1.7462676730808366 
2.0186480248278444 2.2000077699729514 1.7070022312057356 1.9180591641399802 1.567488598536321 1.7950250266615673 1.9874802182817717 2.1714446706884702 1.6700282594199893 1.88522909140013 1.5271405555682684 1.759901308670847 
2.028598284252328 2.2135587254173963 1.7173413949682483 1.9323283103219 1.5776513983993705 1.8093134518019505 1.995630765685749 2.1833857618276 1.6782707233791243 1.8976890822659778 1.535029344654847 1.7722715144558097 
2.0325596372112575 2.2225948046417185 1.7222054542999101 1.9428382880776154 1.582697600560625 1.8203188406486264 1.9983367995761774 2.1913418152676134 1.68167859965582 1.9070060040126668 1.538500237419663 1.7820246820233325 
2.0395390365593027 2.2341956251522044 1.7313603290041184 1.9569157362158571 1.5932110268414694 1.8358191593534614 2.0033056817793056 2.201168840513887 1.6885268022300532 1.9191230736066016 1.546556028422265 1.7954793674251035 
2.039814331278043 2.2413552955493894 1.7351357118356159 1.968127788861102 1.5988362802010998 1.8490831527238816 2.0018111652769077 2.2068255473025706 1.6902962384822637 1.9287126350566821 1.550058994434499 1.8070733081497525 
2.0482908094907715 2.252868978490396 1.7444877580093132 1.9806970823031875 1.6087647918338965 1.8622694620930558 2.0086338781779918 2.216874703397637 1.6977492023748266 1.9396586679527816 1.557959874889068 1.8185605202369153 
2.0562402716652084 2.2667314365883335 1.7527919553722882 1.9955518007853892 1.6175340314249371 1.8778614681647336 2.0152448588987415 2.2296096501669993 1.7045138384060747 1.9532830762892022 1.5650891761550871 1.832880650811124 
2.067514869344441 2.282059127752907 1.7656873993321582 2.012666917241986 1.6315906132851954 1.8961181547995263 2.025094997475516 2.243699150153683 1.7158216708039213 1.96906580225252 1.5774916618481254 1.8497718969646935 
2.0775134543663007 2.2979951538837065 1.772773396989305 2.0266832735464613 1.6377444492572704 1.909692764628122 2.0368003374589767 2.2612552241781554 1.7248823086439837 1.9849278457598905 1.5857806729409334 1.8653203255400934 
2.08281479706653 2.299290732569348 1.7788646097101628 2.0280482473746253 1.6455163324863384 1.9121570004785928 2.041397714782519 2.2618410695535816 1.7301868253802217 1.9854890694031255 1.5927683923029392 1.8669578317464188 
2.0820586842671487 2.2837182877343367 1.7793376580998477 2.0115773299906348 1.6474949220960442 1.8959536838573485 2.0373219276619614 2.2430072425055276 1.7267758319284674 1.9652367864286102 1.5905822174701472 1.846714012383144 
2.079933215080196 2.266954209549421 1.7763139904853085 1.992046837249024 1.6458393258133797 1.8766316355091748 2.0341366749050667 2.225010386760889 1.7224637081209693 1.9441811733462084 1.587569500649921 1.8257426238092378 
2.0783079995226883 2.2536516395574537 1.7743185463946434 1.9768125545129462 1.6449055861294897 1.8615305420218062 2.031394731921888 2.210462876521567 1.719129640277312 1.9274304894548078 1.5852175886230888 1.8090042495472476 
2.075524651990491 2.2380767026221977 1.7729783941775068 1.960774625503974 1.645970070025652 1.8467274344689446 2.0274547963691445 2.1935719037953256 1.7164564534296378 1.9098187092811323 1.5849251848968298 1.7925324508974028 
2.073331052740483 2.2193605940130503 1.7703924082129248 1.939368214408486 1.6449328326281165 1.825558494230727 2.0247353932447467 2.174031555580084 1.7132253317815376 1.8873263706783625 1.5832421742291858 1.7701738824923272 
2.072428678226165 2.2100174656174665 1.7701022408703544 1.929372570328046 1.6458878880210066 1.816084665409146 2.0240068875214456 2.164675599884253 1.7131565011796936 1.8772644378281529 1.5844842045076528 1.7606268106371237 
2.080658264018904 2.221461053367842 1.779113831554957 1.9419053595966411 1.656235260954844 1.8299906118967277 2.0324112476440788 2.176337721850669 1.722440911482934 1.8901198622177802 1.595202779445347 1.7749429026169152 
2.082915292641782 2.2266295464492964 1.7818612281322586 1.9479148998662648 1.6593024909042355 1.836471556306005 2.0341701089931 2.181098588583515 1.7246278880735404 1.8957015517008473 1.597684785031453 1.7809940182720998 
2.087341627296318 2.231191187380418 1.7869359364689155 1.9530384242620626 1.6646462125761259 1.8418105382052847 2.0384203819045865 2.185492324160403 1.7295382694129784 1.9006634817778871 1.602875415421935 1.786177102911142 
2.0851427914241483 2.2304218676806613 1.78519535643248 1.9529167180983653 1.6627886638500065 1.8416914475090798 2.0364054488996266 2.1849275501737098 1.728018851838165 1.900792045308505 1.6012472739424382 1.7863241809671866 
2.0887149125888986 2.2370369541139126 1.7885682492069601 1.9597399649114804 1.6659903655397441 1.8485476044914968 2.0411131124147066 2.192657539533078 1.73274035379547 1.9089246925091756 1.6059067998085226 1.7945865812691375 
2.0888001142422796 2.2414728772971046 1.7887612369622057 1.9648871482246915 1.6658599246210828 1.8537000919400528 2.04167986453767 2.1976285881965043 1.7335044028956372 1.9147198900253166 1.6063810383774328 1.8004373865421035 
2.090479251646617 2.2493051145553817 1.7905593782851772 1.973669902482429 1.6680537739428547 1.8632427081743808 2.045639413377881 2.2076935037194363 1.7379988478606654 1.9261126633624006 1.6115025599622856 1.812790803585731 
2.088631658032493 2.255385506057791 1.7878272881169366 1.9800777737592936 1.664064993122432 1.8690890506702884 2.0454516864241894 2.2154580067100254 1.7371864639973338 1.934476256948004 1.6095349327975332 1.820709828032891 
2.0837154487445644 2.2578603279071006 1.782768085797129 1.9835133568334649 1.6584876074715662 1.8726036241385307 2.042665586653077 2.2200328573912507 1.7346108137841063 1.9403447797483724 1.6066094023429467 1.826816071939581 
2.0806079403446387 2.264107651465619 1.7784724148057962 1.9900296948098941 1.653156368594683 1.8788773336823135 2.0409419039514964 2.2277113617578825 1.7319002812244013 1.948520628606523 1.6029474205054761 1.8348554408740652 
2.0791743825504128 2.270742266188281 1.77551336301755 1.9964348295533942 1.6485922514235865 1.8844523708106529 2.0423526667776772 2.2370759356566086 1.7322488287465776 1.958057795646975 1.601903465847393 1.8437459261768934 
2.0746599967612163 2.2765588611237906 1.771012937660606 2.0037447370763695 1.6432667551439266 1.8917800544886951 2.0398329828349304 2.24486630868327 1.7300841947897363 1.967662945491745 1.5990716445054143 1.8535199675917304 
2.0729491581997372 2.284718699113963 1.7699219168316438 2.0138135249523477 1.6413106015867318 1.901768075365921 2.0407503441335 2.255545009234132 1.7320991156053973 1.9806535961346192 1.6004512630758239 1.8666187524722342 
2.0720216835279714 2.293440993138932 1.768984162113977 2.0238336635726983 1.6395788955125303 1.9117574863486453 2.041204493814887 2.2656375521186285 1.7327858766651145 1.9922712230944084 1.600456460879236 1.8783127043093997 
2.0737951443659615 2.302152761741896 1.7702115706309909 2.032960905279745 1.6399861550622432 1.920634172974083 2.0456147729608913 2.276800570308221 1.737113267278746 2.0042064616590376 1.6042032562477362 1.8901717183779467 
2.0729459442189992 2.310345442927096 1.7698487188610215 2.0427813553226883 1.6393974770183097 1.9308586860912427 2.045774703053589 2.2859976626527856 1.7379452625597849 2.015203442249442 1.6049029053665518 1.9016583588157994 
2.0731937008444628 2.3163283191337882 1.770077711407372 2.049492587256944 1.6387010000671751 1.9371591902631957 2.050211306051442 2.2957811655863805 1.7431033769289646 2.0262413833157096 1.6095264042137238 1.9125428117198213 
2.0674413698789165 2.318217415059858 1.7629794658721385 2.051320248690294 1.6302042375993293 1.938397281747684 2.049124554288199 2.301896957856022 1.7414632405499721 2.0328581809331436 1.606911160390272 1.9188490412189307 
2.066752191283764 2.322817735892388 1.7622713836910138 2.056603521288496 1.6282266916422419 1.942971892070557 2.050445666887138 2.30832082840671 1.7431188262583364 2.040215884767159 1.607477829413594 1.9256174557933983 
2.0660755390582137 2.329521691526973 1.762348964165352 2.064915748812694 1.6288139518971128 1.9521880206820987 2.053220528271303 2.3181280628806276 1.747260792244446 2.0520534725768456 1.6124767578215475 1.9385779511576755 
2.066667597189497 2.3312609625850578 1.7630452819122402 2.0668796250563335 1.6291311963353383 1.953901525991781 2.0570818798805774 2.322767439700542 1.751798952315308 2.0572948956659105 1.6169537278886525 1.943759778504795 
2.063333389759902 2.325875060896025 1.760115440900991 2.061639271768485 1.6261426915551076 1.9485097317945552 2.055749865503605 2.3191501958946277 1.7512193459181775 2.0540494928599187 1.6165094758516232 1.9404775203846318 
2.059917850036753 2.3196888960591333 1.7566902543419654 2.0551534432494427 1.6226234530845531 1.9418037738401994 2.055384435267534 2.315664095316944 1.7513721128132762 2.0506094955256695 1.616864403201468 1.936993940088621 
2.0580909242701133 2.3142883097321754 1.7555851466001329 2.0499442272810766 1.6212344930216018 1.9361284589001344 2.0553316954893215 2.3118348787236105 1.752349660565211 2.0471740182219516 1.6177303258834614 1.9331951622335004 
2.0577248503490835 2.3117866905370312 1.7550633389550816 2.047040172186213 1.6201311946086832 1.9326021914879843 2.0576840507872336 2.3117503748597423 1.7550155033116257 2.046999159663765 1.6200793748653672 1.9325587503784096 
2.058627754720566 2.310629122145274 1.756195899239558 2.0457963593930457 1.6214382012601773 1.9313520000522535 2.0600648675577764 2.311909592987113 1.7578802753731098 2.0472424795675375 1.6232624145669856 1.932883745636514 
2.059135696484787 2.31124093805425 1.7567979896783492 2.046493106203363 1.6216605244433526 1.93172920300385 2.0627333740350178 2.3144467653324607 1.7610134390054748 2.050112969950166 1.626226310314124 1.9355637084730355 
2.063188061114403 2.3113239404992565 1.7568368949691973 2.0425350077599678 1.6192216573171845 1.9254485601866933 2.0947685277531285 2.3395573442993465 1.7938188550868257 2.074429913799213 1.6592736317030443 1.959250460575424 
2.0649809017056695 2.308641507988878 1.7584016106706568 2.039033033672863 1.620332781995464 1.9212386141260955 2.0997137519979145 2.3397601005934687 1.7990630729157775 2.074200431088847 1.664370764081477 1.9585222818056371 
2.068497595811743 2.30770436557176 1.7620888965880694 2.0375903451083976 1.623415958736072 1.918931085286535 2.104667034045756 2.340179578408238 1.8044107902024304 2.0742987814678386 1.6692574383236876 1.9578655547301913 
2.067920401056919 2.306685499392453 1.7643705622990342 2.038996490705026 1.627351890989595 1.9216600597159246 2.079355945226168 2.3169428898760995 1.777759782126767 2.0505933411935704 1.6418588669393634 1.9339606373831424 
2.070012880519626 2.3051018835004147 1.766174832771988 2.036643048675236 1.6290410904323929 1.918936226693623 2.083249879452093 2.316996208032538 1.781670641459066 2.0500955203202507 1.6458285478861885 1.9332079497139358 
2.0705772334852064 2.2974474377942253 1.7663907065616178 2.027587427912111 1.6292279940595333 1.9092821965930677 2.0852244477579025 2.3106569730549036 1.783537789318536 2.042542948269938 1.6478030144186684 1.9251569868265939 
2.064641982711085 2.281009356835951 1.7600109167767 2.0094515660680052 1.6233773491006829 1.890928657240447 2.081149734154936 2.2959619738081813 1.7793471067706716 2.0264089655282223 1.6443210503953174 1.9089392043680071 
2.0587045305104494 2.2636880594605455 1.7530126704460096 1.9897418700284342 1.6161960343795705 1.870323209540065 2.0771478640299663 2.280474190962101 1.7746358296406195 2.0088184622917646 1.639624507820083 1.8906051447206658 
2.0638965894636994 2.262489567357138 1.7584942938775465 1.987836032473476 1.6227942910917237 1.8688636177099414 2.0828603775049084 2.27980202267212 1.7807134530237847 2.0075184462863325 1.6468453270965948 1.8897855544425906 
2.060825531384161 2.254197874279188 1.7548636657030683 1.9783712166337262 1.6197151044565863 1.8595384387543081 2.080768182447245 2.272444149959424 1.7782409407852497 1.9991365708937472 1.6450140965611237 1.8816156790069565 
2.05645475432387 2.247565938116444 1.749726004430765 1.970808864446588 1.615475937481351 1.8526491827060108 2.076796475435484 2.266192862485726 1.7735891673048891 1.9920253572636193 1.6412921581428608 1.8752030391350292 
2.0438989102486844 2.231703978424504 1.7352635405942696 1.9529770729109341 1.6014856712801897 1.835139299158448 2.0655827150215407 2.2515798552562507 1.7607523257391313 1.9756590405724768 1.6290689219906442 1.859259380666334 
2.018916795688064 2.2129611094439414 1.7057982086728078 1.9315587934907288 1.5704626418706558 1.8131532625543159 2.041790650363391 2.2338488990778584 1.732810307192152 1.9554547820676804 1.5997615264505392 1.8385888027265258 
1.9869755666254707 2.18761375506889 1.668383224552024 1.9029147702844207 1.5312428891480965 1.7838965285482813 2.0106414264275494 2.209131273751429 1.6964992270162134 1.9276129451387822 1.5618296414355217 1.8102192872319667 
1.9656342425388706 2.1738090535374446 1.642208350557675 1.886418853924377 1.5033608475151132 1.7668677549950815 1.9897291276054034 2.1956206017983524 1.6709734565340528 1.9115125210788864 1.5347305508268738 1.7936347703591609 
1.9355766445633844 2.1483518521367144 1.6056105705242631 1.8565947424732328 1.4637390414207205 1.7353647210253094 1.9602179340520405 2.170578974047996 1.6352316980107895 1.882270288715 1.496171575515071 1.7628068859007926 
1.9168114175577133 2.1346670068841207 1.582359005560878 1.8402437996851424 1.4380632929324113 1.7177494736659389 1.940866269978334 2.1562929062953415 1.6114142515007153 1.8652863345180037 1.4699734357938616 1.7445512665839347 
1.9019230984067914 2.139480956412861 1.5609434873349162 1.8429899243493681 1.4128265247557075 1.7193446657529983 1.9273896905953631 2.1621513152444467 1.5918744039066932 1.8692595882897833 1.446927204877042 1.7474740704265943 
1.8911407654666113 2.145508000733076 1.5474341956961013 1.849687480740906 1.3974952254693538 1.7262051128442528 1.9205072817590774 2.17143717516525 1.5831890015060235 1.8797017318951534 1.4369856400429477 1.7583284437469695 
1.883254023297922 2.1499235617267445 1.5368664301974357 1.854045314782735 1.3842372673309336 1.7296353422810864 1.9159317954164783 2.1786051155929593 1.5767394688685288 1.8872289097212904 1.4283773103377868 1.76515929753884 
1.8699473931615322 2.145971755730166 1.5171349889814056 1.8466700024616227 1.3590419479882176 1.7191528552143378 1.9048767635917054 2.176475822900776 1.5599842326355768 1.8820314368446693 1.4067150556070727 1.757082459895269 
1.8608807100097011 2.142570968833054 1.502968381465894 1.8402845691050638 1.3393254176958673 1.7092471775861473 1.8973128237025674 2.174288226198682 1.5478478251385728 1.877116466654696 1.3895004528916892 1.7488410014024174 
1.8558584447815005 2.1402420681471543 1.4938943980974058 1.8352509408434614 1.3264733311555155 1.7017511690804887 1.8935343911814249 2.1729928747666913 1.5404487645445433 1.8733413835675574 1.378692649500537 1.7427618784523633 
1.8443998082528743 2.1271859440780534 1.4796325229877991 1.8200059865514837 1.30927378095005 1.6844308301272688 1.8836017169994403 2.161264633561388 1.5282202651068464 1.8597221745957755 1.3639437704990773 1.7272672048884734 
1.8402386834960678 2.1180706765203423 1.4705339530372428 1.8061603155687314 1.2951075174808229 1.6664478570706434 1.8802188803900837 2.1528975862022186 1.5202679806453006 1.8468783694318744 1.3513134750217435 1.7104949828267078 
1.8334710455792778 2.106507367131093 1.4611344907904849 1.791834594201588 1.2833758628623066 1.6500941846384316 1.8742580145800551 2.142101845855507 1.5119990179949092 1.8335479931590473 1.3409998641377896 1.6952987490166946 
1.828867770367612 2.0940472567469435 1.4547569017156783 1.7766806789880392 1.274857499758071 1.6326476155892917 1.870955600747757 2.1309039049120444 1.507327164742081 1.8199757618082169 1.3345333203668615 1.6796594223738928 
1.8265047880897987 2.0805142152638516 1.450715739528237 1.7598283484234933 1.268447749383064 1.6128792118180952 1.8698947898518143 2.1187086123662593 1.5049793822889934 1.8048220411206641 1.330167837949392 1.6618562320835577 
1.8258435800777155 2.0674001215224425 1.4502029026694885 1.7445707043484966 1.2676530041423046 1.5960521991686267 1.8700571718829908 2.1065498592891196 1.5054891252051639 1.7907920006720517 1.330546198412896 1.6464481982956554 
1.8252546232928188 2.0495768111226793 1.4471584457314306 1.7214755972397082 1.2621045179587187 1.5691139152693185 1.8709835491398128 2.090404292473542 1.5044243312150365 1.7698879154318812 1.3273781735254688 1.62207998581815 
1.825988019668612 2.0357764960066955 1.447081831540048 1.70417121231797 1.2608673706513702 1.549174044480897 1.8727478460415592 2.077820538105565 1.5056553636384722 1.754181224324699 1.3276817288994 1.6040238361612025 
1.821664157739022 2.019081248907785 1.4407385673990336 1.683435892955541 1.2519851978322347 1.5250231872634001 1.8696066089664478 2.0624397344870515 1.5008984603533377 1.73520171000118 1.3207707993028237 1.5819811283296081 
1.8088135080344296 1.9948190027688777 1.4220947984040373 1.6522258207060618 1.2265671626322872 1.4872671419109007 1.8652331644938709 2.0461161513677126 1.4931986025736228 1.713808219634805 1.3083407260831637 1.5553944845240448 
1.8053454575816232 1.9827276292044251 1.4173416530994214 1.6373130403226503 1.2200646630447913 1.469862038563688 1.863755860173376 2.0360556320323373 1.4910301964516348 1.7015015948069518 1.3049411738199543 1.541041238101888 
1.8089873424461265 1.9829515890788405 1.4214412913413976 1.6371185492291935 1.2242020929284103 1.4691264628446046 1.875802090315047 2.0440878849820274 1.5055542572854357 1.7106593527439353 1.320934911806899 1.550654971529869 
1.8151818278159932 1.9846682044194213 1.4290590764672433 1.6389730496970991 1.2321528070955363 1.470450051390189 1.8860980229016227 2.0497289005118238 1.5181207224701896 1.7171818021378544 1.3344216814760654 1.557146119538372 
1.8180111244896497 1.983803895753842 1.432021972725321 1.6373760650529003 1.2336859130135678 1.467069998332772 1.8915678987676123 2.051424520592488 1.5243200442322211 1.7186811936156514 1.3397184774601416 1.5572922162805927 
1.8219211310715537 1.9826919573511792 1.4380687407231443 1.6369827405764088 1.2402126907289128 1.4662190518967655 1.896792112595645 2.0517044398024415 1.5318176828869192 1.719923313262847 1.3477949505785551 1.5582753346905835 
1.8342254896816284 1.9812520247555105 1.4534837966065566 1.6351121018443384 1.2573174408230445 1.4634970398322678 1.9095726677290419 2.0512055508743656 1.5474817521824966 1.7192080188091872 1.3648925867400006 1.5568905587541504 
1.8345847620779914 1.9753007734440748 1.4537265503693466 1.6277078299156642 1.2567820961681306 1.4545147416127349 1.9127706219640557 2.0481219076433805 1.5512288955047093 1.7153492304976152 1.3683900906717938 1.5519675694320294 
1.8347898839215597 1.9723904231517881 1.452882638391997 1.6231876121203273 1.254528885175981 1.4483482961431928 1.9153561187520431 2.0475495414863323 1.5533844033081092 1.7137307745503347 1.3696634138506036 1.5491442574663246 
1.8317311668514298 1.9674997094726343 1.4500559632010412 1.6181712936444337 1.2507346022297854 1.442273581667119 1.9149292704940568 2.04518218018711 1.553826676239953 1.7117807625262353 1.3696905083247455 1.5465665610489903 
1.826848621744987 1.9581245008761723 1.4437372371631754 1.6066277988792421 1.2432337081866622 1.4291625965339139 1.9123381322338262 2.0381150129851746 1.5504961964466597 1.7032070130655166 1.3657566761306932 1.5369342772401033 
1.8275813962226908 1.9647147042609723 1.443931157853199 1.6139973041920734 1.2426069923428245 1.4367053444388937 1.9158021415467934 2.0470339408215197 1.5540853497653468 1.713251698868348 1.3690566909939414 1.5473740118262553 
1.8291950804306263 1.9703654774766042 1.4450422206536409 1.6200408920862481 1.2433928891028796 1.4430562529685411 1.9190330170290468 2.05403826473793 1.557202651438664 1.7208328129738828 1.3721366385486562 1.5553599028545149 
1.8272742467720708 1.9678996361137016 1.4435185613342278 1.6178515512297285 1.2415226542099176 1.4405125149808449 1.9182114824967655 2.0526161590717438 1.557032419566927 1.7198976017433243 1.3718537165392084 1.554245934362525 
1.827713587588272 1.9690033354250045 1.4412193997635447 1.616647931652032 1.2384222859165577 1.4387935692498743 1.9176383428725012 2.052747912120432 1.553677319798031 1.717658403383744 1.3676584420295852 1.551427339811566 
1.8245393033441353 1.9653234636485422 1.4399781471423454 1.6146484792571734 1.2361576513727939 1.4358406549361604 1.9125482905127131 2.047289332474309 1.5499788251273312 1.7134722074381898 1.3627116471004062 1.5461357251105423 
1.8257063031822869 1.9650708803703576 1.4394517339179984 1.6125511941267268 1.2349455870926185 1.4329656878235195 1.9121431925589496 2.0456274461029147 1.5476140919652843 1.7097980690858006 1.3594773578289314 1.5415831945923426 
1.828102876125666 1.966723245578526 1.4389315917370538 1.611385839797201 1.2325129312501881 1.4300798315824648 1.9108861128044579 2.0438996881229103 1.5427409815354396 1.7047257653678292 1.352262450898098 1.5344881671452963 
1.8272264488486007 1.9687090693578542 1.44032914216573 1.6160467017298317 1.2347433337223845 1.435844700715181 1.9130184875583058 2.0485845450309994 1.5477180867780371 1.7124515118799328 1.3584823659289316 1.5435456724502414 
1.8323267010636093 1.9719869298275408 1.4477699679958311 1.6209099889292589 1.2405247845289709 1.4388234961282256 1.9209150256871463 2.054562203461032 1.5583745623920615 1.7204193060677533 1.3679894508038613 1.5500665951792683 
1.8423311448440207 1.9812966719757745 1.4595796430692913 1.6314794481029418 1.2487839451491518 1.4459646595896734 1.9331169811013196 2.0659849267945494 1.5726188189838883 1.7333442834423518 1.379209395640227 1.559990708992294 
1.8488599984271983 1.9882774619414212 1.4692064223192804 1.6411981852488808 1.258851241801119 1.4559087955171572 1.9409846656849763 2.0742192372804324 1.5835737084279404 1.744324987467708 1.3906274222897446 1.5712442838413827 
1.8605325795196814 1.9992926790878218 1.4827165174281156 1.6534926695495689 1.273803730036209 1.469069664738252 1.9524552770842563 2.085107034714084 1.596542639773257 1.7562853235776243 1.4046622626860024 1.5838768289908658 
1.8766988157901576 2.016576815865981 1.4992247117721145 1.6710051901439982 1.290833431387714 1.486887540027214 1.966935438373151 2.100813801322759 1.6107486799399153 1.7717491128904734 1.4188331547888848 1.59927206260479 
1.883663449464686 2.0290333203003836 1.5092628668489794 1.6872055669921195 1.3029345078127297 1.5054655611103163 1.9714067756830906 2.110742262629239 1.6174458524504614 1.7846342229289451 1.426847930232651 1.6139031073918904 
1.889247797333134 2.047042088240518 1.5130422570860669 1.705995587048249 1.305781215873509 1.5251847937309433 1.9733017482554713 2.124863257004577 1.6167743879923688 1.7986337851180545 1.424684924349275 1.6281434841463143 
1.8851488049839937 2.0600888743528953 1.5072126287065737 1.7210084431613286 1.2987448245643098 1.5417257449470643 1.9670706973092198 2.135309645347152 1.6084996174735573 1.8103732136530797 1.4150332966444925 1.6408837204118334 
1.8864912650054915 2.0783570774633553 1.50562712998339 1.7400091675166598 1.2958487319675935 1.5620316208841676 1.9676995385784943 2.1523383383246277 1.606208341318778 1.827737422121137 1.4114588613636672 1.659197084683438 
1.8813448856693182 2.088341450542535 1.5024295163614498 1.7547096303531533 1.2959079614054771 1.5814831265790035 1.9625322911570398 2.161768819521204 1.6029250970129887 1.8414886102971422 1.4111881020736037 1.6772487277246926 
1.8767067406789157 2.0967161581553375 1.4965717255479871 1.7646295325279127 1.290717532580107 1.59378235850121 1.9589838497623404 2.1706699843572905 1.5985357246022622 1.851892793924551 1.4076722921296987 1.6898910436444357 
1.8728607198817668 2.104041184653012 1.4916621883241694 1.7732563589949566 1.287150500942314 1.6050353400209139 1.9570480093947746 2.179316163780751 1.5960844962206888 1.86195267118046 1.4068354726392316 1.7025181578227149 
1.8689335953503137 2.1099783014592948 1.4874543020305027 1.7809031274690519 1.28423155911582 1.6150375680550129 1.9544045765473048 2.1860450355903125 1.5935196157026275 1.870401137304255 1.4057151782736963 1.7132223472827601 
1.8692419027726346 2.1164176227911775 1.4869564711453593 1.787791321732226 1.284310913712509 1.6231490338416432 1.954211719461599 2.19182611250552 1.5924564987719632 1.876453027246102 1.405109489143483 1.7203171043331111 
1.8693643249009808 2.1208402111456914 1.4879405160195416 1.7937132438638292 1.286970807443782 1.6308691183576016 1.9524660065446722 2.194439274327841 1.5910900372739751 1.8801616230293874 1.4049535176341243 1.7254954676012628 
1.8737329404320056 2.127986140415386 1.4932346926253655 1.80199881492746 1.293984575819963 1.6406846022925825 1.9581739125368745 2.2027017395643855 1.5979110697845391 1.8896480277236738 1.4134942596770494 1.7364952933653377 
1.8815655339720379 2.1351740777162598 1.503199703908792 1.8106045491358627 1.3056421259409026 1.6502669010046467 1.9680792969470209 2.2117901352957245 1.6101728510540352 1.9003515711024315 1.4274973280085257 1.7482643121082921 
1.890612999956628 2.142962652536203 1.5145698034772117 1.8198332627372762 1.3193346291237111 1.6608778637109352 1.9796194137270426 2.22188308372988 1.6243143775775057 1.912137184347661 1.4439942420955147 1.761530807498126 
1.9034534122829379 2.1521049104380485 1.530628887330812 1.8306407194016963 1.337808913384703 1.6727681672998087 1.993573012741585 2.2322083258360004 1.6413479993991402 1.9241735649186016 1.4631921108082697 1.7746413175432267 
1.9197812834836603 2.162387091571296 1.550097264178661 1.842053008410499 1.3596723136161042 1.6849529838527157 2.0100931780825904 2.242951702991879 1.6606372079940186 1.9359942391324851 1.484460578315965 1.7871712189810383 
1.9326549744686066 2.1713767207323214 1.5670887936355904 1.8535071891250516 1.3791848476321984 1.6976078631233567 2.024524307544429 2.25353506403567 1.679080316315527 1.9491106488956058 1.505222330899409 1.8015037825212163 
1.9488785045204355 2.1830904930583634 1.5845891668763261 1.8651218467654624 1.3977959472619061 1.7092659786241022 2.041386576516513 2.2660573316405324 1.6970723488354318 1.9615838581824152 1.524127697924885 1.8140347061403785 
1.9597163082328142 2.191263949631274 1.5968625950762483 1.8737982377389648 1.411549009547189 1.7186099890765358 2.053223994822204 2.2752754692813904 1.7103247971404876 1.9713854518874918 1.5387369399977535 1.824516664411057 
1.967584320854344 2.1978329930619953 1.6092906765627677 1.8838519812851142 1.4266965001961174 1.7304752842476112 2.06184859768409 2.282608473981434 1.7232666833000196 1.9821023857237674 1.5541217725042815 1.8369475467448302 
1.967898206996706 2.202895657079756 1.6097501861782313 1.8898205165519952 1.4267934295828706 1.7366247186945283 2.062480971922129 2.287783574209075 1.7240939847760184 1.9881212214603137 1.55465233963766 1.843114163588585 
1.9711632850775023 2.208785262414056 1.6131874276839409 1.8962123604326415 1.429541582899053 1.742652224701627 2.066440212732401 2.294215070959462 1.7283125102820758 1.9950718714416105 1.5582938084961802 1.8497370712124277 
1.9763532938817012 2.2126569900138273 1.6206964876364267 1.9017191481018039 1.4383263147968373 1.7489028563808369 2.0725704461361625 2.2990056257906484 1.7367305539423927 2.001527324374327 1.5679153356597577 1.8569429482396735 
1.9822149724133478 2.2181748575213027 1.6284218415569258 1.908633331926185 1.4466858370978992 1.7561387795216101 2.0785404767575852 2.304659197191561 1.744394453877806 2.0084908544476003 1.5760882678072474 1.8641828584126747 
1.9979790732352354 2.2293383584207063 1.6438511422528288 1.9184044717227724 1.4613198344941227 1.764506956043509 2.093926891657378 2.3157199672771167 1.7592202899028675 2.0181390357569344 1.5899890280143223 1.872456741408444 
2.0005634449597167 2.229297336334723 1.6520046486947577 1.9226627046336262 1.4726855133765286 1.7709644654224688 2.0984548509103287 2.3175472547046567 1.7692874337735771 2.0243247120432755 1.6031410684369265 1.8808439068112723 
2.0029825664841043 2.2323435771043956 1.6539419960927437 1.9253422581554815 1.4742322107589596 1.7733525582464558 2.1022912979602157 2.3218629128523607 1.7729110711705902 2.028455656621374 1.6065647049151957 1.8847994152374012 
2.006570035988029 2.235802391385473 1.6590471275177807 1.9300068381549844 1.4793602378477664 1.7779189344075843 2.1072398824350778 2.3265745090422096 1.7794870002686167 2.0344687287164183 1.6132710020715677 1.8908020388515028 
2.0136515537230095 2.242140010974134 1.6670976870630858 1.93690834765383 1.4873341576831651 1.7845341536689876 2.1152448138480544 2.3338080194204256 1.788486158993435 2.0423226948528703 1.6222302362214467 1.8984283468993741 
2.0220090713223073 2.2498655742176465 1.6739119182650264 1.9430274129949119 1.4932156762201836 1.789711561467294 2.1244970803438865 2.3424052300850295 1.7963708609275812 2.049468879375752 1.6293128047093044 1.9047400434520454 
2.0258999594128753 2.2521745303393095 1.6807290539373354 1.9475291069221765 1.50131800094087 1.794986130728895 2.1289767341962875 2.345327568658393 1.8036411621908306 2.0545415331672148 1.637750600411763 1.9105618280257484 
2.0309693397809925 2.2576328517299795 1.686644473245752 1.9536732616306238 1.5077230445709981 1.8014711802331005 2.13423328086 2.3509617885474956 1.8096642829902014 2.060814026352315 1.644184909652938 1.9171368368508388 
2.035670726009872 2.262665314697151 1.692494018404071 1.959651760883438 1.5144777251361474 1.8081321305517357 2.138840743854848 2.3559156922890003 1.8152742010984346 2.0666202957421955 1.650553604937919 1.9235452228563692 
2.0397975638600414 2.266337563543736 1.6976654975375332 1.9640722980403138 1.5209593885207324 1.813512975395919 2.142608074830616 2.359296762327571 1.8199075257631527 2.0706460954806736 1.656294877831046 1.9284254127990947 
2.0417408023091177 2.2680246997539246 1.7002746866944412 1.966256479987766 1.5246469875396993 1.8165293753457112 2.1438072404238864 2.3603262526553146 1.8215756889280994 2.072044527845355 1.6588406846029184 1.930539549393868 
2.04506245554928 2.2704560382921426 1.7044432458422456 1.9692173452966664 1.530432824235435 1.82069074919857 2.1466369828728027 2.362359098646362 1.8250744279171878 2.074508819493725 1.6637291001353705 1.9340849757332923 
2.045150935874729 2.2699371426956474 1.7061231857369736 1.9699818796601352 1.5340540470626451 1.8229904280026485 2.146003040135144 2.3612075998415047 1.825799283237147 2.074491577218206 1.6661358039095373 1.935453641488031 
2.045489870864449 2.2698919672506577 1.7063048491430421 1.9697352536290405 1.5354101681990582 1.8236954558777243 2.1450341884009823 2.3599899153574917 1.824450354438032 2.0729206031561027 1.6657212378453548 1.9346854972809044 
2.0436050461906183 2.2674279327060787 1.7053153111421244 1.967995974491757 1.5352530462486504 1.8226106993035458 2.141913411792307 2.3564169641249317 1.821969206440043 2.0698984599288344 1.6638730104235 1.9321959631506738 
2.0423992802775586 2.26546647628657 1.704189549691668 1.9660126033111511 1.534825704266869 1.821162671915469 2.139431350410265 2.353318941031642 1.8193498026268315 2.0666342781000924 1.6617646119466771 1.9293535602937815 
2.040458268735161 2.262764277544104 1.7039095658073198 1.9646730103835828 1.53584899988563 1.8208416679463622 2.1364187531122476 2.3496632350040483 1.8177246630470991 2.0641596788838044 1.6612186167538845 1.9277654219146296 
2.0389559400835933 2.2597392744832687 1.7031505300478198 1.962091229031456 1.5361603465791487 1.8190296516115867 2.13422437824662 2.3460592404588105 1.8161206179937968 2.060915903704508 1.660530331400836 1.92521199989564 
2.0385816754223756 2.2580122592111627 1.70390030370556 1.9611426160144243 1.5369200247793962 1.8179458952201795 2.1347253798669046 2.3451772988044848 1.8178320728405857 2.0609021229616658 1.6623358152454937 1.925140119063519 
2.0378939243174066 2.2558287429079806 1.7035469394090084 1.9590364583972908 1.53751445611734 1.8165082915664876 2.1345260951812697 2.3434916943675734 1.818038002630803 2.0593721979209585 1.663472484596544 1.924290097040932 
2.0360187371410636 2.2527069284728296 1.7022683775449423 1.9562806129974017 1.5357698526763346 1.8132581856948808 2.1330122235912032 2.3407386341899623 1.8171644056577516 2.05703735619689 1.662214753992242 1.921529103601996 
2.0333808137097686 2.2480433778027953 1.6995691060863045 1.9513063934920627 1.5332836786332138 1.8083197543805687 2.1313203738722626 2.33700407167018 1.8156057250634015 2.053164787298623 1.6609779774828444 1.917787615092714 
2.030372599866953 2.2428763157629734 1.6977507525813351 1.9469049518172399 1.531845116678083 1.8040595153737278 2.128347031170079 2.3319396129853986 1.8137821833644991 2.0488745891856066 1.6595172949657648 1.9136559058018996 
2.029063522438689 2.2398081243917525 1.6963455552720677 1.9435096858238963 1.5304655591326777 1.800546162610473 2.127452857999749 2.3293126280109546 1.8128830982198771 2.0460172980234796 1.6586988010519874 1.9107389587830412 
2.027079030714405 2.2358705876597713 1.6947945881321578 1.9396898164299492 1.529193145146175 1.7968025943775934 2.125409204901976 2.325388607584128 1.8112546997819081 2.042231983757489 1.6573311578203223 1.9070433803880942 
2.0242162549903036 2.2304209514768667 1.6937528801354023 1.935490891941104 1.5297474664031872 1.7937261454266007 2.122767070285143 2.3202297749375966 1.810383220947148 2.038335983224299 1.6579553367587951 1.904243175780596 
2.0205047860647545 2.224789004838567 1.6904277532360206 1.9299721538018573 1.5272961426359264 1.7888208498479048 2.121122591660034 2.316550792534146 1.809493699146416 2.0350709994470906 1.658117898597859 1.901736441042917 
2.019193763378089 2.221840951082001 1.689820482792468 1.9274145952298303 1.5272213572580007 1.7865718098931738 2.120351127493975 2.3141570088706103 1.8094857595087532 2.033143495109228 1.6586592548998633 1.9001537521224354 
2.0168926351983267 2.2180384842913003 1.6878746354860747 1.9237358449114708 1.5254933589882487 1.782966293623424 2.1189558309972507 2.311236169152181 1.808601309553117 2.030487013698253 1.658085613024023 1.8976529493027037 
2.0157174282987436 2.2151710143208585 1.6874480107983476 1.9212877611350414 1.526102600596467 1.7812509703821358 2.11925510323965 2.3097852853776906 1.8098635945858736 2.0296482707472494 1.6604561389592016 1.8976249527626106 
2.0116299925881624 2.209092687027923 1.6832371523585885 1.9148688163632124 1.5226560330817493 1.7753638128226703 2.117157726287829 2.305600162816669 1.8080345466777592 2.0254441969060144 1.6595731396899174 1.8941009156801152 
2.0086666565813576 2.204527707773647 1.680604198870671 1.9104007826479055 1.5207502126456303 1.7714067534989613 2.114930037765252 2.301766656662167 1.8062717958938874 2.02183542300597 1.6585742481546402 1.8910497650040121 
2.006763761413936 2.2014764338561994 1.6794852759474286 1.9078963511743006 1.519858174345294 1.7690015728721697 2.114130773449034 2.2997709933696027 1.8064105085069144 2.0205238479028673 1.6590409890187192 1.8899245217585303 
2.0073957288435307 2.2008788147645135 1.6801645206881528 1.9071399428671325 1.520524942570575 1.7681136971584293 2.1152689353789627 2.299694026186799 1.8076719484959791 2.020373187923273 1.660337663783861 1.8896960345196392 
2.008209201347093 2.2006641467282395 1.682430780381508 1.9080334958000948 1.523529581325919 1.7695086536932025 2.1149879989529796 2.298519681454812 1.80854730933839 2.020114318655043 1.6617498080382407 1.8898229850531318 
2.0103784787001926 2.2018112676251116 1.6856022388514142 1.9098707124412637 1.527211900039055 1.7716453985605867 2.117160670667415 2.2997218388407106 1.811629814675421 2.0219678078646304 1.6652699076789024 1.891950077576282 
2.0115058424575603 2.2023697103031767 1.6873641818649878 1.9108831646285702 1.5296169488603675 1.7731341169976116 2.1186661361434225 2.3006570329062304 1.8137773635264336 2.023379576614556 1.6680283128415117 1.8938307841676085 
2.011959110012828 2.201516337841627 1.6883071534420537 1.9102554200377524 1.5311011163093082 1.7728410401904648 2.119926287483508 2.3006047443625794 1.8156235976555302 2.0236560413725475 1.6704426456372603 1.8944849848398402 
2.014759400560548 2.203604943302474 1.691255256472866 1.912318918629186 1.534383642687545 1.7750922418136754 2.1246723739595947 2.3045285853438875 1.8208024596498928 2.0277921247176938 1.6760997635782602 1.8989285719760762 
2.019804455121052 2.207710340422142 1.699444111975104 1.9189802500304296 1.5444348553846 1.7831584149499589 2.1368143184485753 2.315243041627995 1.8369746008932324 2.041776333148871 1.694592699478801 1.9146851771001023 
2.023782044408651 2.2108370016061474 1.704340298083355 1.922727837233044 1.551372895235333 1.7885369284616013 2.1483326375146983 2.3253902050647026 1.850517551878625 2.05341707751028 1.7106715693583208 1.9283422161563697 
2.0260436713130345 2.2121225019757835 1.7084090270387826 1.9254335639921725 1.5560007484791258 1.7915834713871412 2.1584334334112785 2.3339811250624116 1.8635029734528465 2.0642859147287713 1.7248536916699921 1.9400395004606479 
2.025913097726329 2.210839019137099 1.708988016909156 1.9246104361504148 1.557894002921601 1.7917921233611587 2.164163429581761 2.3381806258155273 1.8708071820310852 2.0696388093914093 1.7338723121207889 1.9467404767300367 
2.026025400368675 2.209543059525894 1.709702904524365 1.9236386434824628 1.5593160810236806 1.791303505690493 2.170483256479775 2.3427119275786024 1.878643836776692 2.0752359563237746 1.7428956607493893 1.953199143256788 
2.026683166858229 2.208110719865854 1.7101385350978147 1.9216873058816046 1.5607742436452814 1.7900627173332502 2.1797948287090003 2.3494283959351687 1.8890830171452233 2.082532817995073 1.7550148364234701 1.9617301976639143 
2.030261431365816 2.2087332224810607 1.7132847363154702 1.9214279991952783 1.5643815697238221 1.7899247649249312 2.191823184682462 2.3580987768351798 1.901965294349918 2.0914141027810755 1.769015853210923 1.9712833528723288 
2.028882240048372 2.203249323804208 1.7140113777871193 1.91723223477066 1.5673069840920444 1.7872872240475788 2.1966795785056363 2.358674545053577 1.9096787766071286 2.093995575134699 1.7791821742091785 1.9757109221451652 
2.0304586996423466 2.199804516886282 1.7156073517426094 1.9130305713483224 1.5701134735277225 1.7837134582979657 2.2020819991438305 2.359140206200829 1.9156490245745146 2.0942990633892973 1.786521457960494 1.9768753884130605 
2.027825995892621 2.193572513585521 1.711967531356217 1.9053910179167688 1.5673818000786854 1.7766169564534444 2.2039751758306854 2.3573690161741543 1.9173578524829162 2.0918755310051074 1.7894451691174837 1.9752964628171388 
2.0236617218025543 2.1861488035101546 1.7064119439012608 1.8962809784124501 1.5624642972845426 1.7678615633269703 2.2058962803107676 2.355847666189153 1.9190136418193802 2.089653843173285 1.7922238463676574 1.9738556538634937 
2.0205301917333727 2.179229081571302 1.701514746955224 1.8872333105279009 1.5576659887492248 1.7586416538812277 2.210947795617549 2.3568596244168 1.9237724224414123 2.0898319232909857 1.7977962152997486 1.9744792645166218 
2.0160641444900063 2.170854661643248 1.6966460902316134 1.877951885107342 1.5542149646359154 1.7503369628669274 2.217725789753598 2.359322573498211 1.9319422867513976 2.0929635273024276 1.8081419192469987 1.9792606011887923 
2.0146886930767764 2.164972403577332 1.6944008380579285 1.8705959420065603 1.5524934363827148 1.7430923235019453 2.2269549839436382 2.363781605553146 1.9419969543002402 2.0974954466580873 1.8195037346791596 1.9846230923657544 
2.0152770662611332 2.159663975686514 1.6944909586651915 1.8638955021883818 1.5537940288848069 1.7369751634027701 2.236492913621253 2.367426321294515 1.9523981427665005 2.101110502081716 1.831620807666827 1.9893822199763624 
2.015840525862294 2.1538002747489773 1.6955952972654678 1.857494551784411 1.5564064117410883 1.7313704156848615 2.2445100562013014 2.3691914211791265 1.9619520327441162 2.10344916187408 1.842990310660577 1.992951550587412 
2.020516469552406 2.1503581104580043 1.6995235738678414 1.8520079852993399 1.5612489463671448 1.725992894542883 2.2547847187464525 2.371836277522654 1.9722950342919083 2.105113037766029 1.8544717837412679 1.995148815545477 
2.0277751079841693 2.153507787712923 1.7099377364571522 1.8573128346458518 1.5740597944678625 1.7330286032666078 2.265903077221135 2.3790839956883003 1.986537673783261 2.1147235830103686 1.8708578522592811 2.0064478579171228 
2.033796612569824 2.15536062354783 1.7189596787884498 1.8612020668214644 1.5858997740401157 1.7390597601981623 2.2751931314726868 2.38448202797599 1.9987489841149364 2.1223214312965153 1.8855379119764444 2.0160615004856597 
2.039150074336563 2.1563039292657264 1.7265489705382846 1.8634604791534513 1.5954847757552593 1.7427235235018808 2.283066126906273 2.388284855189349 2.0087880081847387 2.1276143615624545 1.8973216869647618 2.0227068975822498 
2.04782123495018 2.161883608058695 1.7357846374227652 1.8689882910261586 1.605307722747536 1.7484798566734707 2.2927268510472154 2.3951545540930925 2.018903888428788 2.1345120836371203 1.9078882273112543 2.029829158425132 
2.0548776857024578 2.164557860515142 1.7456781631211093 1.8735476181613024 1.6167944195839772 1.7540845542669516 2.2990915044203635 2.39762594539221 2.0274840792711273 2.138569643480869 1.9176349073006287 2.0347265334727145 
2.0595687767644004 2.162405553817972 1.7530504331087595 1.8727947175232018 1.625850477695538 1.7542987227900526 2.302896154437453 2.395308942721755 2.0333944459752047 2.1374908668536596 1.9248108810277464 2.034470732323965 
2.0639235465910795 2.1657394614618584 1.757639032615372 1.8761508408795653 1.6302304167733774 1.7573554622025391 2.3054740982394706 2.397051903153768 2.035859862675499 2.1390120124050496 1.926935811918264 2.0356150500556582 
2.070397428443544 2.1715518334743105 1.766208861857974 1.8837689872873584 1.6391808855967178 1.765221184289844 2.3095354999881774 2.4006345160114733 2.041299208275367 2.1438270246140756 1.9324395694835168 2.040444692576998 
2.0774263599141993 2.1766972990717752 1.7745520988875925 1.8898005192576173 1.6478435430787597 1.771355185553242 2.3152696079433945 2.404742025329611 2.047878958402171 2.148515552465553 1.9391135652834672 2.045109354041089 
2.0793678603770136 2.180920969757703 1.7769372043966212 1.8947694862248758 1.6500930391856332 1.776359371165891 2.3189362095945802 2.4104171260860388 2.0521209208447924 2.1549584337821646 1.943322279851924 2.051620593805999 
2.0780495474985097 2.1841525679903318 1.7755588637549475 1.8986420929334629 1.6483458118546483 1.7802461722634764 2.318520430097341 2.414077360645006 2.0517934451544484 2.1591870831354005 1.942753452803201 2.0558510395402583 
2.0757458349527864 2.1863327417673277 1.773023663046785 1.9013003434817553 1.6457886644778665 1.783241546881364 2.3179317919481237 2.4174651762794515 2.0512678836572857 2.1631065662430595 1.9423458365913728 2.0601061708863067 
2.074408333916659 2.1883049351091106 1.772401004914771 1.9044458184529403 1.645693358017492 1.7871248366644366 2.3170417008381374 2.4195435099668883 2.051077187680388 2.1662008639604244 1.9426319610834393 2.0638138214051405 
2.0724163150180517 2.190375828873438 1.7697226488783488 1.9065033813012238 1.6424350961767105 1.7889745482015669 2.315506510609072 2.421653833567672 2.0490435017034168 2.1682749274095756 1.940168565633667 2.065693818559033 
2.0674109107781766 2.1900453886631324 1.7649143848936837 1.907100866866944 1.6379486249588688 1.7902476444348836 2.3112188807217393 2.4215374548011126 2.045108218800328 2.169004047254096 1.9366002526604837 2.0670102730767086 
2.0627450152440607 2.188698684217227 1.758859566967818 1.9050123119534477 1.6312335438907022 1.7878500516246376 2.3083518039055964 2.4215641604083546 2.041361807469274 2.1685578067863953 1.932483875067065 2.0663927167347014 
2.0607022378893123 2.189432019205442 1.7552568642913835 1.9047428994806674 1.6264915880637132 1.786783070079303 2.3067946853853334 2.4224823165509424 2.038561911476328 2.1686063544133636 1.9288034874818167 2.065769044884258 
