1.867082033406698 2.082931297059529 1.515465708840055 1.7746108822697133 1.3533675738209816 1.6383562673210275 1.7882181184939634 2.0125435419165694 1.4171679627024067 1.6914409547217693 1.2423093454168692 1.5478824175337382 
1.8672072716641557 2.0847648089258173 1.5157911274827742 1.7769085669599043 1.3539235462002646 1.6410028281924136 1.78577306626444 2.012154754827645 1.4142648942102396 1.6911317228931342 1.2392059626210246 1.5477120956351993 
1.8697172793699854 2.0878829484371724 1.5188638087645319 1.7805504124215914 1.3578745724015528 1.6453680001673485 1.7857045722836409 2.012996105578622 1.4141588964026286 1.6921163925317608 1.2396457030436965 1.5492365767289062 
1.8721031345075356 2.0894431412299643 1.5219320333815634 1.7824925268939953 1.3614534888246972 1.6475916048684336 1.7841965900631411 2.0110594138893414 1.4123967006450207 1.6899310442124378 1.2377976118869112 1.5469794511217467 
1.8713088940447538 2.0876741245536863 1.5211141556540062 1.7805545619078904 1.3607171242146547 1.6456419311414618 1.7785448190841298 2.004945871311991 1.4054227019267191 1.6827950690713946 1.2300308080251485 1.5393381896422242 
1.871850504289031 2.085584691976593 1.5221944402759784 1.7784586334821226 1.3618568197894738 1.6433177400025532 1.7758155421290522 1.9998400027669962 1.4024166439639467 1.6770842674913802 1.2265196805869443 1.5330328515289877 
1.869549877680641 2.0825886427654647 1.5195091363778304 1.775068090349128 1.3595480153108606 1.6402223982666804 1.7725533751838616 1.9959719882091784 1.3984408240164115 1.6726014014449768 1.2227426256885379 1.5287440068617442 
1.8677519030386396 2.082604178499712 1.51769724533731 1.7754289401450174 1.3574384574279823 1.64054325109229 1.7711071929740616 1.9963876582478814 1.3970427503138405 1.6734609165452474 1.2210498283872202 1.5296096483758397 
1.8622205938501726 2.077950064645368 1.512149811281835 1.7710471430088162 1.3515802911257953 1.6360868602735277 1.7695742374819117 1.9953455622923286 1.3964685795103626 1.6733605184059084 1.220777098884022 1.5298064113343524 
1.8653492365693882 2.0801163995435448 1.5110176922756395 1.7693306439583303 1.347400118142343 1.6318221531925592 1.7784130532724955 2.0025257674571884 1.4022837373548904 1.6774254503047221 1.2242190539482711 1.5316882036922528 
1.8583917754424253 2.074483517503104 1.5083808042507203 1.7677880314087575 1.3462881527489015 1.6316720453547184 1.7752903513262415 2.000379390233775 1.404723635136837 1.6802114046964598 1.2290352438852394 1.5363559171207857 
1.8536206942417022 2.07051009996114 1.5030186526191514 1.7635666888555959 1.3397904545566404 1.6266963017235545 1.7755375775018363 2.000908814774199 1.4055920749353596 1.6813064792122494 1.2294968373774247 1.537128774384596 
1.852355610304417 2.0689516986692196 1.501583036340731 1.7618431937678931 1.3383198134325927 1.6249429982083217 1.7760806735692636 2.0009503700557514 1.4064113434647239 1.6814674220532047 1.2305857040556947 1.537426746035807 
1.8507150803674346 2.067703538754877 1.5003986560575961 1.7610927694415874 1.3373974224214131 1.6244640596145672 1.7758335146909014 2.000958842000365 1.4069948437359108 1.6822265322421475 1.2316940483332053 1.5386103613909015 
1.859860958178565 2.0764390970497764 1.5104532288544688 1.770306610888885 1.3483718512921017 1.6342041455573688 1.780356971412444 2.0055392007280464 1.4114025359396551 1.6865863922304396 1.2364039838405931 1.5431174133088155 
1.862169741462848 2.0773491280042 1.512722077455013 1.7708843376177366 1.350270914009411 1.634299481374148 1.7822673146921058 2.006035900630846 1.4131980464958935 1.6866629693628212 1.2377528736463552 1.5426391119830358 
1.8635053124420788 2.0787423916637313 1.5136585442892494 1.771914238923501 1.3505272481145465 1.634760450127128 1.784248091101641 2.0079987878482024 1.4149386523096503 1.6883628967730397 1.2388757197555573 1.5438040453373123 
1.8621394900723225 2.078828102991397 1.5110974471842673 1.7712646036622564 1.3466696065801773 1.6332427347417806 1.78567588418694 2.010622083999579 1.4158002605476556 1.6906960634800123 1.2387872747840163 1.5454956206559791 
1.8602420611615789 2.0777016927448173 1.5079827519287745 1.7692811472557661 1.3417680254480204 1.6299341189246517 1.786829004911964 2.0122379806361574 1.4164283768672101 1.6919258685635963 1.2379817449359583 1.545620457523347 
1.8545759282549985 2.071609485149865 1.5010098491558574 1.7621420352976345 1.3328782918417157 1.621319994992626 1.7855255394149054 2.010028715516992 1.4148074588094628 1.6893176524274198 1.234995594770641 1.541858652536895 
1.8455895293332507 2.0616283110892053 1.4890431953387149 1.7496743182331191 1.3184285511109541 1.6069736857473833 1.783063162757991 2.005847657396875 1.4108023139988572 1.6835895436490838 1.2293768242424818 1.5347566446458312 
1.8408025573372093 2.0569950050253425 1.4827007986438836 1.7438681297332117 1.3102577385763499 1.599828033602115 1.7822206992679694 2.0047406357180497 1.409311258771181 1.6819133805577533 1.226593619459685 1.5320594971799266 
1.8371516759542692 2.0529671179786537 1.4779234868089688 1.7389092960535866 1.3040274940589174 1.5937488548393 1.7820897929457933 2.00384423974559 1.4088916148950492 1.68063181261143 1.2252368974698646 1.5299520129604 
1.8289767194629922 2.0449083374903654 1.4684887925815469 1.7300154919357253 1.293062236529089 1.5838258161608585 1.780374956215013 2.0015567074448852 1.407493686777177 1.6785507876491583 1.2233515814832667 1.5274434065842208 
1.8269283999631951 2.0430746718395 1.4640694254686422 1.7262636005871408 1.2864692715304473 1.578445413282347 1.7817543866964605 2.0027819228842865 1.4072954908305788 1.6783823565064306 1.221468174989459 1.5259329076443955 
1.820004869722301 2.037632979015821 1.4537178783425928 1.718378916645828 1.2727315560686352 1.5682397919874658 1.7826138692136584 2.004306024057427 1.4066236706073483 1.6787258805632592 1.218663240896717 1.5246870256130893 
1.8107787599832976 2.0292082948398003 1.4439478167879372 1.7098982086213934 1.261924148911752 1.5592367183486444 1.777983844546021 1.9999982844259265 1.402601914823536 1.6751294629689522 1.214396719143563 1.5210279345582876 
1.817378393157256 2.0332925225099436 1.4486268394292747 1.7117049915493179 1.2648506694131327 1.559250292318347 1.7825483569639422 2.002221991462198 1.4046829325206631 1.674678595759452 1.2142741193465543 1.5185110783576294 
1.8282347705895023 2.0396731634486076 1.4569094386379855 1.7147621845878365 1.27104124574793 1.5599263077762517 1.7915259268658241 2.006835664406144 1.4105700559108896 1.675569192821487 1.217648807592916 1.5167375698954813 
1.8276455580942765 2.037306890073692 1.4592322289552613 1.7145523545059043 1.2744022559701234 1.560266704234164 1.788998295952721 2.0027096597464498 1.4105266090796513 1.6732950705843068 1.2183298924846833 1.5148131255180421 
1.826615625010322 2.0318405210625783 1.4606319517016768 1.710349952445946 1.2768507646282903 1.556341587387502 1.786462690920762 1.9958206852199547 1.4100957424415725 1.6673995515028333 1.2187174322425398 1.5090140626090434 
1.827468309137789 2.027569871097647 1.4622165157400357 1.7057187048815903 1.2787008473067225 1.551281733980946 1.7863058951934658 1.990549650845949 1.4104344966012885 1.6615428464180302 1.219148960218943 1.5025722440145532 
1.834964919767833 2.0257731670398265 1.4650525209624978 1.6979515766648263 1.2777949137395133 1.5392922104326292 1.794235453316696 1.9889548837162117 1.4137055896963024 1.6538513118955311 1.218582966702953 1.4905049863246247 
1.8253603121940718 2.009497930014669 1.4585692823219747 1.6833199377222503 1.2733697158850763 1.5256513673619017 1.7851866492367794 1.9730770471558479 1.407968555974614 1.6396698192054522 1.21508087657293 1.4773500594013729 
1.8220553010658511 1.997413198750366 1.4532763847741315 1.6678687649039325 1.2665386298657335 1.5079436552279297 1.7835466124893313 1.9623487165440727 1.4046940055834827 1.6257119104325248 1.2104846548891768 1.4611800252269294 
1.8191694621776084 1.986032576288609 1.4491960149405496 1.6538188992993066 1.2618883973313844 1.4924175653213043 1.7824240320248068 1.9524300991071535 1.4027925675378985 1.6133117645078925 1.2083129665527759 1.4474004584425035 
1.8140275762861626 1.9771258329066086 1.4434247567250085 1.6437169890059087 1.2560476460416021 1.4818860282581283 1.7797176307287206 1.9456940552786428 1.4000620793117176 1.6057721935401206 1.205966204637033 1.4396822560366056 
1.8104268019564804 1.9691080455278147 1.4385519708520682 1.6337604054947499 1.2511856218972346 1.4714641518441318 1.7787190319672104 1.9399955372119726 1.3984376862350247 1.5985522362445244 1.2048492228832492 1.432271950295184 
1.8072922119682941 1.9615506946345407 1.4339939102524981 1.6241042216622827 1.2469554963354745 1.4615998077521937 1.7779156413062036 1.9345180319090463 1.3967882526715527 1.5913495565026716 1.2039837615189208 1.4251150431390616 
1.7944769676918397 1.9491320195708912 1.417122154077234 1.6084785487274926 1.2284709241884806 1.4450290148355154 1.7665094480462027 1.9234145866600107 1.3815365511040596 1.5772163086198736 1.1872442267859211 1.4101478277742727 
1.7924118255533492 1.9424089552160455 1.4126425421823774 1.5986780003814056 1.223494369248788 1.4342771240257197 1.7666330411218651 1.918646579989001 1.3797866145109141 1.5697208345764828 1.18540736507898 1.401928321314428 
1.7932915667850249 1.9370980633468946 1.4128900309303232 1.5914498116567453 1.2245426556483403 1.4268703441526456 1.768992909059358 1.9146253356263438 1.3819187777515325 1.5640184691435999 1.188674044598556 1.3962092421346772 
1.7951360380225811 1.9348457587124122 1.4151726520136723 1.5886561459319666 1.228285551086314 1.4247105355149903 1.7718747425897265 1.9132837788544097 1.3855469473920434 1.562323608740331 1.1940318686816571 1.395287360520194 
1.7999761716638807 1.934328612660672 1.4205661224166088 1.5873629299431682 1.2348149325942572 1.4235451805115846 1.7774920151938123 1.9134238493542823 1.3919668651508053 1.5618209618511847 1.201803462833154 1.395006998719992 
1.808344661561136 1.9382074307866688 1.4307228714872284 1.5916989554424728 1.246571592407215 1.4284531370530358 1.7864251260538908 1.9177727604585115 1.402915625045448 1.56675137809311 1.214555495231346 1.4006008284863534 
1.813631491676272 1.9412693479885526 1.4368348660858352 1.5949175296045561 1.2535133653854271 1.4319787886138189 1.791960092128142 1.9210383821308465 1.409381501432419 1.570230464110253 1.221948256424919 1.4044305020968109 
1.814927535413855 1.9420697487380338 1.4388188105537854 1.596205663366538 1.255608402489968 1.433256924128891 1.7935753461461854 1.9221304514687367 1.411789691527534 1.5718852004085446 1.224541964941753 1.4061208959628648 
1.8136825588593226 1.9424817767872369 1.435880791260368 1.5954763161985515 1.2512509536901462 1.4315795395123878 1.7928772052236317 1.9230703840084742 1.4095098067805347 1.5717852665839886 1.2208985206848686 1.4051278328502714 
1.8099304352215115 1.9416699967041593 1.4308857613174888 1.5942610381305597 1.2452252902752696 1.4299721043786588 1.7895284571979093 1.9226664544015768 1.4049903845653642 1.5710608442963405 1.2153805750961835 1.4040598769572223 
1.8094282808194997 1.9417514803469083 1.4300631639999017 1.5941921970168496 1.2434813559637354 1.4292004725123097 1.7897951692943554 1.9234694840390398 1.4051393872600006 1.571873024652249 1.2147353321729841 1.4042613842263874 
1.808015304897052 1.9409064907722835 1.4282199705724534 1.5931136015745957 1.2407139662073527 1.4274346952214592 1.7894239487225994 1.923599940591073 1.4046106257116169 1.5719827203382293 1.2134619365525974 1.4038121436438638 
1.8077802633249596 1.9406070173961705 1.4275343121856163 1.5924008063195838 1.239477657913712 1.4262506722057173 1.788977020519621 1.923102934178839 1.4036465053378862 1.5710218418110107 1.2118886763837924 1.402340999702733 
1.8092586000726927 1.9467284090845849 1.42921822614218 1.5996873303045815 1.2406171020653392 1.4336895098789695 1.7914876725495488 1.9302235356810358 1.4066542350190399 1.5795603672215253 1.214554318627619 1.4111970130697555 
1.8083621231590896 1.9473463435548517 1.4290933450535868 1.6013406889717285 1.2404710755501114 1.4355322018528354 1.7920842921794864 1.9322397168975827 1.4084389694539305 1.5829354200208074 1.216618687624208 1.414971817513144 
1.806213887742515 1.9458348490028463 1.4269837094634017 1.6000459863372458 1.2375771191622484 1.433688172928106 1.7913747739135801 1.9320683817955124 1.4081539260371823 1.583275759535884 1.2158174608936698 1.4149476137065746 
1.8049657864279862 1.9432036756592448 1.4253609683780455 1.5968071032831734 1.2350733946513461 1.42952625897379 1.7911801615514837 1.9304055030111158 1.4078631933308008 1.581207704906474 1.2148379196977677 1.412080099022573 
1.8022545916829869 1.9390608560182967 1.4221141140015487 1.5919308852278762 1.23095743762423 1.4237596719047811 1.7896206164331059 1.92732388063408 1.4060685939037292 1.5776134763820984 1.2123846546217953 1.4077329082117849 
1.802367502930767 1.9398961988778909 1.4225243167063575 1.5931867682167367 1.2311560127054935 1.424925883834275 1.7904754989725185 1.9288522906694774 1.4074264913027925 1.5797208535753684 1.2136799513961205 1.4098537765388615 
1.803272507786979 1.9402888840583352 1.4240707242761297 1.5940221591936354 1.2328218030763165 1.425755524064466 1.7917607603807881 1.929594734316079 1.4094652577627944 1.5809875170602516 1.2159212487823134 1.4111674951969166 
1.8028483161311712 1.9378360174423945 1.423658225199082 1.5911471087542473 1.2319070392594564 1.4221607971312527 1.7914625149684265 1.927247862122825 1.4092120613083752 1.5782347776097827 1.2151834614316472 1.4076992663410037 
1.8054542541247756 1.9392592812146727 1.4270245021502783 1.5929408105065455 1.2352938094790444 1.4237318187696901 1.793742992464988 1.9283608114295545 1.41217838427631 1.579654799333465 1.2181131536180247 1.4088510038528737 
1.7999266114574615 1.936696853297578 1.4210531416638648 1.5907391132340778 1.228415050474692 1.4212890033954177 1.7896434045174305 1.927143588390014 1.4080055895246795 1.5790942451521823 1.2132976736698788 1.4082436365461553 
1.795189324151216 1.9358610141604948 1.4141955791001823 1.588962646680689 1.219487122665303 1.4184505627431996 1.7848626142777768 1.9262885838955959 1.4010635168494323 1.5772863198691924 1.2042336503546558 1.4053582608169706 
1.7917845848495322 1.935915830635312 1.4098809544441724 1.589038202971977 1.21390390595978 1.4180411833597817 1.781120305814408 1.9260497523647746 1.396302922357613 1.5770034736120306 1.1981069393774542 1.404542040305099 
1.7894154049646744 1.9352243211123847 1.4071356583943462 1.5884320705100645 1.2104347775592412 1.4171231535137976 1.778459053091999 1.9250979936161405 1.393176181652877 1.5760791714329867 1.194178153679295 1.4032630345822161 
1.7885354405082274 1.9375239079696436 1.4062870900189477 1.5914720391995456 1.2097628102871902 1.4207976383545828 1.7770070732650334 1.9268871296560055 1.3915956654265491 1.5785051054823864 1.1926529979981437 1.406257816203686 
1.784287886772157 1.9381452264270214 1.40152804427234 1.592797700501181 1.2043880001402578 1.4224184021313315 1.7722977846067094 1.9271126311562201 1.3862312337131384 1.579354516618055 1.1865524132215357 1.4073486722066604 
1.778277020271164 1.9367991176847665 1.3944191159133215 1.591642652188138 1.1961552160252822 1.4211646499489388 1.7657864945752897 1.925337270678696 1.378454734267502 1.5776752250905413 1.1775058744755755 1.4055040895936552 
1.7667514065488246 1.9310612740827904 1.3789280766386076 1.5839917147075768 1.1777719425008604 1.412350473594373 1.7536852430759204 1.9191141298792653 1.362146849565879 1.5694047124633754 1.1580795084027047 1.3959710811840802 
1.7563194313579464 1.925321204642358 1.3659025334794206 1.5773057810854243 1.1623117641001057 1.404696562623224 1.7423442920403247 1.9125813520176078 1.3478855359434272 1.561729558561757 1.1410847137726015 1.38718352069418 
1.765392396547671 1.9324187777312478 1.3778241100330366 1.5862002701198639 1.1766203136901596 1.4149443032601423 1.7517161635117515 1.919932690551502 1.3602567705798525 1.5709648311303246 1.1559993798909798 1.3978435481298792 
1.7790779629786464 1.94723508281775 1.3954188856240444 1.6043066838220956 1.197890368254228 1.435808971888757 1.76588920223106 1.9351926891026252 1.378564522449439 1.5896685855725556 1.1782137372125014 1.4194342816616237 
1.7711414390368971 1.9548476952882263 1.3841629578462538 1.6125739079414902 1.1852541797748237 1.4454462928015313 1.758018770853625 1.9429661637233135 1.3673313773455542 1.5981497458541518 1.1655537191711458 1.4293365548301387 
1.7599005921341127 1.9589601114351463 1.3694249969217007 1.6172814987484398 1.1688530917929763 1.4513759589417208 1.7470411678017208 1.9474155863590081 1.3528590355221788 1.6032785765405835 1.149399973026796 1.4357558713075145 
1.7501193043033065 1.962770250359193 1.3565720422060488 1.6216772743351526 1.1547052923127572 1.4570153700270596 1.7379209887837508 1.9519013396314604 1.3407980793747767 1.6085051961542087 1.1361320768533427 1.4423403109027666 
1.7377233032927941 1.9628040701931557 1.341348315840006 1.6223849245992208 1.1383633910166033 1.4590369252239022 1.7274919389064656 1.9537517596017204 1.328066799745713 1.611421410974429 1.1226830942820953 1.4468361584321907 
1.7277450755554102 1.9634305249450437 1.327846052411939 1.622692675489099 1.1236938870110356 1.4603576041113937 1.720675059988367 1.957212058578725 1.3186336696998033 1.6151628818933308 1.1127926885390513 1.4519862078704362 
1.7186533659846304 1.9629156858077983 1.3155281313640919 1.621691358301665 1.110509187899992 1.460307931085187 1.7141047887192602 1.9589343592602328 1.3095801230586466 1.616870030611706 1.1034566102526642 1.4549519194428038 
1.7111536840986115 1.9622135570126535 1.306442588330712 1.6214275652412753 1.1012518070833075 1.4611607219345344 1.707874945376344 1.9593549810496949 1.3021452050536646 1.6179670107156852 1.0961502821439448 1.4573196470796137 
1.7079707406732032 1.9634120901012528 1.3010285982236403 1.6218811294160156 1.094669838716574 1.4615488498013913 1.7042613542164742 1.9601861513733256 1.296155131871093 1.617974384975167 1.088873164457537 1.4572123224965434 
1.7043612893495323 1.964137308833881 1.2967706054014332 1.6231457009009387 1.0908467726647955 1.4638765811205532 1.7004030301058628 1.9607035543684823 1.2915638053124592 1.6189888901759641 1.0846518988104892 1.4592661528704076 
1.7016624484392375 1.963383392587454 1.2930437111050115 1.6220916425061256 1.086202130926017 1.462550623769386 1.6971734960481266 1.9594941014323621 1.2871304619533408 1.617381860893778 1.0791560853223319 1.4573253289325 
1.7004499927621777 1.9638369874520873 1.2911253034019936 1.6223840742823168 1.084203505014114 1.4630867286954967 1.6962159108453412 1.9601719188899962 1.2855437710964532 1.617945710710001 1.0775506849354652 1.4581635758737392 
1.6984120571557717 1.9620518478144506 1.2883968695600359 1.620188393709849 1.080901378985197 1.4606134768350252 1.6948204477796756 1.9589436663243025 1.2836585713545872 1.6164229846893727 1.075249099237986 1.4564355677585261 
1.6988629196688236 1.9627226362137062 1.2879068428367324 1.6201385628105023 1.0796966480570733 1.4600992359102445 1.6957196827499763 1.96000259421912 1.283757788083749 1.6168422883341715 1.074744097199738 1.4564407991215023 
1.6994971714709763 1.963540203804814 1.2877268736179461 1.6203209549832558 1.07894276318897 1.4599030729325322 1.6961485650843944 1.9606426117367362 1.2833042585598513 1.6168083733571676 1.0736604701849881 1.4560035375499094 
1.6988601070483171 1.9624552001256539 1.2872484559401187 1.6192940858597058 1.0781296356747734 1.4585843343805047 1.694291672682192 1.9585017286947235 1.2812131735664523 1.6145005250232098 1.0709164860623912 1.4532607712658523 
1.6992111398791292 1.9625301819715613 1.2878260510990334 1.6194758890299448 1.0789556885661848 1.458887108432085 1.6925683036880166 1.9567814594147526 1.2790484363968904 1.6125046108180061 1.0684635429668763 1.4511445689211429 
1.6992969859720608 1.961531994797365 1.2881789458509754 1.618456831866 1.0789893727621835 1.4574688973057812 1.6901187079177988 1.953586129898994 1.2760470198443825 1.6088174280923642 1.0644759587955617 1.4467572660725534 
1.698987276193327 1.9594107750001835 1.287814085598857 1.6159201526024793 1.078605949115255 1.454690212377474 1.686737507891142 1.9487986661137728 1.2716095214045937 1.6030357436585188 1.0592055746297884 1.4403642837306194 
1.70461608867738 1.9739761116482057 1.2955131197242928 1.6337747467009551 1.0874550827403262 1.4742537897383101 1.6888042058266464 1.9603380640077799 1.2746363713694076 1.6172704037351855 1.0624980907360586 1.4559422627280827 
1.7065695770421023 1.9744834909782507 1.2983740506054717 1.6346193777591345 1.090543859404866 1.4749546583355233 1.6889160371035796 1.959245445380864 1.2750815010757783 1.6161801165852958 1.0627057769607071 1.4544926618053664 
1.7050447023170858 1.9667061960800245 1.2967126966678317 1.625490585177152 1.0883088341548828 1.4646405508859708 1.6872470953181578 1.9512966420971365 1.2732199894203515 1.6068120506952766 1.0602082070327319 1.443882705436823 
1.7035586166588166 1.9556987036536329 1.295302535314627 1.6125923592379137 1.085945153123536 1.4498007913753186 1.6857737702172557 1.9402264464315757 1.2718214898139206 1.593792759750307 1.057827074503437 1.428860937471698 
1.7037375474740262 1.9451522049116903 1.294397417593534 1.5988621404839163 1.084170521031083 1.4339878619684374 1.686319624642022 1.929914336454551 1.271383860387102 1.5802887046526688 1.0565878877087367 1.4132492469670062 
1.7096384654623562 1.943735559140821 1.300360371046611 1.5956758241787334 1.089141178446798 1.428801157568288 1.6912703919446115 1.9275994863945363 1.2761147874186238 1.5759800734617428 1.0600756400693676 1.4067709848971437 
1.713234163646581 1.9391469072264225 1.3056164681428464 1.5905199747899426 1.095385294901205 1.4230208616200255 1.6932850593109832 1.9215446183749676 1.279326914625734 1.5690114030196847 1.0639135006596168 1.3989393715260856 
1.7192899288518095 1.9357996816435477 1.3112043004243312 1.5844933781657973 1.099897074935314 1.4146151856428164 1.6978948676850578 1.9168227695098106 1.2830221509043638 1.5612521858147261 1.0661438447560723 1.3885334874288269 
1.7251828808272183 1.9315213919755845 1.3196351751523219 1.5798594592112614 1.109479381827035 1.4090647302587982 1.700656208573414 1.9096466833211057 1.2874053607777542 1.553039432313069 1.0709435401361267 1.3789267498744449 
1.732709330760506 1.9285185809487344 1.3282974856953242 1.5752068126644578 1.118388696341536 1.4027457247357842 1.7045857119031944 1.903290503676336 1.2913965443753208 1.5442173833319324 1.0743016803600933 1.3678546679324235 
1.736074026562059 1.9202641027794587 1.3365756927699233 1.5684054900514088 1.1296189708496402 1.3962450422556205 1.7040472392112256 1.8913588216368145 1.294704039641261 1.532879561147385 1.0797513542771782 1.3562168653218405 
1.7459687479262767 1.916099533076309 1.3492821688346919 1.5631995787663358 1.1432276210515777 1.389244379313895 1.7091899300297932 1.8826472767980862 1.3013399706899231 1.5220106015515298 1.0862286783708346 1.342729791743391 
1.7572927921983006 1.9236495327143404 1.3647372731453113 1.5731679477767464 1.1605571816640918 1.3997294521128358 1.7172256075577548 1.8871177373052535 1.3127427982861304 1.5282811330550736 1.0989444033490046 1.3490842704783492 
1.7717095286964761 1.933081576869918 1.3830483935401139 1.5845102043325217 1.180588575107302 1.4112544463823273 1.7281115027607128 1.893203394972101 1.3267394509751678 1.5356064924106987 1.1140933962527062 1.3561171867998316 
1.7853132091780564 1.9429132747257791 1.4003999901691122 1.5964613589766743 1.1996433345230781 1.423626660436524 1.738354722180042 1.8998541729210825 1.3400201557161928 1.5437690099123151 1.1285734425927494 1.364275175162859 
1.80060429158826 1.9556725184207246 1.417997784795893 1.6103406167969745 1.2179929147930457 1.437353792531978 1.7515200115859537 1.9105762312470183 1.3551251801166044 1.5552631411455942 1.1441823615954145 1.375366300665412 
1.8088051226389341 1.9669915371055486 1.4264289998751603 1.622337642738049 1.2260894794772728 1.4493361056169303 1.7579449457604894 1.9203255369037953 1.3613574667679498 1.5654308952121936 1.149734696495174 1.3853409716329224 
1.8090573410476103 1.9715011935066764 1.4266377182726702 1.6277050322457844 1.2256218891641297 1.4547431072179893 1.7580194711374075 1.9247755593050973 1.3613372752181034 1.5707856854766185 1.148953007262808 1.390762922175541 
1.8123377580793185 1.9788348397529216 1.4315640701554262 1.6372522287723326 1.231668341949232 1.4656828027305124 1.7600171488482634 1.9310306931532628 1.3647226464890112 1.5791412462157939 1.1532992323937314 1.4004707398228533 
1.8101029991293343 1.9827418028924015 1.4332199569699726 1.6458771626512745 1.2359183236189235 1.477256339345684 1.7559805830523896 1.9334580413179414 1.3642266621265728 1.5861609549907003 1.155200867060361 1.410418814656487 
1.815061612883491 1.9905326781450288 1.4391020442495452 1.6549279071800138 1.2428696830171777 1.4874463799287758 1.7598468056462244 1.940317619242587 1.3688048854907044 1.5941764327524166 1.1607485385488194 1.4195452983061936 
1.8212743960820978 2.0020641767396494 1.4457067274603832 1.667719545902191 1.2502306098573217 1.5014316900159694 1.7648381103727928 1.9508649614425417 1.3739290636070736 1.6058958913280184 1.1664860512771724 1.4324490391578368 
1.8294031891759042 2.014118139640019 1.455640346434163 1.6819169628810366 1.2619284004122302 1.5173724459166147 1.7720612861881977 1.962181707657823 1.3828861094128357 1.6193609367484971 1.1772631231831607 1.4477238386746867 
1.8387615366033303 2.0290323543629953 1.461647567812378 1.6947984892168861 1.2667285567523296 1.5298789308477452 1.7830800077651705 1.978712364304585 1.3909507317269867 1.6342191544134586 1.1844541198762577 1.4624841430428708 
1.8419973583333176 2.0289430878432544 1.4653568262054537 1.6943808349090002 1.2722852935198616 1.5304788968512177 1.786070530641755 1.9783082990340308 1.394404640133889 1.6334075076437355 1.189875430634199 1.4626890735993485 
1.8433863684179452 2.0172686335659664 1.4686326500759475 1.6817197440623395 1.2778158312014687 1.5179304118335268 1.7846463189184292 1.963736723781755 1.3941918954107788 1.6171179542411556 1.191512685131426 1.4460297076924458 
1.8424253745077763 2.0034744197094505 1.4666765985145191 1.6644875290701702 1.2775271850845757 1.5004846545133743 1.7828025113932613 1.948785079076223 1.3910405380973339 1.5982403662872868 1.189928251042944 1.4266421178523085 
1.8416676176073927 1.9925092206571318 1.4654636126986198 1.6510411808321712 1.277534150832646 1.4867571715662549 1.7812898470893754 1.9368394099676127 1.3888259450858809 1.5834111551974395 1.188842887913996 1.4112762992425296 
1.8391920478987396 1.9789887994058886 1.4647170967302732 1.6368156440399635 1.2799532170567642 1.4737874734757248 1.7777340019963503 1.9220061032613711 1.3867613227422952 1.5674425812047983 1.1899542136796526 1.3963381788714224 
1.8382375217564049 1.9634888315223822 1.4629429924618147 1.6175207585416422 1.2795367646117595 1.4537487874846637 1.7760237422943221 1.9053691343970935 1.383960023264086 1.5464528932732255 1.1884264717655566 1.3742374918161453 
1.838407259229304 1.9563738181204025 1.463742914444678 1.6094100114722165 1.2816899267712922 1.4458168396539723 1.7763197806439583 1.8981488952521615 1.3849599387372187 1.538106399878435 1.1909239189415082 1.3660003829234457 
1.8473745245389954 1.9682828521113727 1.4736289987360047 1.62262971065973 1.2931102883805696 1.4606433411054458 1.7848173037248602 1.909690435561659 1.3944040302852254 1.5510342844939566 1.2020459191210957 1.3806734384624337 
1.8502362492366105 1.9736680488646412 1.4771399033230266 1.629089832731504 1.2970244446382497 1.4677410531524828 1.7868132870530038 1.914338818472101 1.396878605602205 1.5566827640560423 1.204823619783892 1.3869359552297862 
1.8546573798569859 1.9780932479784616 1.4823884789952937 1.6341892496580621 1.3026738688781547 1.473111709850268 1.7898733411998682 1.9174841534098737 1.400488551733994 1.5602778869733365 1.2086570189834585 1.3906655566950596 
1.854006931871777 1.9786303364874904 1.4823578266493553 1.6355491528133905 1.3024090866653995 1.4744170828054728 1.7891239032522592 1.9179678428557136 1.4003597266376235 1.5616157238669826 1.208259933453311 1.3919512821318856 
1.8569367701573714 1.984067372334541 1.4849528780276129 1.6411563665789102 1.3047057337049186 1.4800561547328164 1.7921825141325562 1.9235974978052166 1.4031354337919382 1.5675133859595876 1.210768783526603 1.3979521510990605 
1.8582141506082446 1.9891286758379207 1.4866429608755156 1.6473555635140582 1.3061762655632354 1.4865293459063365 1.7935522801191828 1.9288605032611146 1.404983005278256 1.574055368988245 1.2124217041610232 1.4048627862680112 
1.8600003730220054 1.9962043288105553 1.4886391064465558 1.655680139387436 1.3087369907059248 1.4960022879534642 1.7961769822047047 1.9368743082920996 1.408082651339047 1.5836436113349492 1.2163235073786907 1.4158648273482888 
1.8603873810818325 2.0034551820513777 1.488444879224125 1.6638087682448723 1.3071865931413615 1.5038378396916736 1.7976968043384067 1.945380492121919 1.4093050596405732 1.5934027142968346 1.2163097393051325 1.4255528193401041 
1.8570991080493389 2.0063475977301763 1.4854930347590491 1.668323452486852 1.3040280424583093 1.5090071972385188 1.7944759333737663 1.948526997826217 1.406419686529469 1.5983209691603404 1.2131842044214267 1.4312335587379337 
1.8561305557804926 2.0134728481561406 1.48370934016808 1.6763787389077685 1.3013428802978866 1.5173482007311307 1.794134326504568 1.95646882206234 1.405379218411173 1.607464779614782 1.2112764480258005 1.440847980774516 
1.85640207362472 2.0203721339491296 1.482759249560818 1.6835230597880624 1.2987872979661297 1.5239827249802276 1.7947925298925669 1.9639132175425063 1.4048581987368547 1.615333234734604 1.2090905721897596 1.4483006982108928 
1.854169429578767 2.0271227647442696 1.481334973591203 1.6928188721019302 1.2970460340267225 1.5341482471210044 1.7932542871116883 1.9715586138901502 1.4043396913298614 1.6258697359888494 1.2083646300038948 1.4599409264776608 
1.8542601221929946 2.0355364747690423 1.4829043289285995 1.704151808999181 1.298268622726121 1.5461660829662447 1.793033333815961 1.9799234014312725 1.4055935344811386 1.6373213867580123 1.2092102183554272 1.4721812020044205 
1.8548879861716852 2.044455691469994 1.4840864496531359 1.7151391264804292 1.2989605917209537 1.5577189258605193 1.7936263352560504 1.9890412423235597 1.406768843600131 1.648692879970084 1.2098696657591055 1.4842419753072777 
1.858748010405741 2.0539713170702507 1.4881843347473123 1.7258466384204885 1.3028138555401152 1.568814185092454 1.796511239271077 1.9978254773596467 1.4096811982953097 1.6586304850651032 1.2123664498934719 1.4945522453187443 
1.8600498429033268 2.0630913581527817 1.490959361647624 1.7376767110382443 1.3061907280656566 1.5819907560048163 1.7967275550802606 2.0061880373446277 1.4111712536700463 1.6697199888558232 1.2143223242552572 1.5070299403743412 
1.8610471264639594 2.068914990297997 1.4924779973318736 1.7448218827948485 1.3071371841240536 1.589188613185911 1.7992046505386097 2.0134672097354254 1.4146135656495593 1.6787031811132545 1.2174763183404267 1.5162985906079842 
1.8593596779533645 2.0741905914835406 1.4903545066858557 1.7510581810433485 1.3041400151819742 1.5955655351626394 1.8008667595907364 2.021922175455534 1.4167071784242642 1.6888183523395404 1.2192964582081094 1.5270009989514872 
1.8626875439161827 2.0820875286261384 1.494786450520776 1.7606448032639919 1.307881530973085 1.6050039531603966 1.8039525941001056 2.0297114455903578 1.4209245610378125 1.6983845850573718 1.2227813273682668 1.5364497275083555 
1.8645150651602282 2.0901040818029735 1.4978003688774584 1.7707412542688021 1.3116214171053513 1.616313517350347 1.8054196999006769 2.037562008221946 1.4235623658939043 1.708405237099632 1.2261625530040665 1.5477704128679584 
1.8679456320778984 2.0940454884836908 1.501485743521696 1.774898605960042 1.314619363769947 1.6198857043133938 1.8083790318235002 2.0410880299925576 1.4267001353959772 1.7120978067210122 1.228510443561185 1.5508202775882511 
1.8666965491484415 2.0908551785771055 1.5011414545613946 1.772158299301363 1.314521710205921 1.61712296928301 1.8069081344060356 2.037654626614309 1.4261089250764472 1.7090658376325645 1.2281401899549984 1.5477233917476014 
1.86506668474565 2.086398084083699 1.5000005433826116 1.767649528856931 1.313688182845583 1.6125631362734698 1.8045058012398105 2.0324429668328037 1.4239975696285896 1.7036291571313662 1.2261908864072224 1.5421178024483504 
1.8644657280514998 2.082703160538873 1.5010970363965848 1.764854757910296 1.3154213371686692 1.6098923250076724 1.8035051904218655 2.028312346685936 1.4246721845668953 1.7003266854691805 1.2274900468348449 1.5388800534540077 
1.8665013389197582 2.082854266642112 1.5040413611963102 1.765388077468875 1.3187174011854284 1.610425481687759 1.8047823532352176 2.027731242159387 1.4267279034732763 1.7000021054190642 1.2298079844224665 1.5384675253086268 
1.8683934751775921 2.082887173498891 1.5066355976433716 1.7656374552909213 1.3219566823788893 1.6109296289801738 1.805782581144862 2.0269128076476797 1.4282532605830802 1.6992445897533999 1.2318790615828323 1.5378721734286631 
1.8709690786064026 2.0854931800658787 1.5102990825334202 1.7691127238537658 1.326131842729557 1.6147390424775425 1.80702123844223 2.028320060340895 1.4303159727071812 1.701340733886452 1.234271496625151 1.5401891566886485 
1.8653544312113153 2.077807671186073 1.4984192664403677 1.7558467650793705 1.3102081674450399 1.5982437256062325 1.8038109253632129 2.0227385938028895 1.4210724817755391 1.6903208461294237 1.2209963728282283 1.5259651722302479 
1.8691661739695002 2.0778794182559728 1.503552942171236 1.7562665346728497 1.3165229636857003 1.5990726702722988 1.8059168621981967 2.0211720372278505 1.4241576377535528 1.6887941461503768 1.225065810955387 1.5246596118713776 
1.875602985614613 2.080593663742743 1.511764775765876 1.7596636528627991 1.3256040264145437 1.602563405549512 1.8102819646304964 2.02190608719259 1.4299185183311844 1.6898669779087494 1.2314464124217708 1.5255961787532275 
1.893931584091424 2.097725839879714 1.5386249663966363 1.7834919796004272 1.358793114943938 1.63088797386548 1.8235195206684929 2.034379585116566 1.4510731836330826 1.7085345294547167 1.2587951883682469 1.5485613259858488 
1.9036981378163556 2.104792668284803 1.5505770394035443 1.791751861074926 1.3727683090476195 1.6402982676530085 1.831285382654888 2.039532232955748 1.4607630567362595 1.7146178246085804 1.2704457419053599 1.5556728318208364 
1.9144736422947901 2.108791308100799 1.5636628893215698 1.79633880031621 1.387903316460293 1.6456205728908107 1.8391227523364178 2.0406283229048547 1.4704437434194755 1.7158077563181373 1.281966765154807 1.5573150744282547 
1.923516881258714 2.108913452270446 1.57511548493666 1.7968270778144595 1.4017432251618875 1.6469616953551924 1.8446018240496374 2.037192834752579 1.4777102177650563 1.7120824291976275 1.2913259720485954 1.5540661256096056 
1.9380477549475839 2.113923031285049 1.5922855450130073 1.8022249411761477 1.4209027177317135 1.6527570949771686 1.8551522331111725 2.038193143388862 1.490279827555003 1.7127683574136257 1.3055746783762965 1.5547240020522515 
1.9552006977227172 2.1260114972914423 1.612288737036701 1.8156514229926957 1.4438373366745298 1.667867312772632 1.869342841807088 2.047329425973114 1.5070195298719258 1.7228531515063612 1.3252543705324649 1.5663378514405506 
1.9771776371556122 2.1440751383681147 1.637922002070993 1.8359235482362142 1.4723217993591788 1.6898397175378055 1.8875735191160767 2.061737272342975 1.5285584274303192 1.7390565419698838 1.3496050763346477 1.5840645984833606 
1.9896515765849079 2.154876450149013 1.6521740808422125 1.8478252927716974 1.4887348557103142 1.703264685774589 1.8977293286785684 2.0703032927875107 1.5402410207908404 1.748462616508231 1.3634495514417868 1.5949212515126914 
2.0006672038534767 2.163592306460459 1.6646814892269601 1.8573171157814947 1.503216438366375 1.7140951165483467 1.9072487820981536 2.077513014355118 1.5511586368953016 1.7562902735068853 1.3764404516051139 1.6040731669144304 
1.993770342773204 2.162219376826038 1.656019099805911 1.8553899085426706 1.4941757654713783 1.7124934078477438 1.8992432165791668 2.0753788207269483 1.5409100800896787 1.7534184693683306 1.3654910597004948 1.601448809023248 
1.9847687556114868 2.1595099981087307 1.6451202739166428 1.8521871218458383 1.483005710727902 1.7098193930154055 1.891733199463278 2.0743266176356054 1.5315900888787344 1.7521257429281638 1.355969550820213 1.600884081197502 
1.9753634980211314 2.157249781187677 1.6329146704326838 1.8488039349899383 1.4699914872251063 1.7066167237063745 1.8861045410353796 2.0758265844800907 1.5237256023688388 1.753113054093854 1.3476662654063432 1.6024574977309944 
1.962687299606998 2.149769107052804 1.6177146607602373 1.8402082765922476 1.4542621260414539 1.6983062470704777 1.8783654859581003 2.073070832470181 1.5143038619902578 1.7499948468605875 1.338280162760627 1.6001123621916715 
1.9515024730757402 2.1441024067802195 1.6047219417770575 1.834106250673807 1.4409632606075458 1.6926867243411374 1.8730078133581638 2.072913769851686 1.5082867356377332 1.750354851234666 1.3327308373789246 1.6015569653436401 
1.9473194156915605 2.16007756023003 1.5983485821088341 1.8516480090474323 1.4344631724548806 1.7121818690224822 1.8745005015761722 2.0946680619824516 1.508780107772276 1.7749083280804447 1.333935462010558 1.6288848873659918 
1.9381998463825265 2.168576527899638 1.5884766276270008 1.862622750144873 1.4248503319707828 1.7251967949649252 1.8686363228507707 2.106634097302436 1.502811052353971 1.7901247364128707 1.328676608914769 1.6466593587980638 
1.9326068164263548 2.176668965460207 1.582172462311745 1.8724818767607896 1.4178899724934972 1.7358947699666618 1.8659836914875785 2.1177379004960954 1.5000652420803604 1.8036392124805918 1.3256462590365539 1.661402023111086 
1.929305893953898 2.185749863970086 1.5774630527670845 1.8824640549676503 1.4123948644926636 1.7464651409762662 1.8665443254434784 2.130556019973483 1.5000520555118244 1.8180861928536967 1.3253775838021593 1.6768741679223427 
1.9352192976571516 2.1993913268776524 1.5851945908388154 1.8987075524010117 1.4210741471241533 1.7640011934079411 1.8697916333176379 2.1420479058005775 1.5046225150597208 1.831976362168639 1.3306008994528147 1.691965493839824 
1.9395453938940845 2.2078846597808863 1.5899409764440187 1.9080960784236625 1.426285175613825 1.7740371298526307 1.8721659325433095 2.1489354608493385 1.507010700882963 1.8395650541624669 1.3332135411012593 1.7001107852418793 
1.941306464987432 2.211042872719116 1.5949687512305688 1.9141486649165993 1.4340723565434206 1.782302813161108 1.8732084969383413 2.151499446200719 1.5113452945644157 1.8450486154575982 1.340448733000259 1.7078766348310992 
1.947024027119288 2.2147974982331475 1.6007791181108686 1.9175294472262505 1.439766192053352 1.7853156818276732 1.8797468571591789 2.1558927716841136 1.5182356436995577 1.8491795115130953 1.3473946610402647 1.7116944144910358 
1.9504562348871712 2.2161543358282247 1.6059207537765492 1.919906764249306 1.4465562867065491 1.7887385517761505 1.8840639079739945 2.1579521137713504 1.5245978986376179 1.85241984132384 1.355707334099156 1.7161010727023744 
1.9598468151648383 2.2198836588685813 1.6180881463355943 1.9248618572021627 1.4604118048385393 1.7943485056453663 1.8918884686872428 2.16012173220672 1.5350738380780775 1.8556227009690736 1.3678614983805049 1.719863075582402 
1.971664258453525 2.222122780825373 1.632358905652519 1.9274245255944757 1.4756891155196237 1.7966713863873631 1.900948359099502 2.1596236637347466 1.546201899094387 1.8550229156975635 1.3797837082539746 1.7187707196025563 
1.9828968135255576 2.2224582192900297 1.6463732714939858 1.9282079017807727 1.4912015709117965 1.7975324443497007 1.911497936124915 2.158996323111693 1.5596440413792532 1.8547049089302077 1.394857237071167 1.7184491482757964 
1.9992724472286139 2.2232809062841095 1.6651334575485206 1.928356061895077 1.511348955287127 1.797237695645039 1.9245958150706581 2.1563758302734453 1.5746898629849277 1.8508203139655375 1.4110827040919645 1.71378005233679 
2.0126963939951823 2.223355951169585 1.6815857382843165 1.9287549109208277 1.5298501678272973 1.7980006805341342 1.9352610857249235 2.1535088532720756 1.5880866760731953 1.8478052391746296 1.4264397048320023 1.710875548577748 
2.017005027666022 2.2166538010320895 1.6875299729575206 1.921718554219116 1.5367750445754935 1.7907881867016013 1.9385877723048834 2.145545931209586 1.5929754169258263 1.839243178845584 1.4323026240742598 1.701979905559995 
2.0170289236092676 2.2080484922837087 1.6883257132071288 1.912463379904661 1.5375460412866861 1.7807639637740764 1.9379139842099184 2.1360203828138813 1.59296850106848 1.8288305309668142 1.432184611213359 1.6906286482241923 
2.0169419798622097 2.200625557910861 1.688966775792375 1.9045489402298093 1.5385960708810127 1.7725619214375812 1.9399224180132797 2.1302574689249396 1.5961994886324486 1.8227865216504344 1.43614828869114 1.6844048809922423 
2.0193821510145744 2.2009566799090456 1.6918321919848465 1.9048890258585274 1.5416884704233373 1.7728816584409266 1.9450043913411224 2.132920091643437 1.6023214335258236 1.8258532283116982 1.4428933260418975 1.6876750828688114 
2.0244699892277707 2.202668113830109 1.6986009395040051 1.9074887244971828 1.5494119807474995 1.7759351250774589 1.9539742558088857 2.138056003654696 1.6139336438540122 1.8324982644368015 1.4560955123768116 1.6951348688419718 
2.0261536209500726 2.201492351085756 1.700629175713827 1.9061504844815087 1.5507263494534071 1.7737029872808723 1.9586052749467133 2.139487017779984 1.619560347949125 1.834188048387921 1.4613652309566867 1.6961304237732104 
2.0317242339070254 2.2028112691842416 1.7092662330500448 1.909467250424864 1.5609995093673443 1.7779745760963768 1.967159734511941 2.1434065284227093 1.6319942138025765 1.8406192541873212 1.475985611950567 1.7038214846881965 
2.0449783711160006 2.202258998331543 1.7259001530599185 1.9096438138386564 1.5797234372928224 1.7786327039982845 1.983603893077509 2.145388673884583 1.6527187312523115 1.8437698777321017 1.499424557832854 1.707712552519378 
2.044366985384923 2.195902728567875 1.7259019299287663 1.9029687055051219 1.5800630659982657 1.7717651410194974 1.9855312562968732 2.141234875517359 1.6557884739699813 1.8396162352327292 1.50316243012252 1.7035403469632997 
2.0458935981094326 2.194860786196965 1.7274278830634753 1.9015100176399702 1.581421603363619 1.769923033237649 1.9882294694489266 2.1412121985420223 1.6587293026847871 1.839324918437512 1.5060777191052128 1.7029396207690866 
2.0422950112399136 2.1898640397374995 1.7243099055956963 1.8967815504520913 1.5779011084777903 1.764740068037058 1.9852426683948337 2.13675549654504 1.656340602054855 1.8352111021938158 1.5033267933538068 1.6983895451913968 
2.038661416056234 2.1822652087490213 1.7205952304119672 1.888541505743628 1.5744862795580057 1.7564589709174563 1.9831225742339806 2.130473237671952 1.6544131050122912 1.8284484663332488 1.5018794291275215 1.6916804933664067 
2.0397980146745436 2.190372102878917 1.721716884005675 1.8976994064050843 1.575466164876355 1.7660825702866245 1.9845028154906232 2.1389729855914985 1.6558334797588223 1.838134522033197 1.5031863226793314 1.7019174859816824 
2.0396433226380757 2.1951896947603617 1.7214661726511182 1.9031969672059932 1.5755739156199844 1.7723278692110245 1.9850133364141636 2.144525788640018 1.6563752128494587 1.844530226952676 1.5041829096695951 1.7091749875721007 
2.034805461312705 2.190456388469766 1.7176859740325092 1.8995028375309182 1.5726649183433863 1.7694464868393194 1.9806847607249392 2.1402752266397913 1.6532162476119117 1.8414097549888264 1.5019832893105067 1.7069328416103573 
2.0333511144275502 2.190327081406738 1.7150817923771915 1.8985577482772968 1.5711442818989476 1.7696073924867515 1.979389969900767 2.1403272231001877 1.6507493610308501 1.8406491849192121 1.5006539417679747 1.7073307300999885 
2.0276989128296363 2.184768491829395 1.7122803230459929 1.8956672668193884 1.5691399581587646 1.7674418491397363 1.9740264547190063 2.1350482256217282 1.6483693358985085 1.8381436149905401 1.4991390099422033 1.7055990891562092 
2.026499174058033 2.1827891562076926 1.7111650674490437 1.8936619249638753 1.5696255584240115 1.7668033256867868 1.97265154183852 2.1328909263058646 1.6470401000333568 1.8359222993138598 1.4994597682891964 1.7047724759386191 
2.028488106864075 2.1844775617270598 1.7122364321813153 1.894447628647728 1.5712234722307963 1.7680275500367635 1.974466649930811 2.134407826468269 1.647879896014573 1.8364875087212 1.5008323529591838 1.705777233313014 
2.025358770177839 2.185047657131599 1.71175618892887 1.898015902550948 1.5723841365061813 1.7733434491762416 1.9705022438191462 2.134299465608397 1.6464841922400255 1.8393654643099857 1.5010638952743782 1.7104233200281997 
2.0283924772011552 2.1867789384311895 1.7170372352299876 1.901536997054288 1.5768020842091248 1.7759309943706256 1.97321405889129 2.13569656229677 1.6514885854301988 1.842563603191553 1.5051586273234592 1.7126379002597834 
2.0353027628775555 2.1935162581063787 1.7251378280523009 1.909229363847364 1.5819745999784605 1.7809266893887041 1.9798592101705137 2.1421714987593803 1.6593630348109512 1.850011329505041 1.5099764205102708 1.7172900245727307 
2.0376084470414724 2.196849969992207 1.7298605643966682 1.9148679274181704 1.5870859085300835 1.7869368450660923 1.98263971644239 2.1459640846050427 1.6647611342215916 1.8562680951885047 1.515867323618647 1.7239940110147598 
2.0426366409792736 2.2017591012804036 1.7360707934502813 1.920760394445671 1.594609680351618 1.7939227200944554 1.9894466038300926 2.1525046997605117 1.6731632144806106 1.8640959833900963 1.5258811798731542 1.7331162881039144 
2.0510670661755555 2.211979642978208 1.743946113832076 1.9306283637588049 1.6027226540952118 1.8040780850478728 2.000062921697715 2.1647700851938065 1.6836637516885609 1.8763532342685372 1.5369110210906811 1.7458732249937279 
2.054718406323477 2.221942416374576 1.7507765103760355 1.9443196140769885 1.6120318139802605 1.820386481405663 2.004707694289741 2.1757787828601716 1.6918048349453578 1.8913920725075724 1.5477828593005187 1.7637437886338507 
2.0462971087134534 2.2287675469032298 1.739731817358365 1.9510868041501999 1.6005404760670814 1.8280598284873064 1.9991876785257154 2.1855947234034585 1.6840683813815398 1.9016201603288287 1.539853672388724 1.7751682324132099 
2.0295488726283213 2.2326828306740953 1.7208658413679117 1.956318798147912 1.5814025994625436 1.8348400959175952 1.9841249865638229 2.1914734673974245 1.667052062746359 1.9091533662613096 1.522667894685801 1.7844667308489923 
2.0160405112670725 2.2397420048009993 1.7033138880047918 1.9629832159420009 1.562812905971153 1.8423922177620053 1.972339713708062 2.200488321093752 1.6513578668084032 1.9180739582377944 1.5060175238920697 1.794467521932342 
1.9941209395793928 2.2363984404995905 1.6807854899626544 1.9621415663170179 1.542014437308873 1.8446593690622126 1.95261141082116 2.1994660680876623 1.6313224277465814 1.9199407611353534 1.487945403860303 1.7997058614865376 
1.978699535256025 2.2368281590731125 1.662843732291886 1.9629563521439823 1.524261390058283 1.847030359150171 1.937832827738866 2.2007599666166255 1.6139992241207584 1.921754890162221 1.470821879991731 1.8031820110744257 
1.9673918847894059 2.2383357267700505 1.6493345968405593 1.9646426162880641 1.5113669032816652 1.8503367028017388 1.9257494861313635 2.201823580747379 1.599432670460126 1.9229406815435597 1.456746433438301 1.8059972781638431 
1.9551574913178962 2.2374430696347316 1.6352384204930146 1.964055845910826 1.4974950577068658 1.8509462774096093 1.9130971618965122 2.2007842749475675 1.584709634872108 1.9221902353452143 1.4421481833904897 1.806461197163252 
1.9474670943039216 2.236641095705022 1.6248508691558616 1.962160965516479 1.4863018975284126 1.8490615560863735 1.9056194231473815 2.2003001371350592 1.5744515392594844 1.9206334780682546 1.431031317992922 1.8049337773659622 
1.9407188593062519 2.234357837336482 1.6171211671569201 1.9598586999237881 1.4787342315869203 1.8473278491017668 1.899381687588611 2.1985486234211336 1.5672721440601691 1.9189338779507126 1.424049167671875 1.8038517916799488 
1.9336148774286568 2.2304717543635113 1.6082387638076132 1.9551392979052513 1.4696152110717418 1.8427985840599725 1.8927769102494463 2.1951633617508834 1.5589002082152148 1.9147604581183097 1.4154528626462415 1.7999012637290523 
1.9301832986033347 2.2262941961491185 1.604018142979452 1.950295486485894 1.4648932929764031 1.837577383787483 1.8897872931383706 2.191363569768205 1.555172868239171 1.9103248236117463 1.411240874871207 1.7950986291864994 
1.9301771789378197 2.224422292257556 1.6038942265911302 1.9480624431194087 1.4651236937857364 1.8354993953396879 1.889790052490583 2.189469578389332 1.5550560087959404 1.9080539255200204 1.4114920965036821 1.792980906393696 
1.9321237977324435 2.221996261239888 1.6061890180685583 1.9452527283014 1.4675837126937734 1.8324756393917057 1.8927484111640511 2.187844044525121 1.5586010842945157 1.9061485658688937 1.415343114571177 1.790910703291496 
1.9377326802882382 2.220523469602841 1.6120874091242818 1.94286961823408 1.4736042918833536 1.8295972638417013 1.8997335183590986 2.187442337429044 1.566207302746683 1.9049729273606593 1.4232670549046793 1.7893031180817407 
1.9423742515848381 2.220262588573649 1.6184776557060525 1.9432493795238324 1.4805045190136232 1.829929468536905 1.9048319287065092 2.1874946641351514 1.5732249888111236 1.9057242965391819 1.4308950255765653 1.7900303917028224 
1.949775629590187 2.2221215843746736 1.6245260829373624 1.9430090900826507 1.4854831747764126 1.8283488705779896 1.913078557938437 2.189992899267897 1.5802941363062162 1.9061817560882828 1.4369776705446087 1.789162976266782 
1.9530353780399394 2.221761918810296 1.6266843469695065 1.9411287439723337 1.4869011606275684 1.8255831664089175 1.9166434543742374 2.1898403976535845 1.582806655279036 1.9045093184323383 1.4387668347566294 1.7865970001081972 
1.951500423154002 2.2185032902770843 1.6264795847382314 1.9387724948972866 1.4865180044554622 1.8229478119162517 1.9159841886274138 2.1873267607904974 1.5836910522795316 1.9030187325589438 1.4395753842957477 1.7848754114700134 
1.939837601916328 2.212936026234941 1.6118710614092213 1.9319017192933212 1.4693734159186662 1.8147104920092598 1.9052691759666112 2.1826970855545875 1.5700984140137488 1.8971887001794234 1.4234250758253801 1.777710572868511 
1.9338371207959604 2.2102887467859063 1.603442547323854 1.9278688588616215 1.4583060293945198 1.8089518539111014 1.8997800695839533 2.18055374783297 1.5621991888323363 1.893704475357338 1.4128321833779163 1.7724968583296308 
1.9322106605363323 2.2071594387561246 1.60185670704038 1.9245933755706035 1.4559850627977782 1.804995084339636 1.8984743600033818 2.1776867651226266 1.560997043171527 1.8907211640509687 1.4109072832720972 1.7688341113259463 
1.9308046904309093 2.205491194901943 1.5999019478049272 1.9224647983227154 1.4525585883502254 1.8016967310815657 1.89766628546486 2.176538993262009 1.5597489608876167 1.8891801076631098 1.408210577644551 1.7661375057424038 
1.9399403500935282 2.209319323846374 1.6066327150662034 1.9232763696154016 1.4567263573921494 1.799937497003993 1.907555750252401 2.180938388199217 1.567376489399085 1.8906063504391917 1.4133124420031828 1.764985940884799 
1.9395868484133134 2.2056108135702206 1.6106503955042168 1.9227367513359415 1.462603928115158 1.80053663360063 1.9067541312235015 2.1767942565474327 1.570957946903064 1.889611279956248 1.4187756781598315 1.7651193566832497 
1.9383049662400291 2.20506137287622 1.607670817969512 1.9209047282337455 1.4582305358724181 1.7976945824446262 1.905000295955557 2.1758436624883597 1.5673561957611166 1.887293024517062 1.4136605961795639 1.761733747531323 
1.9389861309923906 2.2055392112090955 1.6088748032649527 1.9217736933834952 1.4585075690516112 1.7977709322883269 1.905215801535574 2.1759097514421044 1.5680108949943048 1.8876954634741379 1.4133026438880103 1.7612950801103262 
1.9415670128389622 2.2073777136558235 1.6116973040073035 1.9236429255827108 1.460814845948798 1.7991147599706947 1.907573547532155 2.177537771117739 1.5705803302105914 1.8893269910326296 1.415321302052792 1.7623757526260995 
1.947257625100205 2.212553881312473 1.615064328907951 1.926659078745093 1.4626362618610582 1.8008018363248328 1.912996602650117 2.1824615508528185 1.573587153528806 1.892025092051078 1.4167034191216206 1.763698102553521 
1.9494365853481872 2.213057672880217 1.6196600172548559 1.9288908301648384 1.4679305919197951 1.8033694812472567 1.914902938713605 2.1826989091246642 1.5779254848990811 1.8939826026376272 1.4217490942828133 1.7659818091628237 
1.9523894420526964 2.216712832019258 1.6225930878192596 1.9325629549483865 1.4704823031369127 1.806740006209759 1.9178514003016083 2.186354326233248 1.5808661514621787 1.8976640996337681 1.4243060289273648 1.7693611587911722 
1.9551258090913255 2.220161180224312 1.6252427367550395 1.9359784839132408 1.4726972049185842 1.8098165084270312 1.920771632733837 2.189968584686778 1.5837489350004343 1.901278366235468 1.426773911001673 1.772648450741153 
1.9569988829554834 2.2221380320513417 1.6269876099986165 1.9378187450556383 1.4745467162111243 1.8117231642524774 1.9229977927935877 2.19225302296268 1.5859270368743354 1.9034750778218792 1.4291129771606617 1.7749413249707746 
1.958716023959308 2.2240023341972823 1.6288917088974826 1.9398211565283436 1.476954249838146 1.814114598396408 1.9248823324439759 2.194262954560132 1.5880465139771445 1.9056520276679476 1.4317811939521208 1.777530676909673 
1.9606414790349713 2.225974575711151 1.6303167769830622 1.9413347459190133 1.4785134755261582 1.8157229688783583 1.927235797091897 2.1966077528754284 1.5899860381753168 1.907590994944262 1.4339194208854416 1.7795990301167395 
1.9605931220735833 2.226276617476418 1.6310996776169875 1.9423872800042323 1.4803034980443166 1.817602991173331 1.9276363695889949 2.1973083899540002 1.5913336360933994 1.9091162690004608 1.4363686954825492 1.7820037083469382 
1.9611768111011916 2.2275894445343916 1.6309188790375317 1.9431512136220999 1.4805873887079544 1.8188125974385154 1.9287303356770846 2.199077296677186 1.5917545707052452 1.910398613473387 1.437332682075044 1.7837784301759678 
1.9605672141250348 2.22762142993418 1.630392052330359 1.9433609233238174 1.4797484811622548 1.8188262702913656 1.928622557604779 2.1995586838504675 1.5918352342192956 1.9111286840247048 1.4371557800398675 1.7843458661655258 
1.9608761826926349 2.2284748428131826 1.6299893139070698 1.9436897603916217 1.4789373357418631 1.8188788756404974 1.9294531775845818 2.2008757996968478 1.592048781944586 1.9119843214030914 1.4370141974563926 1.7849578496119285 
1.959491059193545 2.2278610681681745 1.629160959346694 1.9436885448701497 1.4779756871679048 1.818838052125433 1.9287032012778536 2.200830699217784 1.5919975687856562 1.9126463308775723 1.4369074289666124 1.7856266931862999 
1.9587512440003811 2.227067514170381 1.6282607767409494 1.9427702987932052 1.476972023524156 1.8178475280047663 1.92842185791207 2.2004395331099285 1.5916461865857752 1.9121874542191306 1.436506451246579 1.7851257830396825 
1.957132312760647 2.2259711478030977 1.6267123959851784 1.941848058024067 1.4742474245701906 1.8160358284053317 1.9271184680272875 2.1996286620727235 1.5904753752925067 1.911594251040696 1.4341632295564686 1.7836493013515407 
1.955538360027274 2.225066451218516 1.6245151453705071 1.9405772059720168 1.472000895902635 1.8148214987535713 1.9260043605812942 2.199155117716383 1.5888398210575414 1.9108119770867462 1.4325324278975886 1.7829581015206608 
1.9536342489526053 2.2243482258586695 1.622608694997229 1.940076603714557 1.4688625720197959 1.8134485122772606 1.9244886236817849 2.1987939225585946 1.5873968190344248 1.9107241852974515 1.4298695533091856 1.7820115573925468 
1.9511643282180926 2.222402039125855 1.619471971881811 1.9377094868712288 1.4652176560875727 1.8107709318162692 1.9223374858205207 2.1971367725270907 1.5846225548662245 1.9086794464212058 1.4266050446394616 1.7796714700165197 
1.9481793351963903 2.2199984018206522 1.6166919642548638 1.935635060977727 1.461584829042177 1.8080985577357918 1.9199310127414084 2.1952506179673996 1.5825376074160922 1.9072009492673418 1.4237143618318422 1.7776255978372526 
1.9465486934185359 2.219454900611727 1.6138219499837674 1.9342568408175294 1.4574079307624923 1.8058145299696227 1.9188721089560423 2.1952217224074224 1.5803289660477051 1.9064018151820485 1.4202310485725234 1.775946077821455 
1.9471776516803083 2.2198649704888 1.6139420279561594 1.9341945480233471 1.456344949523718 1.8047826162735612 1.9198833863345035 2.1959626356391495 1.580904892624234 1.9067144410013892 1.4196450337754296 1.7753004539860964 
1.9463429847499667 2.219730401126544 1.613258128845291 1.9343096519651162 1.4549686203782572 1.8044073059277412 1.9196520428727204 2.196364269675094 1.5809537443282171 1.9074503351608947 1.4190654099460707 1.7755840383111718 
1.9484151657544653 2.221637263628336 1.6151858899030787 1.936020643470002 1.4564718945939192 1.805730005494177 1.9212656971231232 2.1978654080589193 1.5823291944920945 1.9086948820442728 1.4199473935825935 1.7764011578306294 
1.9484850619782434 2.22225683258087 1.615035260529119 1.9365356402484204 1.4555568517761028 1.8056791359353852 1.921509833842221 2.198643089442295 1.582385824491726 1.9093916022524975 1.4192433736158008 1.7765368408092075 
1.9485668804921246 2.222893621240299 1.615021247584938 1.9371723706864112 1.4549291022420336 1.8058687261677717 1.9215745314587227 2.1992707526702597 1.5823493363827124 1.9100190014632865 1.4185748075976854 1.7767097816894042 
1.9496058825097344 2.2238520808535265 1.6161603414007413 1.938176779738257 1.4560665235890016 1.806843850894858 1.9222497299249546 2.199908862793311 1.5830524868735592 1.9106569960609256 1.4192288921088663 1.777291655468106 
1.9497811851211817 2.2240166932944905 1.6161365900976812 1.9381695127239413 1.4562658705925098 1.8070179490122837 1.9221399456575892 2.1998239822523438 1.5826789878849596 1.91036026992098 1.4190438987898015 1.7771576094687158 
1.9478821035130027 2.2219803184515925 1.613767304535025 1.9357677442261094 1.4535498399388445 1.8043721854390906 1.9203971676469012 2.197925642033015 1.5804826811788353 1.908108317655536 1.4165054639874284 1.7746660463045547 
1.9475686142419628 2.2215585730698977 1.6136430756460238 1.935495533960324 1.452719010676311 1.803521973911147 1.9200547530475165 2.197477927329501 1.5803261445348424 1.9078075661607907 1.4156197482023058 1.7737751429931472 
1.9484240274027236 2.222274576590447 1.613873426561157 1.9356486096810677 1.452083593792124 1.8029683487405568 1.9211331806931684 2.198385953639681 1.5808174924260705 1.9081750568436455 1.4152537831640832 1.7734405470610652 
1.9466505508402603 2.220601721625625 1.6124897541028562 1.934359544160984 1.4504130332724845 1.8014776174259532 1.920018548125692 2.1972926214199804 1.5802360789283003 1.907555950462971 1.4144683895890673 1.7726659200612758 
1.9461248941316072 2.220036860675687 1.6117883358427556 1.9336553981407234 1.4490718324357696 1.800269628349809 1.919894474797706 2.197079050366363 1.5800171930579614 1.9072534937859624 1.4136484238871982 1.771881323779547 
1.947434848431649 2.2213696281091986 1.6131029703295447 1.934962978634475 1.4502371864236552 1.8014351036565264 1.9212171160194258 2.198421193194334 1.5813519250584291 1.9085739301075029 1.41483589680429 1.7730598271592528 
1.949425784484498 2.2219823587987824 1.6152781237957134 1.9354762025953718 1.4524028178205246 1.8017820786135599 1.922999506035558 2.1988341942522633 1.583284443242275 1.9088568154298533 1.4167357397245968 1.7731567527472016 
1.9538767407242554 2.225716621212871 1.619199642521959 1.9385529764087543 1.4556375121379774 1.804178684815681 1.9272667953615659 2.202393575295578 1.5869878590913165 1.9117297468270038 1.4197195319158078 1.7753263669824884 
1.9568032561302655 2.227726050662875 1.6235393014035753 1.9415365659193777 1.4599141150088282 1.8069403965825797 1.929625511621882 2.2038917824389674 1.5906776842283321 1.9141420711906445 1.4232796124100175 1.7774727082861244 
1.960861689124373 2.2308586525989695 1.6275072144465872 1.9443588910166996 1.464745992408134 1.8103128421009693 1.9330057952980093 2.2064140972754163 1.5938358051743253 1.9162631181170526 1.427239875793726 1.7801026450897963 
1.9666848801469976 2.2348958694307908 1.6348820853501362 1.949294632014055 1.4719028256643878 1.8147749330423344 1.9377205178246966 2.209450369345012 1.5999221294796848 1.9200679544742183 1.4329721963802402 1.7833450156934887 
1.9736205076681408 2.2394372482139904 1.6428866165040878 1.9542204878386291 1.480895837352597 1.8201521259192182 1.943463929248045 2.2129060813076205 1.6065337129012418 1.9237598215703149 1.4404605572830689 1.7874081507837682 
1.9815666081217782 2.244352129596256 1.6524317215616655 1.9598573554274938 1.4914866698778269 1.8262099401830147 1.9500607411368625 2.216584569404752 1.6145157992795394 1.9279967648632739 1.4493664678483664 1.7919747256374043 
1.9897361657799861 2.248686505988071 1.6612172261967548 1.963971401373462 1.501515439751733 1.830871270355412 1.9565865513114518 2.2194080124152116 1.6213647325549054 1.9303793898539323 1.4573021440912108 1.7947898294710833 
2.001079301993342 2.2547856259223757 1.6731508213147315 1.9695617575659212 1.514302139226568 1.8365322798323367 1.966329745791931 2.2240037129434294 1.6314312633960895 1.9342460580769345 1.4680753608674726 1.7986064358792226 
2.008127849618704 2.2549825876077714 1.6837046414422692 1.9716060279919616 1.5278381782159522 1.8402876157857064 1.9717338294846594 2.222634316376457 1.6401274808789224 1.934525048567281 1.4796777800366674 1.8005041912570603 
2.020646607820467 2.258981448727802 1.6982572705265713 1.9758699929135923 1.544844484113647 1.8456784530617352 1.9824699215111334 2.224898078945721 1.6526500031453604 1.9368109109813378 1.494563065279067 1.803802435993576 
2.0281047835693204 2.2602843374533124 1.7065765761713596 1.9768864113389923 1.5552159102635106 1.8478021540567484 1.9877213922018246 2.224120636570049 1.6583820217961724 1.9354346290218019 1.5021730417687438 1.8033857381095038 
2.0306013759234607 2.257742844059582 1.7089422640634324 1.9734600233858932 1.5589879332125218 1.8451298539404348 1.9881364852298875 2.21962778093586 1.6582606543912963 1.9297381169221512 1.5032591632523815 1.7982905532483482 
2.0309471995985025 2.252805757662431 1.7081300810995046 1.9667474744249704 1.5585990312960547 1.8383737907610085 1.9865839972065111 2.212894763009981 1.6551367992879018 1.9209021522599738 1.500333426527917 1.7892421985178528 
2.0267585648957427 2.2434984165758287 1.7033299920973182 1.9562382080866967 1.5549272406058907 1.828478489996054 1.9806813596281079 2.201961287847325 1.64823585386869 1.9084591415008731 1.494371804999763 1.7772681160641604 
2.0262525957698094 2.2370687929216415 1.701525533709057 1.9478106541098625 1.5530282360162968 1.8195257360817654 1.978881497463628 2.194253673439762 1.6448287269511954 1.8984832744598752 1.4906941674950935 1.766620022360182 
2.026092590369515 2.229054415026751 1.7000794317767187 1.937499025741755 1.5519366236899785 1.8089056593283823 1.978070797886226 2.1854968501121776 1.642553795481369 1.887224250440379 1.4886974778813358 1.7549508771046127 
2.0240611591387276 2.2185697626926246 1.697347491097215 1.9251536877698907 1.5495420469074113 1.7961928546606598 1.9760012152966937 2.174812410037705 1.6397395318934072 1.8745596678831031 1.4862159271297055 1.7418570544261116 
2.028797529278319 2.2120830647165604 1.7004282266552184 1.9153976674324866 1.5524552209985996 1.7853317012829324 1.9809056633130744 2.1682433713367626 1.642992387732156 1.8645954136342313 1.489323687230486 1.7307157813303171 
2.036993593002543 2.214056061425141 1.710973962377397 1.9183673384243722 1.5643793983344991 1.788849978934346 1.9898595530723793 2.1707699984460374 1.654578509153739 1.8682428611273776 1.5024916122738954 1.734987720461851 
2.0451642280942357 2.2159548938271034 1.7212928321108787 1.9210956211173587 1.576313201072772 1.7923511596437485 1.998788120295968 2.1732264772536456 1.6659250414818458 1.871647834245612 1.5156584502572767 1.739246937452037 
2.053252536410631 2.2175513552287107 1.7308769269583237 1.9229204276507885 1.586753255637653 1.7942892545731557 2.0075746133473324 2.17532615093845 1.6764381247623457 1.8740685208808912 1.527185563105116 1.7418334532775201 
2.0636431168334703 2.223314310855341 1.7410266750553134 1.9276092691347382 1.5963749349241738 1.7980312967393421 2.0190360561550555 2.1819739245128846 1.6879151535708659 1.8797768954996121 1.5382771581396377 1.7466540087991553 
2.071820020526455 2.225086732119501 1.7516151841812286 1.9304736521004995 1.6079910787856504 1.801168531108136 2.028381486312237 2.1846977415684394 1.7000144146489582 1.8837785904968345 1.5516212701604215 1.7510286502551122 
2.0745905324003098 2.2184493226407045 1.7563347910705978 1.9241370580925363 1.613796641316681 1.79497384925937 2.03242513975915 2.179069404292805 1.706322938345787 1.8785977456403486 1.5592195711717451 1.746069068257324 
2.076795833008628 2.2193045962197258 1.7582714278523666 1.9245130222479658 1.6151772583843544 1.7947226902231999 2.0355186796494893 2.180726542692137 1.7093196825643822 1.8798951396293357 1.5617467589855918 1.746792746149926 
2.080995834685125 2.2224540815901777 1.7641888969089563 1.9290207217074782 1.6213122043507968 1.7992808965741953 2.0408749490296656 2.184932273178471 1.716679748111697 1.8856690691573745 1.5694840418356728 1.7527232064353002 
2.089874593402257 2.228187414323187 1.7747120997356867 1.9356772391460952 1.6323751338917933 1.8060708499248443 2.0502315061105296 2.1910482801271747 1.7278531330666533 1.8928073823419673 1.5813038892787972 1.7600469673983845 
2.103282121592919 2.243379619460873 1.7905987190357338 1.953253748649266 1.649320448612825 1.824613486799988 2.0620185787990395 2.2047396792620235 1.7419439453990506 1.90874962813681 1.5963655215872117 1.7768903490402579 
2.1110560939804066 2.256269514027925 1.7998183739288278 1.9681312118687133 1.6589905986267102 1.8402293591647236 2.0682844195496446 2.2163020390172026 1.7494538540218232 1.9221818528307382 1.6042108385595113 1.7910015920014726 
2.1173599690728664 2.267674614143804 1.807217925274163 1.9812045695566751 1.6670258846917312 1.8542141778209575 2.073114221511263 2.2264180857225018 1.7551712070998229 1.9338461374246532 1.6104547919864902 1.8035242038942116 
2.12122588171162 2.275293651650977 1.8124379995032216 1.9905510448223225 1.6730002040774652 1.8644816016370984 2.0762390164629987 2.23341228023024 1.7595740150056889 1.9425402632334907 1.6155800491103 1.81313564166701 
2.123559579195978 2.282520364201599 1.814577068739435 1.9982702182124916 1.6746762404700797 1.872147012655523 2.077791076502881 2.2400021616496266 1.7607953911783731 1.9495626012505982 1.6162459533112528 1.8200672812275374 
2.1229917491561974 2.2876486447847033 1.8145935227993322 2.0047423794555974 1.6749995041746402 1.8793258615751793 2.0763570446301594 2.2444377763229015 1.759805177508377 1.9552893948940884 1.6154838126039177 1.8264803047898683 
2.12235860503132 2.291017808911683 1.8130645849363694 2.0078744337110552 1.672921471543267 1.8822919014729065 2.07460095235457 2.246847939650231 1.7569195349561373 1.9573254212599627 1.611902389448719 1.8282740126989963 
2.1230298611060583 2.294991868645292 1.8125606442676643 2.0112453791489515 1.671410083476826 1.8850314461960602 2.0747645217392767 2.2504176738259076 1.7557813413600254 1.9602295795819453 1.6096594971198133 1.8305014566145557 
