1.882349085372129 1.7000475383945268 1.519064621667324 1.2862662548637782 1.3402249999165403 1.0691709891319021 1.8114893115227841 1.6212393652268904 1.4303191152191492 1.1801425019722365 1.2387326172186193 0.9388194983921511 
1.8849348959896626 1.7010211673343634 1.5221688170894712 1.2874359624150475 1.3436304303340112 1.0704373792611879 1.8121171820275752 1.619957447280502 1.431009093961167 1.1782531462294341 1.2394078636992587 0.936282704208275 
1.8865231670561087 1.7023807975419045 1.523927329710774 1.288986123369608 1.3459237989720703 1.072679631874965 1.8113262297386992 1.6186517323190344 1.4297858430336376 1.176188027884747 1.2383230286720062 0.9341170394224753 
1.8834671807663361 1.700693774265047 1.5200942345209687 1.2867001106022684 1.3415274364037022 1.06986286757878 1.8048594408385075 1.6132043559276332 1.4215327861093776 1.1686171977101356 1.2287248849046273 0.9244866335344659 
1.8755929423918214 1.6943524056553319 1.5102620861128742 1.2782303226531633 1.3303028872967277 1.059569233674709 1.7933245665160589 1.6028082199283888 1.4067891398749175 1.154139018086647 1.211556803154524 0.9060083201991083 
1.8701317869733245 1.6914633222887336 1.5036300499285187 1.2745817341575392 1.3223994228099314 1.0547016182067988 1.785663991149522 1.597576652085289 1.3971779828239637 1.1470665131926918 1.1999763423034804 0.8964365521820492 
1.8649056588965165 1.6870655170989213 1.496842910055778 1.268406732788915 1.3149052430438668 1.0475174177951647 1.780392830777593 1.5931464384306455 1.3901310055833769 1.140517932820107 1.1920156515265437 0.8883795674621575 
1.860015634959236 1.6812596950777148 1.490767000135437 1.2606991110859125 1.3074558558868479 1.0375050915984991 1.776685520375739 1.588580321643451 1.3854022970649391 1.1341585095183169 1.1859148751545405 0.8794146298037177 
1.8513346453632444 1.6722739037377368 1.481055869412849 1.2500346108497356 1.2965545601794974 1.0247505879589676 1.7721255872601833 1.5841367166448261 1.3807663148492038 1.1294138551577317 1.1806959199651068 0.8735576085309141 
1.8476996577334315 1.6702741888648822 1.4714314854549768 1.2413430054534644 1.2825338699575304 1.0103043939270184 1.7740183920546708 1.5883838000144173 1.3777727848046062 1.1287513842065664 1.1738996369997905 0.8682523818269893 
1.8342123192945687 1.656292912576746 1.4606665283533953 1.229844741035209 1.2721812220953272 0.9987073854998569 1.764364042337057 1.5785917312250055 1.3719301544510056 1.1230154623565785 1.169226540706274 0.863748854408479 
1.8266485450430823 1.64848962311202 1.4515008636263398 1.2197245129569259 1.2609054711230379 0.9852693730691167 1.761816527203673 1.5763472352016894 1.3690169193724415 1.1203037337829462 1.165004367171218 0.8591322982684392 
1.8226594122222863 1.6450647339732531 1.446396199166221 1.2149949016199575 1.254932108507265 0.9792881307166396 1.7597423398675418 1.575069442508009 1.3662604929962991 1.1183999198508958 1.161662759462698 0.85651095306627 
1.818554324152688 1.6408655459526353 1.4421548652951388 1.2104175170140428 1.2505468408238214 0.974252180441204 1.75710979435391 1.5724931603712748 1.3638569041561657 1.1159774034515397 1.159380179498701 0.8540856576564438 
1.821262603760943 1.6445722151544728 1.444590411659336 1.2142741685707104 1.2533702418112893 0.9790593761657613 1.7557633026003505 1.5717267808872157 1.3610836713288752 1.1136287798715017 1.1561333253384272 0.85103734639444 
1.8204521715252615 1.6447202457594543 1.4437428003668242 1.214681790268974 1.2525940916398417 0.9798216860281467 1.7548619740170566 1.5718139603181542 1.3601057725967638 1.1139776885786536 1.1551997218884016 0.8517892787838082 
1.8183005580461553 1.642646750945242 1.4409529355919157 1.2117824852633248 1.249289928635847 0.9761130850423838 1.7536098296345626 1.5707383179864685 1.358409318942917 1.1123611404534768 1.1531070379591652 0.8495453313337434 
1.8149117878162122 1.6381081380526257 1.4366190445466887 1.205557030403058 1.244224770993666 0.9682916684316973 1.7530281604453022 1.569267729138097 1.357599798509944 1.1102120010674719 1.1520842914102425 0.8466355112527706 
1.8118118568877095 1.6341684554411426 1.4328293034269262 1.2003516771175395 1.23941737149311 0.9612490607323837 1.753070572104526 1.5687895865216883 1.357790130608884 1.1097019306006861 1.1518461905909532 0.8453366091557196 
1.8067803807976357 1.6288615440961363 1.4275406654926681 1.1944065208442434 1.2333874650065362 0.9539283118952127 1.7522719358122614 1.568180959722203 1.3578932005998299 1.1102290437721622 1.1520617307398289 0.8461564966572377 
1.801605390420266 1.6235134858667972 1.4209097444916619 1.187012450647153 1.225619150140597 0.9445402888132194 1.7532866439893278 1.5697223041007478 1.3591234584066894 1.1123086941993037 1.153418559930158 0.8487569913652317 
1.7995259066625324 1.6208527578869125 1.418245265371829 1.1833384159865723 1.2219131952596345 0.9391176873798139 1.7547544578970613 1.5709975752717156 1.360988373025137 1.1140733932329638 1.1549638849373645 0.8501833622869892 
1.7969943721072834 1.6183843159723372 1.4150347139859325 1.179958585114431 1.217602574810537 0.9340958467872822 1.7553332240019983 1.5719967392094838 1.3617375649093513 1.115485641541499 1.15523243725462 0.8511997444109402 
1.7904168830526594 1.611482079925185 1.4076588219877713 1.171659181639439 1.208991820948347 0.9235491876018298 1.7543117995156963 1.571270749654559 1.361440646491796 1.1157071805451464 1.1548499893579252 0.8514460503872221 
1.7890260766783836 1.609972365674408 1.4041328637401982 1.167469834400551 1.2034267302313215 0.9163146895227916 1.7560082694666475 1.5732011179869057 1.3618149060849825 1.1162152810436032 1.1537706160391024 0.8500490277832509 
1.783331447297681 1.6032878118793397 1.3953132103297956 1.1563562218109262 1.1913013300256323 0.8996997364236805 1.7571599476088797 1.574125737760755 1.3617044413090678 1.1155714868536397 1.1517547002208588 0.8466402106448998 
1.7772407937725856 1.5961778308977388 1.3896581108493593 1.1490641817798561 1.1853759618996034 0.8912435132158943 1.755277010818922 1.5716857871436676 1.3614559158156425 1.114791926553745 1.1521843241033136 0.8465976290478318 
1.782578740428753 1.603683873532611 1.392788874822225 1.1550220128761874 1.1865103176241494 0.8955566616516009 1.759234331414823 1.5776946577929962 1.3627836647203253 1.1186573725804339 1.1511408258021951 0.8481392581578568 
1.788846472625052 1.6140051758352854 1.395242467323544 1.162644635141405 1.1858538622541523 0.9007165967290102 1.7641400394478581 1.586578420306759 1.3634221352109148 1.12426016730252 1.148245513286723 0.8505931834802641 
1.7880096112563713 1.6142761316284027 1.3974237360032067 1.1669199446170933 1.1892349750764815 0.9072975725445096 1.7618199002807182 1.5852187294582285 1.3637536760812636 1.1263805521337626 1.1494828476428691 0.8545290376723075 
1.7866785760376709 1.615840627683312 1.3988274236917146 1.172791013468299 1.1921397185196037 0.9164702441825375 1.759377143102638 1.5856003694727119 1.363783618787086 1.1307636175929963 1.1508191456836299 0.8620355596331278 
1.785238751973013 1.6180777197483935 1.3979923474562228 1.1770644456214623 1.1917423402506768 0.9226851636100799 1.7578801594381115 1.5878415413844547 1.3628821874784924 1.1351413843861742 1.1503543188714338 0.8685696083482083 
1.7927423228873385 1.6324932429481875 1.4010106151887254 1.1890920468456134 1.1911485094107666 0.9327078446499153 1.766483963174161 1.6036130281808918 1.3672495382158631 1.1491216000717637 1.1512494635618689 0.8811835673408183 
1.7850991021954496 1.6288943220660452 1.3978021715031783 1.1918761758081249 1.191505357377381 0.9414897367783678 1.760568826333978 1.6019739386328982 1.3663362317742294 1.154812801305476 1.1544300776829233 0.8941066558632702 
1.7867646982735277 1.636483163065386 1.3990659766417344 1.2012221538901495 1.192570436912005 0.9527713802358309 1.7646333129963547 1.6122902298706925 1.370688968853434 1.1680485029897048 1.1591492092636264 0.9105909868522146 
1.7857599260408465 1.6415247320870343 1.3976360922119213 1.2079120741400884 1.1913171110386225 0.9617179376789279 1.7665322230951266 1.62058663077091 1.3729836954725319 1.1793002843353384 1.1622968815381935 0.9255263223881912 
1.7838662377101626 1.6420897178419362 1.3960219363757183 1.2096103233034223 1.190368606626624 0.965016739254926 1.768021404237576 1.6248629398328371 1.3757173323914367 1.1861189088966628 1.1664897562525829 0.935402714793051 
1.7818558390273018 1.643292044000606 1.3932533143243153 1.2110133395944447 1.1880852177666759 0.9679591910177258 1.7692749071853389 1.629641742223023 1.3771268147834788 1.192424745967514 1.1691321357296145 0.9445996303173584 
1.7800066181938088 1.644672767578329 1.3904779020228117 1.2124164909855688 1.1861534939516725 0.9713315926159101 1.7704286513310161 1.63430185738552 1.3781955030596205 1.1983103922831346 1.1717312660562405 0.9536661425539654 
1.7891967146530898 1.6512803362014004 1.401763377937022 1.220836775627852 1.2006141144120412 0.9833494377511027 1.7814886675658115 1.642925359736531 1.3919114758724458 1.2095120593302946 1.189096817195896 0.9692538912304711 
1.7900431087510045 1.6554093061194746 1.4014551546114347 1.2248274123267164 1.2010243501224112 0.9892346178672479 1.7856157554263907 1.6506208727708978 1.39579577489938 1.2183478505036893 1.1944156665193906 0.9812005014404345 
1.7861592603800367 1.6567869925374716 1.3961920470484566 1.2263484282378152 1.1963370933985789 0.9928749549874647 1.7837334740149267 1.654171497010319 1.3930873752645092 1.2228126063798002 1.1927123055965172 0.9885043647457303 
1.7801237621224655 1.6545234883412927 1.3891607764665113 1.224081299535713 1.1901538712591075 0.9925087416607674 1.7793855780670584 1.6537292403634398 1.38821471315969 1.2230075448798507 1.1890494793039692 0.991184155055477 
1.7730207355970657 1.6526255670469219 1.379994626966772 1.2214556506304926 1.1806073572772449 0.9906575937513225 1.7734631070132696 1.6531001566563233 1.380562940809712 1.222097692304981 1.1812716009187556 0.9914491066802976 
1.762604296764013 1.6471889945513114 1.3670364478575399 1.214597186959924 1.166584190091294 0.9835529214897185 1.764136178352159 1.6488281088612482 1.3690110293825104 1.2168191629699792 1.1688974383456234 0.9862955430148513 
1.7543224338897911 1.6414235613177361 1.3572799771782535 1.2078216101929127 1.1568650529984041 0.9772209864964015 1.7565915855568135 1.643848564816419 1.3602116500195844 1.2111151218810705 1.1603032134959381 0.9812887713863846 
1.747525969248709 1.6352678813572534 1.3506275883450034 1.2018522841841421 1.1509378921551936 0.9720658733844327 1.750287716485104 1.6382188868031768 1.3541990103668813 1.2058644162088208 1.1551268799913887 0.9770220772728936 
1.7468328625710274 1.632774136663761 1.3501556248662931 1.1989355874933776 1.1515126803288318 0.9697978060183937 1.7504945728730754 1.6366910463670565 1.3548898151724702 1.204264399066123 1.1570599175747514 0.9763779926125384 
1.7455652177969776 1.62854283725747 1.34997195940605 1.194813012308876 1.1530033533266977 0.9667319049160475 1.749681163161623 1.6329537702955985 1.3552898340659867 1.2008182116884345 1.1592251618743485 0.9741441469939703 
1.7429540550779186 1.625412990631169 1.3476252164873437 1.1917098120400622 1.150831825295321 0.9635831267267813 1.7475161371823036 1.6303040212526498 1.3535204230866116 1.1983722659142944 1.157729546013472 0.971810811687419 
1.7411070998982947 1.6231630604213028 1.3456272778582672 1.1890824859177138 1.1483194366186833 0.9601259896056611 1.7461931357430798 1.6286174672759255 1.3522016509811878 1.1965173180176918 1.1560164629088334 0.9693185492480013 
1.7381767561014188 1.6204336167369677 1.342248230191141 1.185823335177399 1.1448441411175805 0.9566685832885128 1.7416755971337632 1.6241861212469617 1.3467760621763554 1.190946024155272 1.150149363192125 0.9630110219780718 
1.7333984108609453 1.6125472119523356 1.3363426502118572 1.1753510704360848 1.1376165025065565 0.9432972844099838 1.7372095427078598 1.6166432677852127 1.3412824546959712 1.180964471639706 1.1434151701264288 0.9502824376338069 
1.727246483349325 1.6057366564423352 1.3298225667518997 1.1676634166756317 1.130399125903152 0.9342440684546036 1.7316988976270125 1.6105250285675818 1.3356005079523632 1.1742395464480873 1.1371907674803776 0.9424503367512848 
1.7221626149407494 1.6003309239340344 1.3250173992440852 1.16227625894172 1.1255837882181672 0.928522405814507 1.7269100550461682 1.6054386727681502 1.331181946324228 1.169299092627528 1.132834114166571 0.937298311115282 
1.7181883122442692 1.597722697946302 1.3205410543912712 1.159472043445986 1.120484839849612 0.9252205248116852 1.72299996428114 1.6028960103864536 1.3267955671137925 1.16659042517621 1.1278493148079713 0.934125698240237 
1.7146016100591297 1.595300662890027 1.3170114757348776 1.1574302359180701 1.1170230495461408 0.923507453688036 1.7195870009794096 1.6006576703771984 1.3234953720876248 1.1648027831943741 1.124660511415494 0.9327308238379173 
1.7075181688146834 1.5879740730982512 1.3099203636985914 1.1497541994845029 1.1105346917734045 0.9161499122044656 1.7123784197227698 1.5931990498152608 1.3162495640007825 1.1569599278852531 1.1179932276772746 0.9251768572182565 
1.6988729158267724 1.5800274415749114 1.3016964350146156 1.142248283399787 1.1037864438965355 0.9103087639530667 1.7032651811299846 1.584749131329549 1.307423688805492 1.1487707491269787 1.1105348291925652 0.9184797977363248 
1.692319016184762 1.5749396279669137 1.2961970287500895 1.138691317495905 1.1002551259324178 0.9094242801578151 1.6964654343253094 1.5793942348446637 1.3016059521454872 1.144844633066234 1.106622184605279 0.9171171346456024 
1.6845469473464252 1.5683368489626712 1.2889283090281476 1.1328363693906371 1.0944368203848773 0.9054137219051632 1.6881498537553354 1.572206087869577 1.2936335248957334 1.1381870455835281 1.0999743018517114 0.9120995114208539 
1.6849133824993765 1.5654620197646092 1.2918978169056137 1.1316970434376377 1.0995554156683012 0.905958244581664 1.6905696508885668 1.5715482726615464 1.2992661803131376 1.1401012394105579 1.1082033884199642 0.916434928898659 
1.6913692894242347 1.5679683922858394 1.2991077330258027 1.1337882112667428 1.1066105958319032 0.9068526985169311 1.696966014358402 1.5740039580278826 1.3063860389209003 1.142120522837866 1.115145995593151 0.917248819834313 
1.6963435759120142 1.5698293663764733 1.3043798555397732 1.1349843697328876 1.110746671180229 0.9058371153457778 1.7015761340645208 1.5754821649317265 1.311177569979734 1.1427901522230406 1.1187215828873418 0.9155985430405402 
1.6998380441191479 1.5718211883782487 1.3080773445919818 1.136766823686727 1.1134548139169411 0.9060651712955367 1.7045380722456187 1.5769028225400605 1.3141792126398935 1.143782966709511 1.1206169221169249 0.9148523149311096 
1.7025163558647536 1.5724236700034124 1.3095373818211529 1.1352719543734884 1.1127949886600856 0.9012585327124509 1.7062627486958157 1.5764792493360007 1.314404344175338 1.1408825688855975 1.1185183558560852 0.9083157867102168 
1.7079143323499602 1.5737319147321154 1.3152373544902114 1.1355659696584828 1.117317873591222 0.898921578029146 1.7106528507638274 1.5767035068859363 1.318791533119018 1.139680604654835 1.1214994604663928 0.9041138272509772 
1.7131563431402985 1.5746990539280323 1.3212400525422472 1.135978754573271 1.1228058678337232 0.8974772817413486 1.714981540297691 1.5766845397738383 1.3236057962859789 1.1387294491501656 1.1255887545466328 0.9009564355515974 
1.7250206501457424 1.5799300728922279 1.3349192063301958 1.1412677508933826 1.1375387164528685 0.9024838631406324 1.725824131801743 1.5808073018901576 1.335957326380315 1.142481846555664 1.1387567878652753 0.9040187020793541 
1.7337985330181822 1.5831402933082084 1.3460345449861235 1.145462715017822 1.1496989864725464 0.9066882566218667 1.7330245568646743 1.5822926246102522 1.3450374559453726 1.1442908690957907 1.1485314628237226 0.9052073554142166 
1.7210529425969119 1.574681928905482 1.3294738521766758 1.1336228074723487 1.1301439448236184 0.8915297426454656 1.7197175046505428 1.5732222480633467 1.32774462461781 1.1315943328779487 1.1281092148375926 0.8889490123744388 
1.7027145649105255 1.5593284270988075 1.3055872064164997 1.1121268846487078 1.1025203025606558 0.8647654430875694 1.7007565417655874 1.5571901195289035 1.3030325699530463 1.1091267431445517 1.0994939483046007 0.8609037091094685 
1.706819400566999 1.5505715566048186 1.310067259400024 1.0987792818177315 1.1087268654415703 0.8487137021115483 1.7040116841653081 1.5474803733074904 1.3064071255821785 1.0944127483595438 1.104399663062195 0.8430529649861213 
1.7106784662706227 1.5411085097948198 1.3156198086689066 1.0860249099178205 1.1171876059829926 0.8346872294230996 1.7073274309581072 1.537387908272343 1.3112595557333453 1.080738750347192 1.112049589048083 0.8277976277460634 
1.7122498974443219 1.5311374462464467 1.3182644745642245 1.0725685958940296 1.122287493692276 0.8198239972689811 1.7089046647657355 1.5273956007721414 1.3139165372496422 1.0672201435777393 1.1171770944922255 0.8128141413989365 
1.712631387681786 1.5206564436692598 1.3202847225022487 1.0594533958947134 1.1270847824688432 0.8059837817678717 1.7109149907674666 1.518723100249957 1.3180575040690903 1.0566765510944398 1.1244749630084434 0.8023301639804153 
1.7125659486789437 1.5115878636634426 1.3202835997521936 1.0465010868482698 1.1290952833904722 0.7917524234093699 1.714068100780891 1.5132895278546699 1.3222314885505528 1.0489575064389454 1.131372389849872 0.7949963682398871 
1.7131163635233424 1.5047432400151994 1.3208978206399768 1.0364630219990678 1.1316121023440144 0.7810444888554301 1.7168783001050016 1.509024731663282 1.325773161204978 1.0426691797360466 1.1372991570257318 0.7892616270739634 
1.7131073239208483 1.4988688084256243 1.3217829297094323 1.0290680807756356 1.134328666335842 0.77367468930504 1.7177968281992053 1.5042263608151702 1.327855170179056 1.0368559950982827 1.1413985995134432 0.7840036763761061 
1.7125959392417378 1.4950171287003 1.3205684855800892 1.0227377420958366 1.1335487105137079 0.7661749428866034 1.7160019501000836 1.498917628406341 1.324982628847371 1.0284310043689318 1.1386880699942763 0.7737582857374065 
1.7088222790533865 1.488238672454526 1.3169421286408944 1.0144542054667671 1.1314440503132315 0.7582522032867495 1.7110975302446116 1.4908506037860434 1.319893081582448 1.018282137528303 1.1348774451936254 0.7633659544472822 
1.7071991125121435 1.4850929086633775 1.3155903472442516 1.0108165507955686 1.1307489525806558 0.7546955222884593 1.7078537397160947 1.4858453936605418 1.3164397245078296 1.0119217785294723 1.1317370632184183 0.7561751899277378 
1.7034375404261966 1.4807071966237113 1.3113985423711776 1.0052663751132083 1.1273203358998052 0.7494301086380569 1.702941435350391 1.4801364397356245 1.3107540635196404 1.004425489040003 1.12657055608304 0.7483017879393646 
1.7022301729454248 1.4793307800102755 1.3102785701085895 1.003823652981842 1.1265392229682063 0.7482797711323016 1.7013451307027068 1.4783122974411769 1.309128574039162 1.0023221130783306 1.1252014543919724 0.7462642346822 
1.6978382495400322 1.4761020875268622 1.304596796562509 0.9990973189840718 1.1206082641142534 0.742957288678939 1.694814150023878 1.4726227128226566 1.300658711238717 0.9939495632682577 1.1160211302305885 0.7360202540155809 
1.694901349888427 1.473939436901534 1.3010453184472903 0.9962558900471356 1.1174409941708827 0.7405952020190316 1.6893050609210911 1.4675007552480548 1.293746468073869 0.9867050225136236 1.108934343617155 0.7276965413231056 
1.691498767004564 1.4714987403929236 1.298548657069869 0.9951728889886221 1.1161367079251359 0.7415535145746127 1.6819320277520018 1.4604916330393545 1.2860621610085416 0.9788239607702502 1.1015845033305254 0.7194643022262885 
1.686788082351319 1.4679607553209453 1.2945667625744297 0.9927526616244552 1.114012643897025 0.742077432053044 1.6723395866277997 1.4513353979705863 1.2756836445617854 0.96799974452602 1.0920118264022785 0.7086216009990383 
1.682811291448988 1.465575911724879 1.2917761043726617 0.9923428914584969 1.1128950916542897 0.7447109475683904 1.6632223602357594 1.4430410700975251 1.2661517605675119 0.9587487633307331 1.0830467496780598 0.6993205076273753 
1.6806519977663104 1.4653288080140547 1.2908425443856002 0.9944203600067177 1.1139910821886727 0.7507153316643335 1.6558954682031986 1.4368671405581974 1.2584407568161045 0.951982413921544 1.0762782145968997 0.6935215737205946 
1.6754931140693148 1.4574689197693687 1.2856752053663048 0.984834610731005 1.1091484896503667 0.7396951053601004 1.6459227012875453 1.4233762733071287 1.2468941803592195 0.9336399594135258 1.0639524121941215 0.6700247847756754 
1.6722331347518624 1.4571015639144858 1.2829133095272027 0.9862291165657402 1.1070161437675785 0.7431460510303746 1.6397124514383734 1.4196613096094577 1.2402257158283891 0.9300221162972633 1.0572502111619748 0.666752817468393 
1.6704351039209784 1.459787002138151 1.2815362691752 0.9914433238523974 1.1058855736519446 0.7507380083700904 1.6366581605306254 1.4210118189626326 1.2371870138469327 0.9334111432972557 1.0541723768110651 0.6722380941537679 
1.6663549842920296 1.463120098035322 1.2783514837770127 0.9990815800898794 1.1033574300628468 0.7624822004970936 1.6299842248423422 1.421559024745329 1.2305657867968254 0.9371625489929108 1.047619806053174 0.6793296295870584 
1.6643858104556168 1.4686127876489432 1.2757095382750732 1.0070145083592392 1.1008667158407508 0.7736607267051883 1.6274942211405852 1.4266677377182118 1.2271887140313833 0.9447939107794885 1.0442532450732438 0.6907302178463022 
1.6640473188130922 1.4747203263836302 1.2743644373761536 1.0147666140788434 1.0982595136164495 0.7822534889976778 1.6247357439070025 1.430214249449725 1.2225863885750734 0.9489278367341956 1.0377315247832843 0.6947181294086402 
1.6585003864968648 1.4766059856340314 1.2696146146017102 1.0206189173292106 1.0949842588869712 0.7929263723765593 1.6146957423955293 1.4272294998738815 1.21183335410041 0.9477772855002645 1.027428506374166 0.6966714006691032 
1.6593583570704944 1.4847766394915063 1.2696635094306248 1.0310853209990385 1.0944581751623448 0.8055620455183387 1.6126379989940987 1.4323731454476833 1.2079638180838406 0.954079712497698 1.0222376708963967 0.7043162413289146 
1.655594921903906 1.4898468463013237 1.2677860937216499 1.042079967869069 1.0944839393220898 0.822523053436194 1.6026493635957928 1.4307809275476102 1.1978196928728464 0.9557306611352384 1.0126132186743366 0.7099539496573001 
1.6577520572742475 1.5004850832304197 1.2709659656328332 1.0576710676751067 1.0985870781130644 0.8427379010089672 1.5987441750940017 1.4350249262633035 1.1929775940045981 0.9625534485923365 1.007340370578386 0.7197556695136204 
1.6533985632185002 1.505534622136934 1.2706962696305517 1.0712500638287028 1.1012420671464562 0.8635055182527788 1.5879279684082022 1.433325825642237 1.1842539565705492 0.9671427626017784 1.0002612231077441 0.7303630631768011 
1.6562635462226414 1.5197085035446765 1.2755572567885771 1.092406204919214 1.1068582638016486 0.8896292583689006 1.5843929709342943 1.4410434023810663 1.1807364088339107 0.980022177476612 0.9961061027551232 0.7473502319167367 
1.6521968825043218 1.520817065447715 1.271957138333285 1.0959037228502329 1.1027015303140737 0.893913123830834 1.5745563679198658 1.4360911404771635 1.169336640560365 0.9749247083529068 0.9825598618694944 0.7406442399404725 
1.6466816176996695 1.5219223757701967 1.2660385975435346 1.098881748993039 1.0960134264095491 0.8977376001204361 1.5618039281772857 1.4296569091463869 1.1534838058984618 0.9670637302008591 0.9638031909420098 0.7304820043437074 
1.6402462305135777 1.5210320367152037 1.2595232688259475 1.0997861722689553 1.0893287624560366 0.8998710533815387 1.548400857179432 1.4215048274677087 1.1373374092651662 0.957427356259471 0.9453965678560505 0.7189613553689794 
1.6368351956348568 1.5219008733386679 1.2537231075755921 1.0994427866282992 1.0810462169902821 0.8975598775953614 1.540817311711223 1.4181222791667156 1.12548219038286 0.950611893187225 0.9292736161481183 0.7074618465111742 
1.6375017856542935 1.5218061507370115 1.253342933925508 1.0978844986705114 1.0798133736998259 0.8946947995942527 1.5382420237469134 1.4144505597655224 1.1205556370038037 0.9434653136289642 0.9223737570101396 0.6966026198780766 
1.6364810161948107 1.5182085700476071 1.2529585431154535 1.0939800073886177 1.0798088836298763 0.8904349335948134 1.5366129806057218 1.4099881552573412 1.1193812784596677 0.9380306990530748 0.9214643568614035 0.6899157243939291 
1.6336442310861323 1.5139956882900956 1.2506611672875274 1.089744385514787 1.0781173020413874 0.8864120866510115 1.531191453137393 1.4028316850431488 1.1135111798994208 0.9291375668656393 0.9154729429977712 0.6793233249057478 
1.628286561605788 1.5057270788247117 1.2489876221588427 1.084374008129114 1.0790510246999443 0.8833164909057228 1.5225229454119895 1.3906735880522072 1.1075780211371116 0.9179466117950432 0.9116524044316452 0.6685858327140952 
1.625981346782613 1.5032399509343144 1.2458945056805573 1.0808182683897418 1.0760275175314988 0.8796307341634897 1.5180933398460714 1.3858291375508742 1.1013832973515623 0.9104725024321163 0.9047802312633714 0.659198207586307 
1.6253494776361175 1.5011546408188599 1.2438018278053784 1.0764512613453523 1.0734552479037027 0.8740769419519084 1.5150621421090291 1.380984295946916 1.0957624545730704 0.901332174091217 0.8977519363677252 0.6462684198164103 
1.6212671963121932 1.4970177861461766 1.2383872393714335 1.0705876352910115 1.0677547787006152 0.8675570284644115 1.5089730417863665 1.3746106979934354 1.0872420492411061 0.8914315474774269 0.88802735680721 0.6333620738866512 
1.619458018459571 1.4938328704219226 1.2295670089722641 1.0586441331972705 1.05538797868509 0.8501389043873947 1.5050198274949735 1.3689328151348408 1.0743721129818102 0.8735947620910967 0.869646016004788 0.604298406710625 
1.6162369230945073 1.493312488588373 1.2251197706240808 1.057676155245073 1.0520161563274588 0.8511747118976222 1.5003606722298477 1.3670561597001054 1.0676042373342287 0.8703672814243423 0.863480369420174 0.6027924563015036 
1.621363763477524 1.5051854066918133 1.2341167036864868 1.0769432173137077 1.065077698160092 0.878153265733266 1.5068054313407553 1.3810232666099438 1.0792062790393688 0.895236755120119 0.8809271578955891 0.6424914882844753 
1.6226406095956676 1.513136219548326 1.2357538777236348 1.0879826824490362 1.0702986614534282 0.8956326790090903 1.5070384792396643 1.3884464875928781 1.0794860241378765 0.9065918305990851 0.8852918471944718 0.6635965082103734 
1.6240963536172972 1.5201052248555034 1.2381426196658447 1.0981930956953792 1.0756259793408676 0.9110445522766711 1.507351749603589 1.394682840588856 1.0804709518691378 0.9167597322270433 0.8896019214418325 0.6814855152041018 
1.6213115557353557 1.5238063429980202 1.238054839480465 1.1073004993049538 1.080288706948749 0.9275550121480667 1.5025898530074664 1.396821705358633 1.0779169221980884 0.9247915988810669 0.8922717052338934 0.6996309070938762 
1.6230050010609949 1.5340155508563138 1.2407029652052097 1.121785329137888 1.0864941703796667 0.9484345307236551 1.5032572466045193 1.4067127731946563 1.0793428388927218 0.9402337159818298 0.8978344492549839 0.7246828099720595 
1.6213284543796178 1.5369499997660951 1.240215089160344 1.1276714114408506 1.0885516330340055 0.9583600589449668 1.5012630624181094 1.4097163286920529 1.0785259815975694 0.9469570411486469 0.9000163795070623 0.7372508583792902 
1.6212228657149517 1.5361045212865563 1.2392894279856503 1.125651725142817 1.088611497420912 0.9572504961173957 1.4994003103631133 1.4069309900336264 1.0750237191415826 0.9417693543097483 0.8971692720534961 0.7322337213738522 
1.6249582893397603 1.5385026605417358 1.2443800858636398 1.1291513594261842 1.094639737125416 0.961632543383386 1.5015444394669109 1.4075285780736388 1.0782523172680871 0.9429363998139004 0.9013225924684235 0.734086786486448 
1.6300208854579135 1.5438857731804514 1.2511785016651302 1.136689419599303 1.1025829669594032 0.9707236437982749 1.5039153198996944 1.4100980402188352 1.0817767077493394 0.9470248354869053 0.9058048362804209 0.7396604592845287 
1.6341285087783028 1.546965816688268 1.2580297568825627 1.1425262027638579 1.1107400394340703 0.977993195273873 1.5073288827598308 1.412362423601676 1.0882569764545504 0.9523814895313748 0.9140064621226701 0.7470843778329193 
1.6387610137054762 1.550098871698512 1.2633497777104328 1.1460024052509663 1.1166327872855066 0.9819051041933735 1.5116005655069729 1.4149929758274422 1.0933669422664105 0.9553638691310239 0.9199279271991909 0.7506905109570787 
1.6445482363035144 1.5535356811895245 1.2715294728511015 1.1513997618242762 1.1260005235917967 0.9883376904322733 1.5162848879841149 1.4170582460608314 1.1006217153631852 0.9593239137689628 0.9286862436415219 0.7559049876333667 
1.6466327792294795 1.55272750037893 1.274659067528647 1.1507905627146062 1.1306693094061588 0.9889268264300448 1.518312646602471 1.4159224815056084 1.103915540987172 0.9582237225371746 0.9339629920039658 0.7562076773168863 
1.6515731602811305 1.5533762177144983 1.2811370667344695 1.151779472712116 1.1374410506751549 0.9894725432072383 1.5239619710350387 1.416948784946372 1.1117906139021863 0.9598761061517262 0.9426231108778312 0.7575104614201708 
1.6566293513336048 1.5543070853920726 1.2897592871927692 1.1553911575306435 1.1482440289851281 0.9949442487395965 1.52814058571193 1.4165674561064858 1.1199427935836723 0.962144255764176 0.9535497848041287 0.7620412719137987 
1.6617289682309808 1.5544277616724425 1.2967497758079622 1.1560547060835833 1.1565915088128567 0.9962963518240947 1.532862972237897 1.4158288717419205 1.1268920573231493 0.96165909305637 0.9623043417017302 0.7621890503398748 
1.666788442626418 1.5554717053270368 1.3032157967401252 1.1574454313154463 1.1638239700543205 0.9978951582571187 1.5378973920496126 1.416487522738199 1.1337178171277895 0.9626134231730824 0.970273625980321 0.76337371114874 
1.6663585716744762 1.5498763610665853 1.305740015697229 1.15339621717474 1.1682162333202701 0.9950351817865537 1.5375640979786829 1.4104854485576943 1.1367978952272035 0.9579537044100827 0.9757467057556484 0.7598996506072363 
1.6666672761547219 1.545769810484407 1.309430742194867 1.1516220587523496 1.1735456735061485 0.9944012999815517 1.5365848975585437 1.404534672055126 1.1392638880456978 0.9537015802676434 0.9800626438167103 0.7564041799230091 
1.6663294405738023 1.5411295161416512 1.3112723545179317 1.1479815193299063 1.1769024814839164 0.991728708832713 1.5357440382182836 1.3989053334386143 1.1407414843526118 0.9485344037635114 0.9833389025778448 0.7519187311957325 
1.666921643210022 1.5394510552148126 1.313329656027762 1.1472212394311745 1.1806458767140975 0.9925756762091241 1.5343510364326671 1.3948171528203974 1.1403684158209573 0.9443102830118921 0.9846471574132534 0.7488736952263714 
1.6654437295537787 1.5346578036520062 1.314344253348414 1.1441033931904931 1.1837646794485803 0.991347857368946 1.5306010990163308 1.3871595013948468 1.138656104497754 0.937021601837439 0.9850562036300264 0.7428374534916775 
1.6584096292276527 1.5260689832753305 1.3074076205663636 1.1348474477721666 1.177042800545078 0.9818318581686989 1.5255757972368993 1.380559870673851 1.1341841566143482 0.9300202925286094 0.9810651197117347 0.7355629221997261 
1.6468293199254136 1.511593645185769 1.2948681189086402 1.1178336122008499 1.16490624591252 0.9643003167924399 1.519091771410141 1.3713162834175054 1.1279523245093297 0.9193176739114722 0.9760120710144932 0.7248917863833194 
1.6443842472758612 1.5077705880832801 1.2935922813193501 1.1147885825971668 1.1636787992779623 0.9609999695572317 1.516349182836526 1.3669994286352134 1.1263641870589638 0.9154610180062286 0.9744042484969984 0.7203028759410863 
1.635387390198726 1.4973542786598635 1.285940678888805 1.1050888423203813 1.1587709968846305 0.9541111795912468 1.5059940180561808 1.3548416520837407 1.1167674314829388 0.9026335999845122 0.9676137088843876 0.7098268869386397 
1.6306883283402136 1.4936523799683112 1.2815972990705777 1.10197306908336 1.1551471463778975 0.9519547981837162 1.5003282936027702 1.3501251781168293 1.1110050411159258 0.8978781706807443 0.9623957056143798 0.7057325996331755 
1.6231286300983667 1.487692584455875 1.2756658347094667 1.0981830438706472 1.1514217706144871 0.9510282697401798 1.4919162734701303 1.3433156155740171 1.1038980655137502 0.892901794737249 0.9576219040127478 0.7040755549264582 
1.6184892680431961 1.4847109836500167 1.2724415529096023 1.097254163706386 1.150197644046883 0.9527926398597967 1.4861107884579132 1.3391730544522618 1.0991475198402625 0.8904967515780167 0.9549724525718007 0.7048628089004272 
1.6131549784819188 1.4813688304406165 1.268546572972786 1.0960816735084116 1.1472283778746935 0.9530569648247686 1.4802298996443086 1.3353895248207543 1.0945419037209128 0.8889356592020595 0.951285720591348 0.7050738609542976 
1.6031567561860567 1.4738595067050997 1.2594548840291977 1.090126995127173 1.140571621997058 0.9502914739725912 1.468347879797223 1.3259697420020562 1.082663620939117 0.8799493034857179 0.9417205191058545 0.6992766238799921 
1.5953671418419648 1.4682394531100846 1.2518309307845847 1.0851780746352184 1.1346924875352793 0.9476591241944542 1.4588066176395693 1.3185778407318243 1.0723810468620751 0.8720847917886195 0.9329777444660725 0.6935259519794482 
1.5878148105248298 1.4620766115775194 1.2449628597359843 1.0800206793029474 1.1295368483241262 0.9446510664377615 1.4489243597655472 1.3099213510444054 1.0621480357850313 0.8629429850934534 0.9241641734681127 0.685996767574017 
1.555811967433404 1.4310425646391514 1.2008597678367778 1.0341161084757358 1.0813184017711897 0.8925141062240977 1.3933770118704412 1.2525300160111932 0.9813321564123942 0.7683389519014378 0.8307816230568655 0.563498047032108 
1.5479893784603305 1.4263205508671606 1.193822844406154 1.0311799948728644 1.0769525764052938 0.8932782600209188 1.3833045894617717 1.2456527546736291 0.9708107205969659 0.7619663071461888 0.822853160184732 0.5614325616011242 
1.5413329149070945 1.423040898841632 1.1882029170878181 1.030128349952568 1.0734022124888696 0.8952823883982082 1.3738250548654296 1.2396505663193964 0.9609965135087641 0.7568702294158491 0.814788583975009 0.5596594337416283 
1.5572586462286861 1.4431093624718816 1.2160342845717798 1.065950056078614 1.1094982069629498 0.9426008763278336 1.4068754114185096 1.2793781943014348 1.016357866725102 0.8309593576427189 0.8861321590225694 0.6653873639121801 
1.5500934323510953 1.4395684611778627 1.2086778337580284 1.0632355389178825 1.104081374998238 0.9426364028712237 1.3966128755736142 1.272829615313063 1.0043106994441513 0.8235336583394756 0.8756332324769316 0.6605310463695102 
1.5463444228870875 1.440589825520783 1.2051362519624078 1.066054106034961 1.1022374414771074 0.9481800190860382 1.3886619561268323 1.269842509760167 0.9947634593178422 0.8207754328645566 0.8672533260783725 0.6604894418489972 
1.5409784017107442 1.4407891683862006 1.201228454266298 1.069676957094524 1.1018660735946997 0.956748575822823 1.3783024894916935 1.2652970978149756 0.9838969038161467 0.8181149739119802 0.8597744833030345 0.6636800097479206 
1.5393345517102512 1.4451548712470232 1.2000936415501082 1.0766366556498992 1.10233649802998 0.9664716729884016 1.3716665256865461 1.2650655309069962 0.9757781223664527 0.8191853782197287 0.8526804503968647 0.6678216006457114 
1.5342039671585392 1.4453047407536586 1.193873068648841 1.0772450440104147 1.097911688272331 0.9698113507507531 1.3617482957011549 1.260746763487815 0.9622419197088641 0.8130396625288339 0.8402301370725761 0.66416162494155 
1.5322000002343037 1.4473526544412043 1.191059766727934 1.0797297039157534 1.0958995460889653 0.9737498039630098 1.3564128455297082 1.2597812004939588 0.9543806026517933 0.8111936885343722 0.8325952089208777 0.6636321628115984 
1.531083793165482 1.4482172226893313 1.188764550150281 1.079942914275565 1.0944364804290838 0.97514447754884 1.3542196659678223 1.2597723786835462 0.9501865488913217 0.8099197615159172 0.8291468697969017 0.6637771268234542 
1.528251470438357 1.447713962389325 1.1836652216302548 1.077676443510296 1.0892998471022568 0.9730864899365318 1.3517150534402582 1.2599431517719362 0.9447985953085452 0.8080640727671291 0.8235017824491943 0.6621769746049768 
1.5338294461973274 1.4480980705815474 1.1899692841506457 1.0772103551405363 1.0964961944402727 0.9729641084963002 1.3606191715619769 1.2631863607647134 0.9563883401746387 0.8118090349472592 0.8372309504682686 0.6673162042255532 
1.5374548428116517 1.4462029043965443 1.1929468568570019 1.0727803364552315 1.0992035902802537 0.967462650382432 1.3722830632508003 1.269210877941487 0.9708324341950058 0.8186886235223989 0.8530193109683977 0.6748165616558325 
1.5381240759503114 1.4409886013490876 1.190783427755862 1.0623500590756327 1.095545503672942 0.9543806509029822 1.3839772552386833 1.2751531355950938 0.9836323204419425 0.8235016806406651 0.865902604579753 0.678535037281053 
1.538217189970584 1.4353897194563574 1.1884708824035193 1.0519955140213288 1.0917107094468754 0.9413096176715715 1.3969756173681058 1.2828766108714431 0.9989453390055935 0.8319394890982156 0.8816240837913857 0.6866531499388903 
1.5372863377370527 1.4292144917376817 1.18453360112451 1.0404444393589694 1.0851094047113405 0.9256712156014143 1.4093620697297766 1.2906224168179476 1.0130014864712686 0.8399861848822276 0.8947148034949459 0.6927621228047907 
1.5313245185769737 1.4142638355678194 1.1713220808961984 1.013500287417325 1.0673973829811463 0.8913610876603263 1.4141950374665442 1.2865205087347036 1.0134042826014702 0.8259392564801604 0.8912519262223224 0.6704605964521703 
1.5210487601888376 1.3960367102880926 1.1546918846480216 0.9841963798307733 1.0456282733706086 0.8536203205594393 1.4096875760508072 1.2737928511622287 1.0034655348700323 0.8014188950056019 0.8757672163720219 0.6342691722541778 
1.515199783984277 1.3844450174658436 1.1417058919818186 0.9614312064760535 1.0246931161015964 0.8190565323504841 1.4092484555911353 1.2676114667302438 0.9968165167100713 0.7839010071341916 0.8603178519512424 0.6008364397953905 
1.5145482726073805 1.3795439152335818 1.1310117752074909 0.9425882344152191 1.0024070636512892 0.7836484321798901 1.4161189765192754 1.2706997677099023 0.9953512552149618 0.7746025208182582 0.8463784064223284 0.5706499372277194 
1.5239002839739877 1.3878596323461534 1.136188993916065 0.9459427643869368 0.9992099200348243 0.7760816631618093 1.4232649393194508 1.276544308316793 0.997164200067371 0.7734460068395206 0.8377538279805112 0.552913881084568 
1.5336999918745517 1.397704947646677 1.1400966967218176 0.9492965466470423 0.9938341967732848 0.7674958412108825 1.432302782890545 1.2856261966357094 0.9995379305839275 0.7748674275487389 0.8288317123976375 0.5369408375938639 
1.5345864148610207 1.3990129181233462 1.1389398224120535 0.9484016024216746 0.9883299314884681 0.7609715723179152 1.4329081940850226 1.2866652917818218 0.9977245847807902 0.7731339000949319 0.8216242945994234 0.5266385495536765 
1.5412140963399603 1.4080720488515495 1.1377368648140922 0.9496163317661507 0.9759052906696427 0.7481424599346037 1.4424030987061143 1.2991738540922844 0.9998154739535692 0.7790744418584145 0.8109111817930494 0.5146872339168711 
1.5431705351810603 1.4125133353887318 1.1330904363955245 0.9474769438097161 0.9619013740768853 0.7342158234817606 1.447218346985347 1.3070040420178508 0.9984786328464922 0.7815230017414715 0.7989492453535456 0.5021339648450401 
1.5479927091058923 1.4218938312845302 1.1327547138922 0.9532228920063764 0.9525590460674864 0.7299790245239927 1.4511795593395738 1.315835382350315 0.9963804132182648 0.7863043735380085 0.7854994731029422 0.49245310664569875 
1.5556241205721901 1.4354537267031633 1.1353443557379408 0.964140966407921 0.9455021563730037 0.7311192274219027 1.4568950845912 1.3278193719425846 0.9957829528094966 0.7950752707171819 0.7723672770813119 0.4869416881989054 
1.5590517579263876 1.4450731789543945 1.1340522156820467 0.9714260324560793 0.9359372157860588 0.7304605263348319 1.4598563441288872 1.337450804378748 0.9932837406770333 0.8026248800861832 0.7592869243529483 0.48384991695086604 
1.567302190914493 1.4616141926327104 1.137369524317128 0.9866556265006398 0.9309725194898989 0.7393170649358568 1.4646148210110979 1.3509168976607593 0.99109527853046 0.8137258393251194 0.7452316742633596 0.4850259155811883 
1.5722983918202995 1.4738714549107397 1.1385984688733337 0.9982891895641763 0.925536511284509 0.7461854102035901 1.466575829543328 1.3605217736150717 0.9874861539286006 0.8217686638468883 0.7316695050367344 0.4852989772096167 
1.5792428024374783 1.4854105623532439 1.142826095716483 1.0092017611709663 0.9233456238324736 0.7516673803954645 1.4731091724480505 1.3720376611633445 0.9910067053005143 0.833385264838886 0.7270556690863362 0.49096502487507204 
1.5844524440345094 1.4937508898497533 1.1457787508096535 1.0166666707072334 0.9201599992430283 0.7533237004946346 1.478937903215321 1.381325267663967 0.9947747081459851 0.8428397792504397 0.7235068751345284 0.4942310915826017 
1.5873227410152637 1.4998541028194077 1.1455889712039875 1.0209519756306906 0.9139310574349742 0.7518236650599728 1.483819192268455 1.3898518773395279 0.9972462093907453 0.8511573578041902 0.7193023626710884 0.49735775307539953 
1.579699406990007 1.4948825940335848 1.1312011932651858 1.0093759919596763 0.8910091710215895 0.7301514201483006 1.4786231610334595 1.3876419588080278 0.9851357142772665 0.8424465140556878 0.6962568338943469 0.47328356430852336 
1.5724628187406213 1.4912417993879128 1.117904065795317 1.0004360490514626 0.8691637384990818 0.7117642813753021 1.4751981024532603 1.3882983214719018 0.9763603973337408 0.8393106775215601 0.6775069958913339 0.4584523065725594 
1.5706239548900334 1.4915907913950157 1.1119389420622026 0.9971919033839024 0.8554112075922375 0.6997941235637879 1.4773132488387186 1.3929960217080342 0.9757064304361277 0.8426069781899567 0.6688222197224089 0.4531077607969324 
1.5651817864013273 1.4899116493210094 1.103885874754474 0.9942870424492365 0.8418876079872243 0.6919663595742571 1.4733952405795432 1.393174875334195 0.9693624373589323 0.8424406407946199 0.6556479657273788 0.4471207367842046 
1.5558475094999284 1.4885986680422396 1.0899551700951422 0.9915981012976629 0.8217925972026824 0.6860084507476056 1.465808352356177 1.3942233133602127 0.9570448922788993 0.8433264181306845 0.6350399403479517 0.44557855369971533 
1.5509987131845886 1.486873872250182 1.082054249980217 0.9879465084609845 0.80910228741504 0.6781175526265708 1.4633820717776511 1.3952361777420517 0.9522244901283784 0.843758486345619 0.6249292689578957 0.44241778318717023 
1.5514497445916127 1.4890667262394188 1.0808838218760515 0.9892589355640817 0.805098803125045 0.6771318099110247 1.4639527238587249 1.3976698404463697 0.9510368573790292 0.8454552083306247 0.6199559262507135 0.44121282358220293 
1.5489387040485012 1.4876402588729072 1.0784104673543604 0.9883478977664949 0.8006114433977634 0.6744190939018927 1.461941844445069 1.3968308370949756 0.9492270454108701 0.8455142900385835 0.6156634883923604 0.439208335371097 
1.5491314596993926 1.4895158202820038 1.0786296889249665 0.9911060010263131 0.8008291030116039 0.678362994030755 1.4613503902043379 1.397996445771723 0.9482503305300611 0.8473652039058307 0.6140553197802052 0.4426206447855433 
1.5498345249995078 1.4891931540805747 1.0789365470130532 0.9898551751445511 0.800295326789086 0.6754123224819414 1.4604095822270033 1.3958887287819364 0.9459985018278042 0.8429841995793576 0.6093288956388413 0.4324244423485449 
1.5493462838356633 1.4886351068597636 1.07737213999406 0.9880745428232527 0.7979185602775386 0.6724839053653106 1.458721370884577 1.3940690843768753 0.9424037662676121 0.8388596025649228 0.6033806091310692 0.4238263012312709 
1.5481161455164403 1.4885183439409406 1.0776068745181056 0.9900807220871843 0.7991417596451084 0.676498937359609 1.4559621101006304 1.3924255550257185 0.9404247136526561 0.8387025111973138 0.601489499533184 0.42522097583336615 
1.5512323550380132 1.4926699214685006 1.0794416238578073 0.9934464728694646 0.8025376124000544 0.6825014977688912 1.457085027209044 1.3945746490083564 0.9391321400723011 0.8388747532598535 0.6007009043748646 0.4272976148503289 
1.5513657192091264 1.4940766240046894 1.0842797854508082 1.0005958308913996 0.8090395488091112 0.6928739821910259 1.455820122273782 1.3946116276860918 0.9425175260000476 0.8449074804244843 0.6059881395021277 0.43903415456801326 
1.55527189090994 1.4998283778001336 1.0890221604056456 1.008257791467331 0.8168961972335164 0.705644319225047 1.4580826480671731 1.3987921635448848 0.945041596859408 0.8507162441111489 0.6119262627102877 0.45284463030335254 
1.5641849755672281 1.5106840688212244 1.098085533002894 1.020433023667036 0.8275923137573534 0.721388075719477 1.4658173424032919 1.4085851764413289 0.9527526863201435 0.8621075334842225 0.6219765922365968 0.47153642413948255 
1.5631567153844685 1.5108266256760106 1.100215914832884 1.0245063373408483 0.8317107199330547 0.7286157407382577 1.461161115404992 1.4050373593508325 0.9497409897290735 0.8608984397543998 0.6190925697919174 0.47160766106114105 
1.5660155321368816 1.5165168380383913 1.10589478436873 1.034611979079094 0.8353735818745767 0.7384224363153926 1.4611695634983504 1.4079897607773857 0.9516381247585448 0.8677751976485383 0.6168151000858847 0.47736730182738735 
1.5731855496693485 1.5256563075307787 1.1153134766909483 1.047205111861306 0.8401401364584662 0.7473619229720297 1.4666713978831285 1.4155703389052945 0.9592373882248597 0.879119310439971 0.6181000441420872 0.4845225067924606 
1.5714102766096 1.5272735410902198 1.1148337554246641 1.0517074280018468 0.8379934767253621 0.7519755839881106 1.4631433975637043 1.4156351273242198 0.9561969706259583 0.8817861750528071 0.6113030438614386 0.4867500624697032 
1.5662216000625868 1.5254317469630063 1.107293773531943 1.0488047554443152 0.8284985101390406 0.74853302895905 1.4590837585630956 1.4152092879297429 0.9497235465663731 0.8808329745431933 0.6019012338437346 0.48598046199678646 
1.5639886804356002 1.5264671753531713 1.1003865370544526 1.0463708596050876 0.817643191942971 0.7433584829883156 1.459429811512253 1.4191465109814032 0.9458992087588877 0.8824776246629089 0.593645661595105 0.4862680499793195 
1.558249140618858 1.5231627525577855 1.0953693980751014 1.044853341277813 0.8133912786841337 0.743968923261859 1.4545008468335143 1.4168475923610875 0.9419482190860654 0.8826952101260152 0.5907941277969934 0.4908381484556902 
1.557503245118292 1.521408868862677 1.0921621792362204 1.0400417364000398 0.8096592943664701 0.7378460277415677 1.459481838788688 1.4208996535484164 0.9471478791371546 0.8865425498271416 0.5998491911755904 0.4986859130294438 
1.5572242758010164 1.5186111211050708 1.0918820516630907 1.0360688716219593 0.8103145712277425 0.7333771174123176 1.4630409110971574 1.421872356980049 0.9527579320813866 0.8882454442010947 0.610041774589249 0.5033718891078445 
1.5575529254339449 1.5171204314515838 1.0887758316236817 1.0301048973419358 0.8056932589564343 0.7244480074704049 1.4669211419595258 1.4239174571329054 0.9546304692014811 0.8871316817292909 0.6123954186045483 0.5007109313045202 
1.5450704575071519 1.50310195116012 1.0756646770538483 1.0144590944840306 0.7944264574278476 0.709356153974405 1.458142249117472 1.4135952658315463 0.946567798660698 0.8763922377459533 0.6083169373454597 0.49205919682631666 
1.5403986553135556 1.497720175938019 1.0691065778919377 1.0066412384816201 0.7884642112942161 0.7014367545344413 1.454663923692277 1.4093916556485675 0.9413862058113079 0.8697963535286924 0.604065332635312 0.48500787025759706 
1.5377642120903974 1.4952743385031393 1.065716651641514 1.0034333844286825 0.7880588246990197 0.7015435029889452 1.4509597933733382 1.4058488174003634 0.9361183320424827 0.8645484989206794 0.6013337352801686 0.48241977217564375 
1.5325946579168448 1.490591173486295 1.0603692846717367 0.9986984934780118 0.7855205498745721 0.7000415668196069 1.4455114269611464 1.4008993348828638 0.9300752226972022 0.8591016126601383 0.5980797892215135 0.4803281121017695 
1.5285054245468153 1.4880232872603303 1.0546654664247994 0.9950898032986972 0.7808651479410769 0.6983085634796697 1.44251411073481 1.399546866035232 0.9256551047064127 0.8571591704164635 0.5952045917741562 0.4818225572023792 
1.52044264986689 1.4824888737303392 1.0460420777073214 0.9900663803676246 0.7743029672771827 0.6968303196146461 1.436201625306924 1.3959593538976163 0.9193113103482683 0.855079349846697 0.5920087348462436 0.4863144572539973 
1.5131449776399486 1.4762975113292713 1.0366213342185275 0.9820541783206261 0.7650695247864733 0.6893315576389928 1.429574724649607 1.3905144774352405 0.9103076186416327 0.8476476739524507 0.5825869443756871 0.4788049356021719 
1.4970433589893115 1.465783481791905 1.0163454874667375 0.969711579127526 0.7419898928516481 0.6767062862823132 1.4140875715789316 1.3809511421096694 0.8896420579615152 0.8359697291732519 0.5559261124412129 0.46522708357747194 
1.484359876975075 1.4581672783989703 0.9995472236835337 0.9602198809613661 0.7225531540125336 0.6670911690267382 1.4012893558696076 1.3735135333492203 0.8714254224392699 0.826020480553273 0.5313856178647104 0.45309849072079245 
1.4702026922052107 1.449629119922558 0.9800551475133682 0.9489134424843237 0.6976662727747773 0.6531974106864249 1.3889220566206908 1.3671258568717986 0.8532974952309716 0.8173403480359024 0.5043280196136737 0.44076680969357257 
1.4564594623941718 1.4418928404279978 0.9593527201178512 0.9370904114745386 0.6694079754510847 0.6370932704694973 1.378015107768242 1.362610155149858 0.8354693969485179 0.8098085643641466 0.4751405152557716 0.42841487709639603 
1.4462373303339013 1.4358626580322125 0.9460901756446528 0.9301536311445169 0.6514156470728425 0.628045780442262 1.3686266186770335 1.3576590066844214 0.8225709854786576 0.8041903899148074 0.45373863726966207 0.41949720860969975 
1.4375485234006888 1.433464142359864 0.9275954173730594 0.9212529232689035 0.6200290634571094 0.610499573981424 1.3633316936943483 1.359024281362 0.807812359543663 0.8005213916763875 0.42019470419259225 0.40600157602095593 
1.4318646894502287 1.431433971685177 0.9155400487659728 0.9148662783677185 0.5993404649232353 0.5983107213600638 1.3598158676873866 1.3593623212427215 0.7981705870391367 0.7973976501184337 0.3975823160232356 0.396028312642417 
1.4213061760168957 1.4239268668171727 0.9016741085246766 0.9057994667937104 0.5771820769772481 0.583605711113051 1.352162706031996 1.3549171412465673 0.7881934632967785 0.7929094599282885 0.37599453132162713 0.3857827933484982 
1.4192661871706098 1.4205748842372936 0.8971371906491225 0.8992061112591484 0.5667144674752886 0.5699840167283641 1.353082869703774 1.354455515683627 0.7882714513959008 0.790625304911119 0.3710552922217928 0.3760299476980524 
1.4177769263252031 1.4193423386625723 0.8920531999943389 0.8945390841769519 0.5529492656836973 0.5569507625635681 1.3543800357950275 1.35601863661977 0.7874089027691646 0.7902240452303004 0.36056450041586174 0.36667154301928034 
1.4127482105422362 1.4158492280360542 0.8842773365807189 0.8892232217673413 0.5380297664537623 0.5461204626547974 1.3514379107418477 1.3546792818709121 0.7826067519452474 0.7881908768377683 0.34641441914315574 0.3588516126901061 
1.4089256773540646 1.4134120916447581 0.8776721161730102 0.884856214312591 0.523551184420024 0.5355072541129672 1.3501869231434624 1.3548678547842257 0.7798983950666971 0.7879744178129199 0.33472228164197565 0.3531305457300601 
1.4108160917562043 1.417539555609737 0.873496269000761 0.8843144683415792 0.508401710420264 0.5267719109047577 1.3546400406374568 1.3616409169301025 0.779514802231651 0.7916183890349251 0.32112286448998 0.34947995802084275 
1.3986335104943108 1.4077929064310701 0.8636213155530842 0.8783774515535107 0.49832304449788395 0.5234797296912651 1.3425156508129206 1.3520552663991363 0.7694246894125766 0.7859513492561992 0.30740597371820866 0.34670391315593774 
1.3976774561004588 1.4075128723714927 0.8608951123635503 0.8767728377929198 0.4929807680746278 0.52021173794086 1.342033284062452 1.3522734746091303 0.7672623141608415 0.7850360968334192 0.30096694491496895 0.3437605511565425 
1.3940346157412806 1.4054173916971926 0.8576584335765258 0.8760385400682666 0.48762562226050027 0.5192728401186991 1.3386491037329162 1.3504987811638112 0.7643473698031151 0.7849155602515088 0.2939858168771753 0.3439377785660366 
1.3910024163420278 1.4045218821611005 0.8536110537413162 0.8754689179344748 0.4805642723604826 0.5183975453928771 1.336196039834485 1.350264363770799 0.7610413692233557 0.7854794464970807 0.28543677841049153 0.34535221103875974 
1.3922312616176595 1.4076123885947793 0.8513370149508949 0.8762644941600111 0.47486109571694757 0.5182256370785799 1.337933719444091 1.3539318255826251 0.7592980079161936 0.7871456126572136 0.27794210193042 0.34686677950691674 
1.3855953526215075 1.4036068798372 0.8461525600069529 0.875335333872865 0.46968064512636676 0.5204206955207681 1.3314364453800713 1.3501706558825517 0.7542033423993294 0.786803961356525 0.2710137178932463 0.35169052760391495 
1.38299456356314 1.4037722780868698 0.8426988821905486 0.876381225224046 0.46490313963792507 0.5234859836950747 1.3292929945821577 1.3508969284609393 0.7513237043014149 0.7889169503345711 0.265482262769474 0.35830640201537006 
1.380636784038673 1.4044066889618014 0.8393316978648252 0.877882633158129 0.45969941118153507 0.526805245988164 1.3276513306062891 1.3523528660156157 0.7489845293867226 0.7919457328760918 0.26042978873517925 0.36609273882535565 
1.3778823410456422 1.4045872650730604 0.8350517113121917 0.8784173267903018 0.4538923389587227 0.5294562255800002 1.3258076048075074 1.3535403371918473 0.7460009515847952 0.7942437026539271 0.2553905138516699 0.37353708518086914 
1.3762500086817984 1.4060659675266485 0.832520166720693 0.880935438404342 0.45111139377835496 0.5352185611847277 1.3246499026220664 1.3556012625977634 0.7441257327338239 0.7979226308086833 0.2532484308276165 0.3835259917615103 
1.376175975712823 1.409165574675006 0.8307731084532888 0.8843479283908228 0.4480615128853848 0.5409680397668053 1.3253824796748823 1.3596050963971635 0.743614388664676 0.8030253170038537 0.2520665004103876 0.39423954817996115 
1.3738772874901894 1.4102103535435415 0.8283049560888791 0.8872674571071566 0.4459718819403305 0.5477639634380853 1.3236942501353552 1.3613672935697407 0.7421029356102831 0.8073854142857673 0.25202893929348674 0.40579924396356387 
1.3749374757626907 1.4146142711766625 0.827841168737506 0.89218914733182 0.44581348011997124 0.5562644452206882 1.3253870452425132 1.36650330905442 0.7426430893078315 0.8137562485515425 0.2548478300803835 0.41907981394560156 
1.3756984419799456 1.4185569509420657 0.8297471668321923 0.8990205674321639 0.44892916865141436 0.5668289144583664 1.3264829433905474 1.3708809645283029 0.7453127911863917 0.8217352228705119 0.2618171008663301 0.4339421782980424 
1.3779406708631543 1.4244798830656753 0.832309126237842 0.9072821647419286 0.4531194001792463 0.5794304407422861 1.3289988864174416 1.3771929730211376 0.7485025245774393 0.8310706793882214 0.2698791183081789 0.4508405298315581 
1.3775520182972583 1.4284066123323744 0.8342100698953772 0.9157523288285158 0.45809365670662816 0.5937555771147333 1.328819213382637 1.381468924331941 0.7510109050172641 0.8406623974550366 0.279214500079867 0.4697410181098197 
1.380148724779616 1.4354499380301633 0.8388035546603269 0.9269829693100083 0.46696764782027456 0.6113630723152977 1.3311265744138685 1.3883817843773376 0.7554328943796398 0.8522821598454352 0.2917982842835099 0.49076701273700135 
1.3841074470232433 1.4441258363263223 0.8462837661831877 0.9412450367174322 0.4775195502858496 0.6306908332496993 1.3343566675612635 1.3965148486518861 0.7622010917502023 0.8664274409927241 0.30459680278230117 0.5123721484479812 
1.3879612791696208 1.4530960530516108 0.851974154815843 0.9544168834393962 0.48795635919021485 0.6505021409604813 1.3376584313770725 1.4051269358866374 0.7673027609973588 0.8796619543632486 0.3177970658048466 0.5348332468668809 
1.392082014151943 1.4604463631250995 0.8592958427255015 0.9661265914802935 0.49740570616482677 0.6651493681612648 1.3414477858363814 1.412265346018704 0.7745832255641287 0.8916223521005571 0.3301549098912963 0.5513742013962295 
1.3991740710234806 1.472956185391955 0.8701549752914246 0.9844193842486137 0.5149537464903231 0.6907164426046479 1.3472401526841529 1.4237162189370534 0.7839245046587203 0.9090926641791913 0.35006472116512966 0.5783227058177985 
1.4087162720371311 1.4893210323681703 0.885618063220366 1.0089177153039746 0.5370328599836255 0.7224956021002427 1.3558946797971414 1.4394603103434955 0.7989294095864743 0.9337471841211583 0.3773236545754751 0.6131629005853113 
1.421296830211421 1.5076726924531838 0.900794618305989 1.0317088796598741 0.5540977613824409 0.7483425667226424 1.3682489824915027 1.4577714313598797 0.8145253482176182 0.9573107180477153 0.3988043727055063 0.6419012351515087 
1.4323216449121436 1.5238555761238757 0.9155286831573487 1.0529877929415083 0.5724193610316032 0.7734690991137454 1.3789097566134736 1.4737647842460577 0.8294815200375648 0.9790965807742508 0.42132024314507954 0.6694036672171948 
1.4412195543906934 1.5379065748126928 0.928151142841568 1.0721508162810438 0.588044559500476 0.7961402092923763 1.3880009088751017 1.488149640302382 0.8431472368679795 0.9994699054659468 0.4418473979080435 0.6951776405582308 
1.4510774598367913 1.5520117404595861 0.9421030058578489 1.0911795093954038 0.6078416511283132 0.820113480516199 1.3962156100496779 1.5008439885026006 0.855190217990357 1.0170865041993205 0.4618048377251955 0.7185947092933499 
1.4573534833847896 1.5619881753885914 0.9516606367470393 1.1052537500745157 0.621287984379048 0.8378106254123184 1.402087840377264 1.5105555920434641 0.8646554829143108 1.031288993761584 0.4774619316068874 0.7374942580480068 
1.463080677115604 1.5707832729161124 0.9601631089294431 1.1174382392208768 0.632744532768995 0.8527137072154134 1.4073055156393917 1.5189680171330318 0.8728212545241172 1.0433465220496274 0.4901728168197964 0.7530102343747087 
1.4683944477838586 1.5786439890147692 0.9680255987743623 1.1282766281601613 0.6442896751325933 0.866627818185213 1.4117476697209252 1.526095040530721 0.8797288153530397 1.0534976878628934 0.5019545937258295 0.7667418104762923 
1.4715906240881327 1.5841128620284917 0.9725795540232686 1.1356696630816991 0.6517706750875648 0.8767209405757912 1.4141557216530645 1.5309052876726565 0.8832714356776743 1.060190088533231 0.5089817806995649 0.7764644536771146 
1.4728953654282775 1.5870159688043783 0.9745259224361863 1.139692810032642 0.6546317968905117 0.8818966590480429 1.4155850169877113 1.5339751849557735 0.8855286309996419 1.064593764804256 0.5128381541189189 0.7824333198810618 
1.4746934717849707 1.590406271531023 0.977665954672254 1.1447715893247918 0.657775556041124 0.8873217876989216 1.41736166021422 1.537395638293933 0.8888329196453122 1.0699043096675562 0.5165868003009852 0.7883737660812986 
1.4762880418510271 1.5931894202800683 0.9788193991295533 1.1475685437011334 0.6576294775269278 0.8895519524414186 1.4195004904234236 1.540716647762443 0.8908662502936903 1.0735310066748607 0.5177178667115324 0.7917436048951326 
1.4735069626478252 1.5910669556092287 0.9760843812763422 1.145867360400679 0.6535737064567545 0.8873724573321058 1.4181081917793223 1.5399032865253648 0.8902520957524446 1.073694594496787 0.5166881693939004 0.7919835557962172 
1.4709419370283179 1.5892985020595154 0.9719267040824736 1.1431714939800677 0.6458334569442961 0.8827799276425693 1.4170643959639309 1.5395684618907404 0.8882808330188264 1.0729596380333326 0.5113728329786595 0.7897478843584324 
1.4673277414271326 1.5861224974577626 0.9670600254180969 1.1392712446742654 0.6394118271987546 0.8783970406038774 1.4142606059569254 1.5371619751157164 0.8844701541384254 1.070056694638957 0.5058950934350421 0.7865517921546233 
1.4623121746381824 1.5806921633623197 0.9612610592836112 1.1332491532381792 0.6333851530427991 0.8725867127770455 1.4095990380441703 1.532057527403932 0.8789968009356179 1.0643618723324555 0.4997892596435522 0.7810378500911784 
1.4581304763960081 1.5763834045671916 0.9550937515212053 1.1274059722189032 0.6254307173419371 0.8660275597201571 1.40567495117287 1.5279928731361445 0.8729156066624367 1.0586887211805225 0.4908575805209185 0.7744554966909655 
1.4537064070419514 1.5721666487477783 0.9505651570906752 1.123396533479973 0.6185098203543901 0.8608135985419956 1.4001248132844513 1.5227590572164789 0.8664071172230869 1.0531414654901876 0.47920932041730985 0.7668684543875958 
1.4474892014312404 1.5661350780632077 0.9406310361985989 1.1146034455087825 0.6060102509529439 0.8513533454095602 1.3933432665140526 1.51623202473106 0.8549662077182056 1.043322246872964 0.4619836515939173 0.7556341633489383 
1.4464244622970985 1.5653447884001308 0.9411983163666678 1.1153541375596585 0.6068222938648926 0.8522874384686483 1.3903482444810187 1.5136805549294245 0.8525132178045394 1.0416042280883127 0.4573377440485861 0.7532054126010048 
1.44757653050217 1.5669051559429816 0.9432189124803956 1.1177548357849765 0.6114928798119403 0.8565264141406848 1.389724530567371 1.5136208993406175 0.851773664808146 1.0417448498172188 0.4580174682920947 0.7546482341599295 
1.451574512684795 1.57142207436325 0.9489911537396437 1.1237806635621117 0.6198204368009335 0.8639885090648487 1.3917683150352649 1.51635016162366 0.8547132190016135 1.0453867497993745 0.46273950634898253 0.7592276474523963 
1.456538369261064 1.576115803997181 0.9542883234796913 1.128407378037595 0.6278070304876172 0.8699302696249166 1.3940490670308847 1.5185551711313225 0.8558825763442551 1.0465046540602099 0.4647692413334599 0.7606888024479392 
1.4652286831968382 1.5852764389414047 0.9635742369235181 1.1378407638429642 0.6392319814142124 0.8802407738015435 1.400941274059245 1.5260546343964034 0.8626799344848239 1.0537660856009459 0.47366537277147464 0.7684823870218107 
1.4670535584497317 1.586642485609162 0.9697753930472871 1.14265154213348 0.6525540610248473 0.889390260987841 1.400758725691195 1.5255534213458473 0.8662235145734731 1.0561872045144365 0.4854952798946866 0.77517346483224 
1.4750850137721012 1.593565496744655 0.9812220626621887 1.1516822178079507 0.6716541927621982 0.9026043148661764 1.4068052025262914 1.530580305771324 0.8752267227724713 1.0628250142027331 0.5043257227774923 0.7860786406047678 
1.4811240609932343 1.598149100857955 0.9894039878902299 1.1572693358821404 0.6864476225125191 0.9119004347915894 1.4100277932555407 1.5324915798375827 0.879414660415148 1.0647639219437754 0.5154223822779624 0.7912093886406366 
1.4854156051407297 1.6021493573308327 0.9953265745450586 1.1623674260730126 0.6983612675367957 0.9209405535622808 1.4121682981838957 1.5344843907956836 0.8822895059987963 1.0671728143068488 0.524850685810355 0.7974279187460144 
1.4897422955392718 1.6047759791505543 0.9995192954208637 1.164050109771319 0.7051994446386214 0.9237316130016446 1.4142509216537988 1.5349526069356734 0.8830698637132964 1.0657327152427198 0.5273327403059855 0.7962748615513491 
1.4892494826763345 1.6026412850702836 0.9993949874057455 1.1616304953864331 0.7089425506003502 0.9236853398272217 1.4113608665297936 1.5305340775467007 0.8791278716840515 1.059934376143981 0.5259990627099349 0.7920038389627476 
1.4922356453154442 1.603498454165142 1.0022014922908467 1.1613991142195692 0.7136290641152446 0.9239623977792601 1.4126342140802057 1.5296978440692137 0.8793042890774502 1.0571736395455573 0.5272899039333107 0.7889706674839059 
1.4942091369144983 1.6018105010826875 1.003108112039161 1.1573080060981042 0.7161069361755755 0.9197527279539701 1.4136688549298844 1.5269563084577011 0.8786492878269293 1.0512661449598621 0.5278331465517961 0.782140503451119 
1.4977438483531154 1.6023201804507112 1.00724337599192 1.1570361031011955 0.7223357402756698 0.9197620600348766 1.4174348769518832 1.5275192161801434 0.8834162176457935 1.0510078681911 0.5363337736891086 0.7822066492939063 
1.5062496106379744 1.6059114825752538 1.014834004134198 1.1576060885582151 0.7308984487239318 0.9188995280589984 1.4264571042856666 1.531320890828258 0.8921210886236519 1.0516861875517098 0.5479092289486005 0.7812607269580687 
1.5131483972758193 1.6118120806838434 1.0255730077270853 1.1662418726140733 0.7454823379385859 0.9295504437298603 1.4346469204366559 1.5383536321595177 0.9057558767782742 1.0624094406481808 0.5695064796105308 0.7953978511275851 
1.5199860557565947 1.6175525316954902 1.0363860939314509 1.174825399280459 0.7613124599627211 0.9411244576539757 1.44277587460232 1.545225163992125 0.9194241406089412 1.0730607314753857 0.5923185598430037 0.8105306036384375 
1.526069321565308 1.6214484224491383 1.0452246439033093 1.1801279458867162 0.7732163592570969 0.9476660544003884 1.4500002230561206 1.5500671144511131 0.930649036351943 1.0799606665535555 0.6094888111055032 0.8195633125651733 
1.5391027902838716 1.634208627372772 1.060982111564375 1.1947734010177828 0.7919701781377881 0.96385538426654 1.4648654220301602 1.564490697760648 0.9500928094978932 1.097486576400641 0.635775171471488 0.8402443141013213 
1.5454303324484897 1.6383953587983122 1.0718481377750535 1.202016168664902 0.8069225170063418 0.9731949381967879 1.472797688561416 1.5700692566609442 0.9641766173434461 1.1070776796195694 0.6571925649547855 0.8531626496230656 
1.5506032679149169 1.6393655610108502 1.0815616158446173 1.2053731692004845 0.82098857681969 0.978351261780972 1.4798325864125372 1.5725944906327312 0.977399364747297 1.1128604882771336 0.6779057697117056 0.8618034467141681 
1.5589613793279486 1.6482069822555965 1.0920011347228995 1.2160148651871407 0.8327148697099747 0.9897675122755344 1.4896636026553447 1.5828213175201111 0.9905571892001491 1.125801589622301 0.6943710255159701 0.8765710440096114 
1.566812047898254 1.6570959825909664 1.104417249701905 1.2291479014012594 0.8479663492374683 1.005044293312051 1.4994335192462251 1.5935394506315557 1.0065477368903673 1.1420181472809965 0.71585460439891 0.8963899356413592 
1.578650587283966 1.6686224426310494 1.1210259174220774 1.2445329593273173 0.8684922903123609 1.022957495525601 1.512182378297013 1.6058825375948298 1.0253082346455675 1.1590600309526724 0.7408351549649963 0.9170604702810005 
1.594585427958129 1.6876889469793923 1.1437041263615386 1.270295407909676 0.897207696275734 1.053837247850165 1.5261775309106111 1.6232095214593862 1.0462190485058136 1.1832859300086391 0.7690883038093934 0.9471473558831329 
1.6063141131167495 1.7045166646524903 1.1606190494723279 1.2931235857713097 0.9186639244021994 1.0812379183500964 1.5363274825954425 1.6387294358307138 1.061646684061157 1.2050832800508229 0.7899370289953813 0.9742343351874075 
1.6156027868841307 1.7188400026726658 1.1742157191026572 1.3126390001777983 0.9367539831715528 1.105326474299684 1.5442676889282407 1.6519689115923974 1.0739519938376063 1.2237693716006175 0.8075260708285336 0.9981667921082978 
1.6214251815807013 1.728768934781051 1.1841794996806905 1.3273671300224403 0.9508987724589879 1.1242023331518263 1.550011006691246 1.6619736854908413 1.0843410851129869 1.2391198486280535 0.8232393193136549 1.018501540138261 
1.626888464840602 1.738874374729644 1.1917387379083597 1.3405816772921408 0.9604073520290284 1.1398685432502338 1.555605078235286 1.672371123133681 1.0924203869533973 1.2531162419709554 0.8339804339619785 1.035587455646026 
1.6285144950278767 1.745701887670372 1.1959235437585047 1.3511656976906643 0.9672769947206952 1.1537072438950444 1.557371510563841 1.6795301849076425 1.0970777930100946 1.2645138607448714 0.8420043621715387 1.0508981710974188 
1.631150501236097 1.7519578669028457 1.1988692796476061 1.3586728669561225 0.9708702599641056 1.1624514920644085 1.5600696071530815 1.6859779325017186 1.1002057858249839 1.2724610724429921 0.8460226256801706 1.0604049664551605 
1.6343639964120018 1.7582695809368398 1.20162367918072 1.365381160280092 0.9730203183735733 1.169245391886498 1.5644525597050905 1.6934810474427548 1.1046563289855402 1.2808715203515966 0.8503732584975905 1.069346026900465 
