1.7382939195038334 1.8602762827558705 1.3361724128958807 1.4914150376685893 1.1284388168545072 1.308562669872559 1.6014159175504656 1.7330594446192547 1.1524859684108957 1.329355484806077 0.9034607649389097 1.1203586262371525 
1.7326085745117072 1.8562945394337318 1.3298537044620697 1.487416491750542 1.1222369438186797 1.3051102262764973 1.5923964769087786 1.7261585918829967 1.1411857615968972 1.3214393240446154 0.8906232790981213 1.1122530152494485 
1.7284601509691686 1.8535278969274673 1.325128857390239 1.4845732248320929 1.1180921267446435 1.3031197853951721 1.585435456109255 1.7209290388300038 1.1322533200164884 1.3152903678991799 0.88100005442018 1.1064141480875775 
1.7199461470349269 1.846562324650942 1.314189287393673 1.4760322331237519 1.1053251727434286 1.2935692511884664 1.5718321915205484 1.7094543306038597 1.113344139383816 1.3004279460317245 0.8568462097134408 1.088927498605986 
1.7094997650912505 1.8373111194479395 1.2997986935087449 1.4638303680573923 1.0873524545643147 1.2789284824598444 1.5521813624854026 1.6919189356606423 1.084598625689264 1.276587984295262 0.8180543353879619 1.0594978048335166 
1.7045234270203389 1.8322280047147954 1.2918105638448543 1.4561709655329487 1.0753954772367047 1.2681225415791488 1.5423567474683542 1.6824160259760843 1.068755704574792 1.262496773881486 0.7936873790486781 1.039999520990832 
1.6977232843449166 1.8264303761947485 1.2803608853002697 1.4466884825306692 1.0593182538816606 1.2552843231263944 1.5351888854492435 1.6764213321497943 1.0553978209219925 1.2519776872160662 0.772460825418927 1.0248313498751345 
1.6922764192446842 1.8238110719401859 1.2711113452139469 1.4416002909723657 1.044976126393139 1.2467808354845729 1.5322985972491165 1.6764326226042041 1.0487438028096328 1.2499403629500128 0.7590221450864328 1.0191182285346534 
1.6819832463096176 1.8161870291537268 1.2572986200844412 1.431875519752412 1.0266317349791207 1.234277279733464 1.5302858185535928 1.67667598851604 1.0457087862623322 1.2501898054560516 0.7527813526291947 1.0179132816042042 
1.6800683945552812 1.816061380059485 1.2478667980131373 1.4257000635980768 1.010138208753416 1.2230406070705748 1.539649491275063 1.6870002020579489 1.051219430558416 1.25718392327597 0.753836816813533 1.0216257006083784 
1.6679483185705006 1.8068106242719961 1.2384236503806603 1.4199317506071056 1.0005104508310545 1.2180041875060035 1.535518394361383 1.6853277954101866 1.0533082567900813 1.2617334593257643 0.7594644877952886 1.0292226905690334 
1.658460275243275 1.8002768573083416 1.2257349487389189 1.4117125921943177 0.9834530210233735 1.207346728558122 1.535710350346054 1.6878721985268907 1.0537276498982078 1.2652463153710427 0.7583506050370106 1.032279961328321 
1.6544143035749843 1.7988373979360948 1.2195126362090307 1.4092339643272511 0.9747581504524596 1.2036954549276573 1.538199582899924 1.6925682418069588 1.056495309423331 1.2707917355623224 0.7610024446961389 1.0381974846692223 
1.650119275211904 1.796951007491818 1.2143457412227623 1.4074000426765163 0.9683818751018938 1.2016250483931583 1.5387766576686364 1.6952795943695718 1.0580999758935163 1.275035238683959 0.7633501397038321 1.0434762750948678 
1.658981233602882 1.8076494386209234 1.224659692423385 1.419566526002406 0.9806199625984268 1.2153161195946263 1.5448693301850938 1.7035254641027648 1.0649853877619824 1.2843565064445852 0.7720220365679596 1.0542275771608993 
1.659330756064378 1.808500615626431 1.2248911656229626 1.420441581453169 0.9806068005175061 1.2160944107762275 1.5469727048597788 1.7059954479075201 1.0677566947489394 1.2874005895140719 0.7754583733387499 1.0576538221370828 
1.658468533361405 1.8101202803543 1.2234342330300922 1.4222548561175419 0.9784254130744612 1.2179219359835547 1.5501268803068766 1.711406117276063 1.0719919735939862 1.2942891271466086 0.7808276108398895 1.0656966318094139 
1.6558946403017554 1.8112468404555133 1.2199697710107738 1.4237114523175263 0.9741236803302135 1.2196495405894596 1.553795993282284 1.7184033420649762 1.0773212942943622 1.303552541488098 0.7881699521931039 1.076958648611951 
1.6521566176323055 1.8108097582645781 1.2152735589924681 1.4234817577426906 0.9679752874873511 1.219174576763402 1.5568991138305075 1.7243391029859005 1.082221412025386 1.3117216458098953 0.7945372984613246 1.0866002071075729 
1.6445125821189996 1.8056762164263283 1.2067199214182633 1.4185266774254548 0.9580603241694647 1.2140529438898866 1.5575941763590733 1.7268887005385436 1.0852884198348842 1.316774817517293 0.7997234335866994 1.0934361142964413 
1.6334113457057808 1.7964830197862627 1.192438583190082 1.407561149925775 0.9411387809884204 1.2021068260268593 1.5571919291084095 1.7274736814725629 1.0856904966335343 1.3183483874076571 0.8015960858689182 1.0963005523032312 
1.6277186992079682 1.7935803264842307 1.1859379884931927 1.4049594785442319 0.933785704190892 1.1997574609692077 1.558926729282451 1.7313909931241065 1.0896023568583542 1.3246492063453177 0.8079233409620495 1.1046276968604762 
1.6238885722267093 1.7921963092832494 1.181947367275083 1.4042624736880565 0.9295608549247865 1.199598640799705 1.5619218243268451 1.7362469010220005 1.0952558008559004 1.3321181574126597 0.8164980546875173 1.1142811984900847 
1.6165487326067036 1.7877619064384216 1.1739800295117204 1.400389923882752 0.9205843440404251 1.1959675429175909 1.5644669280596315 1.7408100408178773 1.1011612387803793 1.3399324247932578 0.8257133271253043 1.1245733981436425 
1.6172682897461295 1.7913403945532993 1.1736448053045565 1.403846792623173 0.9192385637136696 1.1993094784743303 1.5715667405421796 1.7501901919843943 1.109823151668035 1.3509445274023542 0.8362205665841819 1.136929427941053 
1.6145323137694614 1.7924507148944906 1.1685117561264715 1.404131296327295 0.9109318614505533 1.1983162476265476 1.5794093269402238 1.7608801194703092 1.1194815559113827 1.3635996212766304 0.8471222379478478 1.1505568474203132 
1.6115668877855551 1.792426897557281 1.1664744572457728 1.4058125795022678 0.908613870137816 1.2005105223557266 1.5834828856880077 1.7672193974000001 1.1273565872725542 1.3735280208815617 0.8578166356901805 1.1625384852755714 
1.6266021233170822 1.8074005443231558 1.1818613351741565 1.42044305609892 0.9238127318778627 1.2142043582608488 1.5991873694410046 1.7827682133748177 1.1438365226638114 1.3889651725726029 0.8746403481315277 1.17722470183888 
1.6380920864546964 1.8159370560692627 1.1876597634446913 1.4229607941210116 0.9222492850121924 1.2102997362659798 1.6171754556712454 1.7970915842898771 1.1586399287205236 1.3988310092092968 0.8845645903072878 1.1818359540670185 
1.6442557722542623 1.8220999852344713 1.1980952335233874 1.4324466831932907 0.9343229273604816 1.2204223220637436 1.625043169079351 1.8047815970281447 1.171588855090155 1.4103516430207963 0.9000819903605781 1.194411529152101 
1.6474141339027355 1.822378612166665 1.2047021416858608 1.4347117228497508 0.9426676465130752 1.2229933643656863 1.6291959787215595 1.8059263591250059 1.1796666727014458 1.4137552603553771 0.9104551061323674 1.198340092704279 
1.6577541136940817 1.8299696468765951 1.2173556758275907 1.4431199009401992 0.9562023747458747 1.230838408764388 1.6440218602164782 1.817539018532931 1.1985883433730073 1.4273241481491339 0.9321921244409063 1.2122798207879444 
1.6735862357045006 1.838660009120653 1.2300190468198287 1.4466259351814346 0.9654538532418626 1.2295856552268167 1.6643818389358735 1.8302859466705086 1.217465758442331 1.4359674835383844 0.9494088477466176 1.2170278965494423 
1.66902503217645 1.8294088288820516 1.230417495011998 1.4404927341682776 0.9699339493138694 1.2255055981886007 1.6649036056515705 1.8256495066884004 1.2248210767747263 1.435715422802026 0.962824659069137 1.21988664607479 
1.6731299806965654 1.82664182923355 1.2345139119125752 1.4357162110618134 0.9739950642101272 1.2189843416162858 1.6744337571984413 1.8278361106088503 1.2362803378059888 1.4372353716930604 0.976232994753655 1.2207732385851557 
1.6759543018457066 1.8228288973173346 1.23811131610818 1.430664879730795 0.9789883146775195 1.213383899388454 1.682916469298203 1.8292321366232143 1.247519399382282 1.4388144490708765 0.9908597988793015 1.2229822190265605 
1.6770258390306365 1.821338717722876 1.2405723875600367 1.4296429304817375 0.9833746553457691 1.2132125834644192 1.689800582783782 1.8331080354077363 1.2577878173906798 1.4446069546684353 1.0050055012667394 1.2308107561588866 
1.6793265999560956 1.8203323424693911 1.2433209293340557 1.428047247481714 0.9878274937053027 1.212136611541826 1.6980853621182006 1.8376522806995073 1.2685436535807901 1.450060346592548 1.0193915955314228 1.2379948435918866 
1.6811965109405174 1.8188024616319853 1.245357957054344 1.425670763969918 0.9919361138695223 1.2106023046560623 1.705191778557054 1.8410050754135823 1.2775655499654683 1.4538894113716385 1.0320826261780447 1.2437102690331738 
1.6739093916944041 1.8120811975578603 1.2350187996960733 1.4166640570518931 0.9805040640419241 1.2012717571568599 1.7016081921766626 1.8376985755620343 1.2723086196684865 1.4492877004317428 1.027076437117866 1.2395771951043346 
1.6756517677515723 1.809978946543017 1.2356054455889103 1.4124219473404431 0.9819335555774482 1.1968326732375623 1.7093683651656155 1.8412373958805446 1.280957523975315 1.4522627580396634 1.0384242238261634 1.243599537145688 
1.679902143722675 1.8090655245192306 1.2405051789025467 1.4104963517868594 0.9892006193305986 1.1954767771914432 1.7177457582785758 1.8442606512106794 1.2912909728190776 1.4553622353228903 1.052186838391376 1.2480961511053705 
1.6834282153059215 1.809297982668438 1.2456141813932917 1.4110929533124599 0.9974719753898251 1.1977391100269208 1.7249306306191214 1.8479757342692789 1.3011571055211126 1.4603555893165474 1.0660232014586173 1.255401967518006 
1.6895643892703616 1.8109510029955338 1.2534541363330889 1.4128209304970427 1.0081332443137316 1.2005200323403726 1.7337677388711934 1.852259777166942 1.3124290528445832 1.4653960995275406 1.0805810405289045 1.261971114927172 
1.6975983414508067 1.815166500510774 1.2639686127813972 1.4179583737813073 1.0215226181032555 1.2068544879050374 1.7436122672476613 1.8582715178833609 1.3251265085630615 1.472735400327068 1.0962901390127204 1.2707640869085535 
1.7057201632596712 1.8219635802700886 1.2751670165710058 1.4269270943641794 1.0364297588117586 1.2183007253673455 1.7511666769073126 1.864578971990889 1.3353480351992884 1.4809538776040936 1.109635120168157 1.281155772102128 
1.708312634686403 1.8245851212232331 1.2802698216505768 1.4317365759766005 1.0440138191753976 1.2250484322626596 1.7535052501629984 1.8669653100979675 1.3399773956112841 1.4853680444621125 1.1164288867407541 1.2873197993929868 
1.7070408217034532 1.8248073653079113 1.2776300493343136 1.4311785690409147 1.0403147595617397 1.2240050459381286 1.75417417703089 1.868973139689814 1.339954185545909 1.487081293299731 1.1159719868177695 1.2889247568737285 
1.7049904499839785 1.8257180243007325 1.2755105591631024 1.4328925487476616 1.03847388919345 1.2266547551192104 1.751583903122134 1.8693046941032834 1.3371540381259632 1.488030507549012 1.1133201487786746 1.290633806854822 
1.7031812866604805 1.8242996396289861 1.2734551298064845 1.4314086235420163 1.0356952833871795 1.2247070669962061 1.7514659839204556 1.8694586844192222 1.3373460902961694 1.4885352683596211 1.1133154618662449 1.2910127797781281 
1.700120575329212 1.8215532303442934 1.2699891584803902 1.4284672425287637 1.0315041806302725 1.221330043427136 1.750661053481721 1.8688125439694934 1.336890652289008 1.4882616760831173 1.1128364786336444 1.2907560685496426 
1.696782881970961 1.8179581848518078 1.2659905935470768 1.4243005287753283 1.0271602296378497 1.216946157670782 1.746206738158366 1.8641721448701243 1.3315021617668068 1.482834387283246 1.1068983517874078 1.284960612046019 
1.6951425547945074 1.8202937319771362 1.2642573286618708 1.4276930982095732 1.0248916552861818 1.2208046095404659 1.7468546200114219 1.868545437781819 1.3327938233107361 1.488724408698685 1.1083301346869756 1.2916488211024115 
1.6911782789629632 1.817259821587472 1.260590014888318 1.4252846991236978 1.020988188000297 1.2185098144685296 1.745530201009461 1.8679467258345808 1.3326210628067265 1.489371741693836 1.1086967986948144 1.2928874194438316 
1.6846715990183605 1.8108886016702075 1.2538572889045547 1.4189281983451736 1.0137250738435348 1.211956128108225 1.7417023508909553 1.8640617506453696 1.3294986963134185 1.4861917489405867 1.1059146476555413 1.290056719303101 
1.6789196046502435 1.8034029422230988 1.2472800162268816 1.4103895107447906 1.006302061450204 1.2025535214779133 1.7386982328854335 1.8591833363546828 1.3266529105379938 1.4810466158021258 1.1031520045029741 1.2846927563347315 
1.6707177337062356 1.7933234573886832 1.2379448275753246 1.3990063163619026 0.9961314002281526 1.190373489128727 1.7335551733995949 1.8520056199484114 1.321523056787319 1.473476999046982 1.0982684371411662 1.2770688458812625 
1.6630362668121372 1.785668280933626 1.2295547242528289 1.3909444290597848 0.9874426034623228 1.1823554795121687 1.7286439278672894 1.8469248534124096 1.3169377451316557 1.4687568244445541 1.094332262044965 1.2729825939707307 
1.6579466692567648 1.779638066073998 1.2241597543211424 1.3845185416669579 0.9818520917631127 1.1757372232857135 1.7251175615185188 1.842377564230416 1.3137010874090043 1.464286527691763 1.0914563541707016 1.2687006980291293 
1.6440055972679777 1.7628106825205139 1.2081111137012357 1.3653862316606389 0.964656437416161 1.155555771396794 1.715174764520642 1.8293637067047221 1.3033044663655686 1.4502929464795862 1.0814953126335962 1.2547426866925504 
1.6346749263457183 1.751607688628758 1.1977170746146102 1.3529573425882206 0.9537862794270946 1.1426616502111988 1.708306849416515 1.8205163201145382 1.2964090279550586 1.4410564693319203 1.0751085730117587 1.2457230124724277 
1.6190648198612834 1.7373981875299773 1.1797005183149027 1.337488274353256 0.9337938824561071 1.1265667250688927 1.7001085762187218 1.8131604292098507 1.2886782348330594 1.4345288996923171 1.068161642698543 1.2402221035171281 
1.6048527518675912 1.7251356600618342 1.1607063190906561 1.3220362512491781 0.910429153299135 1.1087930075613663 1.6892478508960667 1.8039121353871368 1.2748510131607458 1.4233010209358314 1.052087063772281 1.2277735459753887 
1.5939223697451799 1.7163158188556353 1.1465789012423393 1.311409412065542 0.8928739624236391 1.096528787608465 1.6780431963373559 1.7947090120835996 1.26090587466872 1.4124571122884015 1.035598551937038 1.215572223298184 
1.5857653540292302 1.708040096554952 1.1346306250227207 1.3000522561187493 0.8759108815624168 1.0816510924690321 1.672173674155723 1.788550812792147 1.252557261660899 1.4041541607456962 1.024076613803601 1.2047747193311495 
1.5791965954803757 1.7028185126949993 1.1250872970471268 1.2928845369857316 0.8630638937974465 1.0726641062218918 1.6675150236375114 1.7850309112328586 1.2460200210497463 1.399390900662431 1.0156888065036505 1.1988964724515665 
1.5708912742181427 1.6974165847353737 1.1142653038727806 1.2865111092154238 0.8492037090208097 1.0652091842143965 1.6600607242612242 1.780259889722481 1.2368061207136307 1.3939917671760835 1.0046139319334069 1.1928004103598808 
1.5629516218512491 1.6922427394931998 1.103703951541105 1.2802461207781297 0.8353168099873544 1.0576492283207366 1.652202153832106 1.7750041335860178 1.2268319353226218 1.3877983695938865 0.9923247240331412 1.1855699368014734 
1.5531765914250093 1.6857943721731339 1.0884161943625288 1.2705097218245163 0.8140111179527034 1.0450642282896347 1.6415757472595074 1.767573499204661 1.2112238529646822 1.37717404967223 0.9721252542705646 1.1724217036077975 
1.5442893636252242 1.6795695770661008 1.0761195527477418 1.2625995475232834 0.7971725440618234 1.0351851962842205 1.6290722739663823 1.7578398105077722 1.1946045902331028 1.3649924734613008 0.9510682941860693 1.157866670133483 
1.5513803555199481 1.6852988414916805 1.0867587004911439 1.2706280536542547 0.8121299518508105 1.0454693856508663 1.6327087692093776 1.7604513917439473 1.2000005794386934 1.3687412349648855 0.9583903047575136 1.1627395038843393 
1.5625776126225859 1.6981393681524788 1.1030346157167052 1.2879106652517867 0.835101150441849 1.0674373282161813 1.6389128135350275 1.7686332939785172 1.2087480210404895 1.3795290125870132 0.9704536806923346 1.1763540557881798 
1.5576007219775547 1.705440763880411 1.0948648827617955 1.2965867890368927 0.8254050483883655 1.0787500562711456 1.6291541808266645 1.7710312066434628 1.1944674325007778 1.3817237919732728 0.9535810556554697 1.1797139567306136 
1.549853106048196 1.709477091723443 1.0845201493412837 1.3024788793401756 0.814334856387248 1.0878458232338073 1.6169147878373926 1.7705029533799825 1.1783686753844231 1.3816005254512753 0.9356869343574483 1.181430199346216 
1.5451564484385294 1.7150778945316651 1.0775281184967611 1.3095993968810347 0.8064190735288755 1.097403962226841 1.6079721893214354 1.7718798762306573 1.1658185783522108 1.383154616010506 0.9210742823633553 1.184213480666037 
1.5408537135558749 1.7197700660550321 1.0724387550713235 1.3166259138035106 0.8019616450796945 1.10748426340916 1.6035638785277404 1.776174548302877 1.1607376229445352 1.3894929804928593 0.9166948380562256 1.1931924989870366 
1.5409908977190618 1.7271800102053636 1.0723545410231636 1.3260626314216835 0.8041618596109865 1.1203455436841796 1.6091052182045151 1.788216274406706 1.1681228180516807 1.4046383017891118 0.9280317628470482 1.212328665689713 
1.540500549297682 1.7324248356238894 1.0712716727266058 1.3325827799752104 0.8049071817212591 1.129614730731881 1.6129248688908173 1.7971311864709432 1.173033540478046 1.4156841299479415 0.9360877424079753 1.2265456086858164 
1.5406181693927605 1.737196689780147 1.0726860294900369 1.3397773370911674 0.8093357102359318 1.1399001214944666 1.6179593006015633 1.8061396107508134 1.1810771661509252 1.4280375581626346 0.9483207508027545 1.2424412426843774 
1.540858668575019 1.7403421267678318 1.0714514660603065 1.3425920921124108 0.8073947805892604 1.142992394289122 1.621299997459687 1.8119489406279583 1.1842197808526844 1.434197256671055 0.9519740421685773 1.2493197583656395 
1.5406499911054294 1.7431437305664614 1.0715297423278367 1.3465228030052667 0.8088978070764934 1.14859189123603 1.625294687769932 1.8183867829516251 1.1900237038366759 1.4426032323591822 0.9603624780743779 1.2598586268360272 
1.5414630642604772 1.7447989711308576 1.072609367514241 1.3485940554738107 0.8102094865399317 1.150936350655109 1.6302187181293497 1.823685318282543 1.1966601630117466 1.4492103425380665 0.9684751429640825 1.2673433527340963 
1.5437636528180472 1.7478981649061023 1.0758813320074476 1.3525762158496355 0.8153854213573604 1.1561985834977138 1.6408428727706135 1.8342047628992024 1.2110655465011462 1.4624026589972132 0.9869207175463083 1.2829474976951005 
1.5474362557999506 1.7509503784814036 1.0815167925483957 1.35681495964047 0.8232961188807888 1.161501081146363 1.6527995106013826 1.8447261272026725 1.2275446342370488 1.4758502942995846 1.007473947972934 1.2985653691609715 
1.554179173208279 1.7566061384027922 1.0898915333345653 1.3631051967747645 0.8335023733825657 1.1682972350709258 1.670661706676241 1.8604576751956412 1.2504004119298626 1.4945545868901444 1.0345838980741824 1.3193013549581347 
1.5605026608118424 1.7621820034380216 1.0975240928566625 1.369188078110834 0.8425418888107818 1.1747313281090446 1.6868266758623542 1.874966957906416 1.2707379015362845 1.5115858140512037 1.0583442324692094 1.3379870601918538 
1.5614619955639328 1.7625204069316474 1.0990874667607213 1.3697838810741274 0.8439756842412581 1.1749934369393302 1.6930550057190994 1.880093049200092 1.279165723583344 1.5180841773928413 1.067973147785327 1.3449465660949136 
1.5681531609736057 1.7678534751080224 1.1078889024949707 1.3760884395457695 0.8545193410751514 1.1816957634905487 1.7036587421715392 1.889088320581521 1.2925813683391505 1.5287145472446813 1.083306086836731 1.356375188123666 
1.5721975976800824 1.7700038329650651 1.1129080460446956 1.378286110178515 0.8592681023702802 1.1829834970577664 1.7056822282450568 1.889566126472165 1.2946470161982462 1.5287966441325747 1.0843838109041568 1.355358451447816 
1.5748978387237431 1.7702501447808772 1.1159536664291745 1.3779822053628694 0.8622182373487106 1.1819063674829395 1.7016090211246286 1.8838672016500306 1.2886126819074524 1.521185398514171 1.0763783475956386 1.3461325045673318 
1.579030714958789 1.7818290867036783 1.1221074182016906 1.393090791521954 0.8697575508055472 1.199189348111158 1.6928327395898461 1.8834169956935356 1.277289999736655 1.5208703557066474 1.0624607675708613 1.345510972852791 
1.5805012537434082 1.782396084097046 1.124914184408964 1.394411528138119 0.8734957993513677 1.200810767358656 1.6848653931215054 1.8755593780145923 1.2673669958376244 1.5116781038496538 1.0506103422956032 1.3351905028341402 
1.588005511660701 1.7839375339133277 1.1364775606516677 1.3972304268461824 0.8888570788741941 1.2044660752818095 1.6948405061349474 1.8796691094646858 1.2815241246405644 1.5175558315514341 1.0680775921419592 1.342185293719077 
1.5920900777832518 1.7801321326058583 1.1432286146593256 1.393230511845 0.8971978794980963 1.1996181178758014 1.699204405255554 1.8765434193217807 1.2882222092635573 1.514475504654955 1.0758758432272193 1.3385172482265144 
1.6004964042587413 1.7796329964476272 1.1544717354899425 1.3922319670389558 0.9117232233771168 1.1986426064699853 1.707775588994397 1.8766998493006708 1.2991203602303982 1.5143376678816254 1.089104199957543 1.338526361475619 
1.6084991691198451 1.7823687554092817 1.1643603132446727 1.3947414607228223 0.9227233068798208 1.200411222981205 1.7184061718945354 1.8821499873297112 1.3120156758229804 1.5201822051337242 1.1032082739017288 1.34411208565552 
1.611859158988394 1.7802492592147798 1.1708481915324345 1.3935863676625042 0.9324443934169868 1.200270812498068 1.7279231810658633 1.8859787899615343 1.3260897627478965 1.5263392595962317 1.12119628882046 1.3521385264035533 
1.6183002700215738 1.780116224057266 1.1782197197262907 1.392163681163928 0.9405985604666313 1.1977661120402008 1.738363608745276 1.8899275233219657 1.3383624248348798 1.5300758110008468 1.1347854088812999 1.355601686119451 
1.6181074599959206 1.7735286039572213 1.1800317626633827 1.3854987974929642 0.9439304262997618 1.190855409633953 1.7437911935935593 1.8888990666032026 1.347223417126666 1.5304061201571464 1.1460979994984941 1.356713890772277 
1.6185661608920736 1.7672440328785683 1.1806825910399905 1.377463769158705 0.9447713079814108 1.1815193095946024 1.7493993466521318 1.8878011358792286 1.354493646226111 1.5290677199610572 1.1546577333854848 1.3552230575912239 
1.6140267836889894 1.7552958950460245 1.1798370457251393 1.3667467487305116 0.9466104428250431 1.1713464693101798 1.7495006291537663 1.880620555058735 1.3592959381273175 1.524357788745616 1.1626441086632764 1.3519328918660956 
1.613436894420891 1.745425555788195 1.179798578520304 1.3547163704622935 0.9460033189574601 1.1568293037430069 1.7484667880799252 1.870953732067827 1.358632467821423 1.5130148515921877 1.1614128362552785 1.3387350502390418 
1.618744319159255 1.7497170837625036 1.1889445430340138 1.361897877526197 0.957496925326844 1.165322729723556 1.7585135554241145 1.879773025397045 1.373180934986486 1.5253860437969007 1.1784893363159294 1.3527800331947393 
1.6276812896650037 1.7567358070767298 1.2015202817786848 1.3712860032340188 0.972138834902469 1.175511901031006 1.7735821857375342 1.8927144752195268 1.3928023464819155 1.5416460980087257 1.200542087211244 1.3704289906104328 
1.6380937359790648 1.7660162756254119 1.2154535373488573 1.3830364056574398 0.9876996684487902 1.1878606959462252 1.7891009630353036 1.906920201228633 1.4123945870520214 1.5589486416985807 1.2219172652572883 1.388720346597489 
1.6544361698278267 1.781979701162325 1.2347842388184949 1.4010655701124661 1.008202515784686 1.2061363638306284 1.8091274298552242 1.9264565068473696 1.4354355206189409 1.5807491101292985 1.24589539298232 1.4108677987588243 
1.667411649975734 1.7989629018283837 1.2492056221754686 1.4200424635041022 1.02295638346647 1.2257429070383397 1.8251642392932204 1.9460807825151554 1.4530924183942329 1.6023368834532892 1.2638839552723184 1.4329719341546083 
1.6771959475439355 1.8134010438118204 1.2617934509490054 1.4379011830086934 1.0370661981078162 1.2453687801200894 1.8359951829941712 1.9612025421199617 1.4662928692378614 1.6203246210614093 1.2780447428700608 1.452182999493452 
1.6863040582650628 1.8275087302284552 1.2745251505251751 1.4562215289787541 1.052630524790736 1.2665693047998676 1.8469308864170366 1.9766943317926575 1.480522435358958 1.6395467250863027 1.2944355310332067 1.4736791123379676 
1.689721537285434 1.8378092404290087 1.2835597685991291 1.4730613056510073 1.0656549936852218 1.2876352341429036 1.852410406466734 1.9884185285362461 1.4912381164610333 1.657158728253347 1.3083906167449575 1.4947474491118058 
1.701693909447836 1.8537175296284651 1.2983885907739101 1.4920856043980386 1.0830549495994468 1.3090128120273918 1.8648738445138482 2.004560045035284 1.5059233802394663 1.6758018216220736 1.324764250103338 1.5150930125084268 
1.7142722435607887 1.872503492579637 1.3130931309861231 1.5138538817610305 1.0998540522464515 1.3331237530413071 1.8785365760460826 2.02396632190927 1.5213099332952968 1.69762301993786 1.3415846148279056 1.5386322768689535 
1.7278999284997756 1.8910365004910745 1.3300727600058315 1.5360580816458504 1.1197993618990547 1.3580616680362974 1.8924001741517384 2.0424395468188354 1.5377365844414088 1.7190156155223053 1.359959877029293 1.562008882948343 
1.7515604013960153 1.9201494290181091 1.3540817507590042 1.5660611028176934 1.1453946637463306 1.389582284630374 1.931967264416913 2.086026725811194 1.580528727603067 1.7655257145673553 1.405867208088506 1.611047049840125 
1.762030948839052 1.9285934801213682 1.3671750392201614 1.5760353215479181 1.1621983441162915 1.4019360677173014 1.9456520762013567 2.097684854435158 1.5968645918883198 1.7789593226734135 1.4253118704433252 1.6267248307340272 
1.760030676093806 1.916102334295123 1.3664510060705506 1.56234712106216 1.1635255060338041 1.388355782172286 1.9242282125234575 2.0679444839190486 1.5723023198708383 1.7452434671905293 1.3995491546463168 1.591376137489569 
1.7648725423909737 1.909932710538667 1.3717981335770872 1.5539942043603574 1.1718411273229745 1.3806808087264704 1.929051126949615 2.0625969354882643 1.5774324957935852 1.7382063015320075 1.4070091638598448 1.585163289723043 
1.76908818729818 1.9053062819184639 1.376556504338983 1.5477166482008133 1.1784772059051292 1.3745281147790176 1.9330753471186684 2.058470138505283 1.581775930034959 1.7327821866345348 1.4127688445170214 1.5800110194292822 
1.7717378244128925 1.8983425489134804 1.3814869361869948 1.5405050046706534 1.186622379384162 1.3684744008622631 1.9354706345060702 2.0519980729999068 1.5860320972273323 1.7263103220439047 1.4195296156950477 1.5747107176860549 
1.7738319276240464 1.887389149978997 1.38283254035275 1.525773223863376 1.1890748848825459 1.3526482092023928 1.9360234400074914 2.040574638737442 1.5855386742235082 1.7116340097866833 1.4197204424316923 1.5592832426016898 
1.7836338164614955 1.8908560474517884 1.3949239976518435 1.529640467621395 1.2031874364474555 1.3570729561025818 1.9447724766936105 2.043557434246711 1.5958080567865924 1.7148149623399604 1.431240860968202 1.562829934146707 
1.7948655480832123 1.905229064363666 1.407425352797103 1.54570423292946 1.217338043312559 1.3748699442842038 1.9544559708563531 2.056271770466163 1.6059893928715874 1.7284552010439986 1.4423133217217574 1.5775370582068904 
1.8003740186786745 1.9135239059946965 1.4142893449125609 1.555776810089802 1.2250894233210898 1.386027137834321 1.9588340977870484 2.0633124228611623 1.6111793092803794 1.7366997144967806 1.4479394015818479 1.586428580911602 
1.8038216731459378 1.9174929771216922 1.418931393870405 1.560888525587593 1.2307404163799163 1.392023225851857 1.9616985911069547 2.066704635682373 1.614885455489339 1.7409370244644147 1.4523121931427174 1.591294251592398 
1.8043597852763786 1.9193672837793758 1.4213293703862662 1.564747172690406 1.2342940506713218 1.3970462908732193 1.9610515145917558 2.067360534160072 1.6156070027338392 1.7431128829202713 1.4537849262124778 1.594285779589914 
1.8074378165367266 1.9249902044548306 1.4251198680276163 1.5715350663752465 1.239113770340339 1.4050476014879532 1.9626431888061189 2.071406312910881 1.61743731382921 1.747815576875046 1.456207321011349 1.599779856219927 
1.8079266290363225 1.9291584104937158 1.426876536067028 1.57766603753096 1.2418519567076587 1.4125331002063775 1.9617341491595237 2.073994780316151 1.6173369547433956 1.7518082948709428 1.4567080896249052 1.6046968359097116 
1.8095971665167168 1.9357918798324707 1.4297459881619987 1.5864494595244218 1.2465979288709452 1.4236062282897368 1.9613349042489734 2.0783365712957393 1.6175185600868172 1.7575592704615484 1.458149202868256 1.6120941023356328 
1.8105020385547899 1.9430795612148901 1.4314539105437694 1.5958386032462837 1.248617092791481 1.4341147771399085 1.9599322967773785 2.083020681018566 1.6163159574634687 1.7635526144549953 1.4568670566496622 1.6186729658430234 
1.8053407181831358 1.9438869525592275 1.4276578434379856 1.59926492287238 1.2462286496185202 1.4396274597026828 1.953517989937641 2.082228112529941 1.6109575867197745 1.764830224642019 1.452605684764451 1.621574744194667 
1.8028267490464776 1.9490553339188426 1.4256944395898759 1.6066228688393211 1.2453722748951375 1.4489943100914822 1.949856738998404 2.085802893424374 1.6075949896094757 1.7700265699185114 1.450072108075143 1.6282940539771955 
1.80204430020492 1.954698510333765 1.4248424023382515 1.613585596707234 1.2445542186265088 1.4568451563227438 1.947166530767474 2.0892439074796987 1.6044530875476042 1.774190608852679 1.4467235540147398 1.6329395727157328 
1.7990067861517727 1.9601538283104545 1.4238008497750412 1.6226479821082975 1.2448125895170443 1.468106262175913 1.9426307490565802 2.0927474384645963 1.6014361274743771 1.780554768716798 1.444627008462783 1.6409524086944538 
1.7955661972308288 1.964748257176471 1.4217972183957808 1.630240802972978 1.2428709554245685 1.476789070002206 1.9381361904824903 2.0958410336420985 1.5980679755435876 1.7860568299743378 1.4411946905459998 1.6471854423524936 
1.7935452828864762 1.9707630252022512 1.420816700128602 1.638847862098349 1.242384155148612 1.4868155933754292 1.9348855709845816 2.1002105590974276 1.595524235605442 1.792428466116383 1.4389217768886293 1.6545688561508494 
1.7923882138743743 1.9753494992521625 1.4192778731579556 1.6442931053178353 1.2405348577270088 1.49274139360968 1.932952788961947 2.1037244637346806 1.5931103716804338 1.7964828948018876 1.436167715956521 1.6588935599717574 
1.7893047173719463 1.9800409246804727 1.416996461396252 1.6513114979947001 1.2386067057825498 1.5010320660830336 1.9297184514611194 2.107786515211989 1.5906228031527463 1.8025070301414918 1.4339973856006505 1.665922925500907 
1.7923046893180299 1.9872991400167714 1.4213472249072006 1.660490802838546 1.2430698484604152 1.5107032867877794 1.930368174994449 2.112657819806937 1.5919149240557424 1.8086444918754487 1.434987052147649 1.672181094376862 
1.7973869435993521 1.998175562227058 1.4280875585976582 1.673780101292108 1.2505817866183002 1.5251427990458533 1.931453426599104 2.1195796969166834 1.5935327386412306 1.8169899123499338 1.4366166221791463 1.6810630778116031 
1.797672772301202 2.0029519410392975 1.4294005343055842 1.6802901443837281 1.2514512769872783 1.5317700155418534 1.9307199660160688 2.123174196577636 1.5934986910484394 1.8219295157094004 1.4360301144380956 1.6859334421658199 
1.7969055030527064 2.008183552796183 1.429780549630292 1.6876623521667773 1.2528490464940698 1.5406370526899253 1.9299627876104501 2.1280714641151266 1.5937877508505014 1.8286856453696736 1.4371909086690953 1.6939449527009725 
1.7971227805358347 2.0089419957780885 1.4299238033968278 1.6884548372997277 1.252293878736477 1.540921027438087 1.9300359835248797 2.1286701369119756 1.593759923232119 1.8292808278066137 1.4365335248788487 1.6940561449316989 
1.7946017944840187 2.0044603457652284 1.4282117982866758 1.6843558465316228 1.2508614154914444 1.5368539155512666 1.927809375655503 2.124550462061389 1.5923700351567973 1.82562537390486 1.435446853375373 1.6904950002426093 
1.7906452746182453 1.9976775574032588 1.42416156453987 1.6770632921129274 1.2467192724557723 1.52925278098575 1.9245174028188603 2.1185071058631477 1.58921140700432 1.8193125130094199 1.4323636684001204 1.6840340858761291 
1.7879082497623864 1.9918480392962712 1.42281561980757 1.6718992164746056 1.245862667539404 1.5241445103560227 1.922125166654971 2.1131511678932013 1.5881919073866357 1.8147165720212068 1.4318250707011662 1.6795730812228444 
1.7860918066708498 1.9882110862171403 1.4215225731084047 1.668408165694696 1.2449461473721422 1.520772925639045 1.9213001586989837 2.1105102893179035 1.5880795898873392 1.8124172161278815 1.4321875812255669 1.6775042918921967 
1.7838251350402035 1.9841551266776498 1.419638020201347 1.6643952543555274 1.243894732041743 1.5172717484752691 1.920541405010889 2.1079181062558385 1.588023703967041 1.8101543411215522 1.4330810445893143 1.675876109586028 
1.7806040233941853 1.9809962972321682 1.4168312295144967 1.6616878089603837 1.2415373928027942 1.5149952934737323 1.9190920701538945 2.1063499270651973 1.587379733563321 1.8093009865822658 1.4331011071545372 1.675581816816941 
1.8060209385984456 2.000700261417489 1.4443605210112918 1.6814479534127753 1.27134377674019 1.5353842854595101 2.0176932505353755 2.193667239723475 1.7016320804615814 1.9069980709576007 1.5574624943336548 1.7795446964423258 
1.8019300334372392 1.9931458063832488 1.4404680716361369 1.6735072827756474 1.2683125345919792 1.5278399934231106 2.0143507211414624 2.187072744072115 1.6987069340422234 1.9003377615211279 1.5554014490680952 1.7734012596880409 
1.7982637300643196 1.986208081663359 1.4372156286600977 1.6663909697501484 1.265571887987735 1.5208360544334947 2.0109360192469676 2.1806269223103802 1.6957889001596984 1.8939298019474848 1.5529917689108463 1.767216323799902 
1.770335345261798 1.9607624421849805 1.40760687007531 1.640688642211925 1.2357948724133831 1.495891402035325 1.916264959561493 2.093459699932915 1.587243289871849 1.797176502529234 1.4370710237295894 1.666035788103968 
1.7697881537324431 1.957952127711934 1.4077496446071973 1.6380431884451918 1.2374769228925808 1.494247489545052 1.9167055914489555 2.0916947075545442 1.588511654691803 1.7957716175537717 1.4397775348614417 1.6656487550536248 
1.768471826519094 1.9505850488281151 1.4066578084210033 1.6297164236491515 1.237449578282598 1.4861261353975914 1.9173811882283032 2.0865378147763773 1.589825213591664 1.7902049160059248 1.4422688648694388 1.660550785158882 
1.7637976292447186 1.9379160734483034 1.4019575588901718 1.6155561357406587 1.2340225269132203 1.4721916409657032 1.9145249388632393 2.076040070020155 1.5874220174639413 1.778888780202205 1.4412616908560671 1.6497793465579842 
1.7623931709224165 1.928091631581334 1.4003584762888286 1.6039050822832286 1.2329741097500668 1.4600454808580348 1.914236085532286 2.0678025635959467 1.587222090431572 1.769401485026496 1.4416987402207055 1.6401228333310802 
1.7667311766854912 1.9283779164449328 1.405566484899416 1.604032256980046 1.240331131703345 1.4614115280209405 1.9189148918106036 2.068704111266882 1.5926432289789514 1.7702583971761017 1.4489018695593225 1.6421385342206973 
1.7707679474693825 1.9292813788830623 1.4103193827587177 1.6048390188753918 1.2465024344079438 1.4629681589511543 1.9221185863897499 2.0690692050448507 1.5962210052949843 1.7704318718507444 1.4535092209356397 1.64292317850377 
1.7716706499542092 1.9289508309931516 1.411061168875811 1.6040972660001545 1.248621973500855 1.4632468175906517 1.9218150841298884 2.0677058867423987 1.5955093067698383 1.7685260429151644 1.4538270730692733 1.6418427375571543 
1.7736450212009165 1.9289867490552648 1.413113109850305 1.603764907344839 1.252182359415273 1.4639446294279026 1.9221262181945282 2.0663355040919176 1.595506564909966 1.7665826942067555 1.4548928478313445 1.6406969298047702 
1.7627231690962508 1.9230444126615303 1.399008085347876 1.5962864608423921 1.236987128012547 1.4563804437950716 1.9105265522543071 2.0593733389234528 1.5811838472703703 1.7581379926128464 1.4398110608231656 1.6321650446779976 
1.7535239613390747 1.9192747668716639 1.3870414470340389 1.5914312186049009 1.2242112516188863 1.4517102108720872 1.8964438825312708 2.050675193040156 1.5638213108889008 1.747657414984493 1.4213888648748731 1.6214547952225742 
1.7492975345982313 1.9208460116030777 1.3802961591453662 1.5921133824861378 1.216761434855432 1.452623807147415 1.8859564221241834 2.0460789725451582 1.5498410397687405 1.741153291439743 1.4061643399515755 1.6145914922021143 
1.7440415605820638 1.9193174403411022 1.373007290962987 1.589731893369923 1.2089811400669244 1.4504254095945506 1.8724197040828001 2.0366772007359244 1.5327829605777588 1.7296017102204542 1.3877715879198276 1.602500687050561 
1.7428841609778116 1.9221094167937811 1.37058312210071 1.5922805990551194 1.205745823375445 1.4528187781438295 1.8617040557691573 2.0304682718051343 1.51881364468039 1.7215267348511698 1.3719037077241718 1.5934174577954547 
1.7511100908869808 1.9475784747234732 1.3784127442846028 1.6207088135770136 1.21406670195925 1.4834531747265267 1.8642061072441023 2.049863355223028 1.5195063519071614 1.7422901360813046 1.3721646463475912 1.6153981495242002 
1.7588500295631235 1.9694832418312678 1.388460048288823 1.6471588020146084 1.2257203208294298 1.5125148324079998 1.8743539321948244 2.0732856717042636 1.5321457314283782 1.7699664843420624 1.3863764068730398 1.6454027941188747 
1.7698061767767568 1.99092429051362 1.4010328372158736 1.6716634344739256 1.2379070233895437 1.5375237968100397 1.887353953066875 2.0961084350188472 1.5468626479934022 1.7956474261271782 1.4008229150599871 1.6714875011668977 
1.780440676697626 2.0108157997388774 1.4124141605207376 1.6936129835589653 1.249063504566321 1.559990646023078 1.896933121593774 2.11465515984037 1.5566952255979651 1.815684775130171 1.4101581127659053 1.6917319764783958 
1.7803665074342363 2.018015363621789 1.411290576881168 1.7013001497130307 1.246041317129404 1.5669397151816595 1.900668484374269 2.1249051260029423 1.560313070859044 1.8268163525963907 1.4126056600104575 1.7023912175858933 
1.7823106505620394 2.0237832818132677 1.4115361115844256 1.7063123134253237 1.244402769808425 1.570861473888414 1.9058127626151737 2.1333517766151178 1.564584681424077 1.8349367133465067 1.41563741280982 1.7097066418502562 
1.7823599341652292 2.0243391400843587 1.4128019616766818 1.707967037760823 1.2460319060591827 1.5728119817948618 1.9084287110912685 2.1361746568287625 1.5688539107633572 1.8391423578607178 1.4205241009280625 1.7143601548325487 
1.790807203293043 2.030135956768967 1.4202234813458938 1.712161295137304 1.2513675377626872 1.5749229435646208 1.917093800664498 2.1423608949348965 1.5764811886433183 1.8438423201961305 1.4262464428513923 1.7171605863594266 
1.7965490565117253 2.033141563603767 1.4266577530904778 1.7150593137419972 1.2577590613679435 1.5773502976996485 1.9233006693216663 2.14596401876014 1.5833032863646719 1.8474104584020221 1.4329880699479567 1.7203287226030872 
1.8001799496710462 2.0316815270109756 1.4306609107673454 1.7128551070063254 1.2610777581091699 1.5739755677893004 1.930146200741708 2.1476839460771804 1.5911024940705896 1.8489697462743002 1.4405324074930248 1.721108826610813 
1.8046078448267615 2.0280016954160294 1.434934812460235 1.7074013350733592 1.2638803259843434 1.566389121965002 1.9385225522315412 2.1480342382071775 1.6000931622597134 1.8483721299863536 1.448673079169448 1.718963377536092 
1.8092754501008463 2.0226636893951553 1.440345910653972 1.700672540025745 1.2689314521823547 1.5581648745872883 1.9458075811389008 2.1456602454437235 1.6085042215728311 1.8452578618929172 1.4570094436267802 1.714808229767288 
1.8145478710979437 2.0144696235451356 1.4446336824628172 1.6889258018593 1.2717217056046815 1.5436255971530402 1.955803766727654 2.1425854152462813 1.6185026641763922 1.8398518314326509 1.4662402579202631 1.7074438150715472 
1.8188573220648974 2.0071572960356368 1.4488242197137269 1.6791456377065956 1.2750954478897216 1.531765926709786 1.9640409621668 2.1396016811708414 1.6273618413460142 1.8354141264763901 1.4748163764581306 1.7016232830062858 
1.8201628346948358 1.9983111619826226 1.4495278240876717 1.667748682537132 1.2742609939899834 1.517891905276637 1.9677757817658852 2.1336345241405192 1.631036386873187 1.8277129015806448 1.477460613114387 1.6920829230875003 
1.8199729753690217 1.989983335034133 1.4489099877747997 1.657429393764202 1.2719845731271942 1.505216528248866 1.9709682072406876 2.128954606513152 1.634550150822412 1.8219457286630605 1.4799860800539881 1.6846634203286928 
1.8236443630848778 1.9862722276191775 1.4525129718564478 1.652087325964112 1.2743721527918168 1.4978728193712743 1.9757001258924012 2.1267321379645465 1.6393615092014482 1.818544681070897 1.4838249924607854 1.6796830675610355 
1.8358417532754967 1.995697085248573 1.4670310401179827 1.6627302804933968 1.2900234425271697 1.508857977170035 1.9975673000351328 2.1454060294428303 1.6649745486852494 1.8397369814105629 1.5113307571043637 1.7019437623992308 
1.8485906939807226 2.004724263082614 1.4824818326954736 1.6731360379216418 1.306477376257289 1.519379791820376 2.0125426196709797 2.1568401918343714 1.6824959513746622 1.85268034034804 1.5296808087938247 1.7150962637450207 
1.8569202965008325 2.009915579365646 1.4919612752202183 1.6785577426400142 1.3151104234841802 1.5235232438583732 2.0207639518649225 2.1621967065409984 1.6915325620149142 1.8581953764275543 1.5378066808141846 1.7194350921674073 
1.8631365848242716 2.011950595817564 1.5005636158825955 1.6817724077920442 1.3242149058633383 1.526503319095851 2.025546582478579 2.1632166382705753 1.698014189985069 1.8600858732033447 1.5443788851802687 1.7209803622617692 
1.8787195069729807 2.015184973296695 1.519341102544389 1.6851649404734244 1.3443242859819202 1.5292453291087078 2.0374571142580646 2.163935069072268 1.711736513731246 1.8604906296890613 1.5584775559631263 1.7205335751332491 
1.8822761011551148 2.0130498926007028 1.5232948109212805 1.6822109350791001 1.347757975669111 1.5250764276257436 2.040826517683387 2.162031319014528 1.715353210064825 1.8579136644095442 1.561557272494256 1.7169355446258605 
1.8838352736251915 2.011959891885149 1.523794556938205 1.679612193381109 1.346708983171383 1.5207801793009075 2.042121610446964 2.160881287867175 1.7156267616980392 1.8554035824732311 1.5604648086562225 1.7129499956083074 
1.8828984575442964 2.0095014942573917 1.5230995323427454 1.6770873082289692 1.3448454518727013 1.5170362366874068 2.0406750756557717 2.158041801820041 1.7143162918209376 1.8524767211500093 1.5580941731495852 1.708931568671692 
1.8797111286910655 2.0021840505121 1.5183575566134084 1.6675840951883176 1.3385652513512518 1.5057170972413907 2.038108055497804 2.1515834844795214 1.7105496743108746 1.8442904416292567 1.5531669101178531 1.6993394291562351 
1.8798686607977537 2.008207601511741 1.517065474476807 1.673463248108407 1.3354102912024977 1.5107323504742791 2.036136230253158 2.1551896290279284 1.7068779160061622 1.8472746977830719 1.5476644378383642 1.7012515396229742 
1.880945931239197 2.013318077529055 1.5167803961830761 1.6781283786722905 1.3337820002703926 1.5147496523535795 2.034603851034714 2.1575692145804477 1.7036073504905083 1.8487212038880525 1.542928922097609 1.701799560378745 
1.8777115134726021 2.0098149718189413 1.513070153637157 1.6741974145684164 1.3288265695069352 1.5097469142036921 2.028023236160663 2.150914675092336 1.6960126793180437 1.841199256334732 1.5339027904034759 1.6930485709298388 
1.8758083182364822 2.0088276257123656 1.5078351523840994 1.6704186390917637 1.3222998324000423 1.505060938907518 2.0212764723226706 2.1452948889663586 1.685368973716195 1.8322664000153415 1.5216368086916077 1.6828874474025826 
1.8702848336153775 2.0031827637616346 1.5033265347394424 1.6657630372390004 1.3160437915402738 1.4989153036218223 2.0089345548353985 2.133212101923224 1.672675508522708 1.8200602141115276 1.5065934912947487 1.6687120105613489 
1.865283704985719 1.9975459888286051 1.4958564217481736 1.657857989058547 1.3077236286330725 1.4903180084415708 1.996104184136001 2.120221354322527 1.6561204812226826 1.803785387934288 1.4883849309655248 1.6511197352479468 
1.8619513663561595 1.9941068359733312 1.4888886092235276 1.6511779047926876 1.2987361897920493 1.4819969208050232 1.9841911180316198 2.108699498618893 1.639189065628358 1.7878870141805858 1.468627656308967 1.6329318343015946 
1.8565623931629578 1.9920024788907693 1.4851786859859555 1.651364794800643 1.2957388081349457 1.483303413030176 1.9788479281104372 2.1064399062842902 1.6354726938065858 1.787741840531504 1.465590072901345 1.6337699403486923 
1.857257386899748 1.9915711585865263 1.487511933933197 1.6521629556777018 1.2962351738761297 1.4822875242386948 1.9789586191312036 2.1055231878926626 1.6369373746828801 1.787879930854888 1.46529786768209 1.6321913244327944 
1.863951593849328 1.9980523481614414 1.4946579276253982 1.6588851564811378 1.2986874208266783 1.4847513794549743 1.9846533086998974 2.1111007549412344 1.6427219886923805 1.7934417118806647 1.4666704566921125 1.6337135214943437 
1.8665474660043604 2.001524663252317 1.4993266989043113 1.6643563575170133 1.3030028308669552 1.489938895393801 1.9853590472776703 2.1127593524505577 1.6448804375416772 1.7965893210656962 1.4681510416191175 1.636327905942846 
1.8748034993916882 2.0095481272592903 1.5085011687537135 1.6730126390949112 1.3128306329954826 1.4989729101525884 1.990036280717344 2.117460722896961 1.649524784103385 1.801201689931286 1.4727119569594453 1.6408156577176243 
1.8873201823118753 2.023545849903513 1.5203793198283546 1.686509298006308 1.3243975995756447 1.512213390319544 1.9975655801304073 2.126741306088197 1.6552474293958985 1.809034103775197 1.4772676731458418 1.6477500156946532 
1.8917483415871388 2.033573959318345 1.5269929289612607 1.6995348378946782 1.3322088958934668 1.5269223301850325 1.997469961225372 2.1322751947433263 1.6561648055666711 1.816478219885306 1.4784975483231921 1.6560997133378443 
1.8907787189951657 2.0451076999036015 1.5230901134880366 1.7109134501210161 1.3267595499580922 1.5387372236366414 1.9892940659452538 2.1365187152948133 1.6437914132897153 1.8191953029856358 1.4637409675229425 1.6583000211074592 
1.8817635101849435 2.0529692150306493 1.5110479217627613 1.7195681177154805 1.3124945925464073 1.54799571868386 1.9759458877873046 2.1396286689665476 1.6268355986588074 1.8221533290762224 1.4442888556876565 1.6612100975685045 
1.8780978000986663 2.065827570547806 1.5028011921526578 1.7317054101767568 1.3014678711114809 1.5601957646511702 1.9696825656068162 2.149428206234265 1.6157999522389677 1.8306287690723781 1.430460304257147 1.669313896951514 
1.8680838114339546 2.0703001619237753 1.4927115311879955 1.739135805295725 1.2926273338211636 1.570761298880772 1.9580171606861903 2.1517985118178724 1.6038334671472627 1.8353984374684453 1.4194997355200916 1.6767185610774429 
1.860322315989251 2.074967571786993 1.4817650672652567 1.7436510600368442 1.28022747578999 1.575967542295085 1.950191763783144 2.1559079804406336 1.593134178507137 1.8392302235793132 1.4076331858575974 1.6811075190265523 
1.850253448123797 2.075306130259823 1.4678296434852376 1.7429806580378338 1.2648562852332277 1.5758550486304252 1.9408345298592562 2.1564545866523597 1.5804824302389444 1.838853562493218 1.3940094233160694 1.681285218008533 
1.839279351804396 2.073401585215464 1.4538642562405886 1.7406225539082274 1.2496467089437717 1.5740592418247796 1.9299687857512098 2.15425743902023 1.5670201835247686 1.836191127081819 1.3796549848328021 1.679134740505955 
1.8322788135198256 2.0717785474933414 1.4432346323705025 1.7372239071154933 1.236950879248493 1.570053558657672 1.921212269738464 2.1508317657998313 1.5545858416290879 1.8307806636442334 1.3652319995493878 1.672985090182701 
1.8245381567763417 2.0676143754416128 1.433652611455373 1.732469200399479 1.2266470621710266 1.5654880182016118 1.9104729823666207 2.1438275901650323 1.5415340869253622 1.822749862475049 1.3511589639834427 1.6648484213143278 
1.8208989429533673 2.0660391459671548 1.428034502261304 1.7297766710962112 1.2201080439242626 1.5625326975998584 1.9070429880966737 2.1423486529201288 1.5363666677094665 1.8202382618406554 1.3452894249375078 1.6621216649417365 
1.8204664386040326 2.064426440831363 1.4270997424439718 1.727533545377238 1.2185650641979073 1.5596984616276475 1.9076719994023212 2.1417214881547157 1.5367914881673603 1.8191994265675355 1.3453680607564795 1.6606545981701462 
1.8212220562360018 2.063449943933821 1.4274625025269456 1.7258693719747418 1.218879245093824 1.5577684382219616 1.9098968366957652 2.1421208695637346 1.5389949138384085 1.8191979655387946 1.3477843903312168 1.6605717858076745 
1.825447978199187 2.0637247732271615 1.432587587239084 1.72597995748256 1.224570156876077 1.5576494110137558 1.9143146353229135 2.1427319341279016 1.5442303574957656 1.8197106955589122 1.3534815370042916 1.6609069478846488 
1.8328751318819867 2.0650333524840248 1.4407489522714947 1.726467214073702 1.2331868300753985 1.5574598728928493 1.920934839241407 2.143576953228274 1.5512307858637315 1.8196836122830282 1.3606282245387276 1.660192959631925 
1.836476051966758 2.064664167012982 1.446163922606082 1.7267263605294876 1.23931731717402 1.5575946988056328 1.9250729754602578 2.143851625917104 1.5571293338857277 1.8206717429419863 1.367175586399717 1.6611330221109355 
1.8435322120502262 2.067039426587408 1.4519930832021206 1.7269409045670323 1.244215451787511 1.556313935125815 1.9317708519042314 2.1461080118360307 1.5625016867404655 1.820838404490305 1.371568335106494 1.6598917651662715 
1.844373970307879 2.064976401111947 1.4516833924617478 1.7233098580200976 1.2434115656327351 1.551929288450105 1.932546108714938 2.1440957667765796 1.5621791804749061 1.8173651220129787 1.370799562849817 1.6557486633874265 
1.8420803738065423 2.0612035833859914 1.451642560537287 1.721210687906408 1.2443834391228654 1.5504161545092499 1.9300189188355772 2.1401572689088177 1.5617231019176383 1.815014918854181 1.371204969019311 1.6539356624921207 
1.8332094317028484 2.0564561090877382 1.4404371979660482 1.7155798522378023 1.2307856604966927 1.543757834054383 1.9204868979517355 2.134625220811438 1.5499911051371489 1.8085428759430284 1.3573674693332973 1.6464511395496313 
1.8272145180535426 2.052717650478419 1.43237053899668 1.710737331850112 1.2202394465782689 1.5375048502641024 1.9141242582302855 2.130447965463048 1.5417017032959521 1.803269530476695 1.3469012910921274 1.6398414391475902 
1.8228937234415064 2.0470717342395304 1.4281729395848526 1.7050627858006986 1.215670631282355 1.5314751848862715 1.909588017024206 2.124638216949521 1.5372907380071081 1.797449295897506 1.342177317481725 1.6337077797826758 
1.8191219754206285 2.042900802965785 1.4239895725244092 1.7005837915134465 1.2103092843807528 1.5261348214224881 1.9047868958122978 2.1195405275102077 1.5319120926666288 1.7919245489021711 1.3356110664629315 1.627297099535991 
1.8253567645783935 2.044734649315676 1.4277245609682911 1.6992380322109377 1.2115074931638268 1.522091611602961 1.9095423856966625 2.120227485646788 1.5338912043466775 1.7893671213286835 1.3349813522188616 1.6220936097809213 
1.817703534490391 2.0348470654324022 1.423880915420549 1.6923336850925295 1.2098122099313018 1.5166416925888793 1.9024388448775063 2.110883700941115 1.5305764536601432 1.783036937614827 1.3337439793674273 1.617228939544077 
1.811651646145453 2.029369194449726 1.4150707647964216 1.684839134689579 1.1987578453472283 1.5077393714370961 1.8963738882566195 2.10534832378434 1.5220307179756687 1.7756224674354426 1.3233187858039082 1.6085491131020928 
1.8061387739684485 2.0239537385109 1.409294159369239 1.6793931917309448 1.1916535001552464 1.5014291622425116 1.8907324832964207 2.099790653420538 1.5161932858947273 1.770054672882239 1.3163472630701407 1.6021927417736763 
1.8033951974570772 2.0209079388659075 1.4060004613837258 1.6759092924652128 1.1874200758835307 1.4972645376723681 1.8874589148670893 2.0962671142941804 1.512317497918757 1.7660517754786382 1.311576667111477 1.597519330985153 
1.8026116124042832 2.0199421889635283 1.4020130953649363 1.672243565140787 1.1815770537611037 1.4922741556278356 1.8860614923312469 2.0947519601219544 1.5077997371185505 1.7618790732722747 1.3053519301915366 1.5920745846959463 
1.7971289345466814 2.013563994112154 1.3983324827039134 1.6673635725854425 1.178779511607192 1.4880486174802523 1.8797506067627403 2.0876373953885983 1.5030381460311943 1.756101141570408 1.3012728665521653 1.5868454947552046 
1.7937883590868573 2.011220702398302 1.3945304926015494 1.6649466451978332 1.174853179080484 1.4858034960772974 1.8752324361517214 2.084185386705204 1.4978435523096263 1.7523890389281485 1.295800912484445 1.5831715135624187 
1.7902656380848765 2.008671071576292 1.3906624086770485 1.6624230369516209 1.1710503383319821 1.4835994451965295 1.870260560661923 2.080284351632596 1.492235050106869 1.7482773989408689 1.2900319394369466 1.579205757223374 
1.7863536199238434 2.0050884900111066 1.386162470641526 1.6585436359574683 1.1669570748810856 1.48023964680555 1.8646295064207847 2.075129825715736 1.485675043815107 1.7425702089657737 1.283578106472302 1.5738149042295349 
1.7808940325092673 2.0000669239970748 1.380018349380587 1.6532195226487982 1.1613370114773403 1.4755974382151524 1.857252520651707 2.068349842484854 1.4772454146373646 1.7352055095887402 1.275345845120891 1.5669049652442615 
1.7767580101006666 1.9962068134281277 1.3746223170227085 1.648502086737193 1.1560949452605005 1.4712335429757164 1.8508930273186723 2.0624688153028834 1.4691910994070443 1.728147882010356 1.2670799085207214 1.5599564449358447 
1.7705657135507566 1.9904970077650204 1.3682658503381204 1.642962820371021 1.15050052081757 1.4665697529682997 1.8425119598041961 2.054756850321103 1.4601708164531642 1.7202541106306068 1.2584112302508668 1.5526668078958539 
1.7653645027153486 1.9860121411681777 1.360987625751024 1.6370765757494088 1.1430763436653781 1.460943505022494 1.8346591200131457 2.0478541168909983 1.4497412102328504 1.7115729531829516 1.247431676143992 1.5439618467006917 
1.7606173576148934 1.9817780542570473 1.3556628052487276 1.6326335834886065 1.1370983612400687 1.456249792973324 1.8276492401319377 2.041561295027619 1.4416483297097282 1.7047054534302544 1.2383541287349307 1.5366169739251383 
1.7521547545549423 1.97388882764696 1.3448716344356029 1.6232284291218813 1.1251106000342768 1.4463971385167664 1.8161499986370866 2.0309090667849925 1.4272470867896314 1.69210669484802 1.2223863529790775 1.5232922293340465 
1.744015398606744 1.9664728702164798 1.3364959960199807 1.6160592149105923 1.1164854966265527 1.4394324238731877 1.8055312132935948 2.0212295270199867 1.415830074188792 1.682260573661952 1.2103276894202826 1.5133799769051526 
1.7358793151888778 1.9583276880288976 1.3269561019493474 1.6070416401887686 1.106360915841032 1.4303163331587203 1.7950953952173705 2.0110041806845174 1.403532321512621 1.670830127311154 1.1971319714762474 1.5016308780557914 
1.7280518398004645 1.9508256699094797 1.3182420042760625 1.5991621603757922 1.0957858926988293 1.4213741083816642 1.7859736171572553 2.0023135105476793 1.3933056312172756 1.661583044966989 1.1850254523771928 1.4912554965939844 
1.7199081859397058 1.9429700740110256 1.3079881352911462 1.5899312886104262 1.0846196365834475 1.4118952852468947 1.7763324009954922 1.9930893957036673 1.3813419536184406 1.6508040868820293 1.1720377070838677 1.4801084174027286 
1.7120255732393443 1.935647716973702 1.2983072641811357 1.5815505913582104 1.071773306733054 1.4015700274426193 1.7666489715349525 1.9841242676368598 1.3695323206940042 1.6405240925464961 1.1570285416641652 1.467792753431323 
1.7039778399782084 1.9274705663736607 1.2873098619744976 1.571231677963756 1.0579787154460152 1.389575930792125 1.7570942967868286 1.9745841772132178 1.3568369723002098 1.6286831719216603 1.1415598324226375 1.4542218386823933 
1.6953681587201557 1.9187989439444069 1.2770644816931411 1.5615408685276768 1.0448738235797523 1.3781427723143098 1.74643144517332 1.9640618590997003 1.3441143141452556 1.616836257377404 1.1258378685628634 1.4404954355950494 
1.6891479740495687 1.9129322241615783 1.2678539085540426 1.553557964620491 1.0324404625138257 1.3682185953405848 1.738496122013438 1.9566444700700645 1.3328921267138472 1.6070750565719583 1.1113420700467354 1.428695213352296 
1.682413610017114 1.9055556237409648 1.2587785597041354 1.5443931307704064 1.020468054164763 1.3571962752567581 1.729943034170437 1.947647191221967 1.321631873357637 1.5960380599079764 1.0970607986227645 1.4156867859363587 
1.675567892943403 1.8987412084754456 1.2503448327012816 1.5365717079143413 1.0095433410521788 1.3479125232606142 1.7211821685198796 1.9391128049009414 1.3108403770218537 1.5861881688282748 1.0835672802511136 1.404210975505745 
1.6696938680692894 1.8925629711922891 1.241755282279156 1.5283563615623768 0.9980059464092318 1.337883722872876 1.7140856260036095 1.9318401901120563 1.3008336178282702 1.5767324085374113 1.0706202824868332 1.3928907983514667 
1.664460916612481 1.8873860150087105 1.234423723415287 1.5217088274865402 0.9877933563911335 1.3294854424364564 1.7072681581024292 1.9252429432127418 1.291563529088082 1.5684170926097627 1.0583336598967554 1.3827024128099512 
1.660372727196912 1.8834642638816672 1.2289513212569938 1.5168788317196962 0.9802802797258092 1.3234611694036627 1.7022753129148382 1.9205054754046682 1.2849999991281364 1.5626340063685131 1.0496918950622183 1.3756646083472928 
1.6540462970673948 1.8770084485910978 1.220110333716734 1.5086287779577718 0.9688207367941503 1.3137371058481828 1.6940744486126813 1.912375434030243 1.2738478366910078 1.55241098755528 1.0356798272836834 1.3637904046745453 
1.6497257106024505 1.872538798856451 1.2137436352964988 1.5026577272362327 0.9608924519543068 1.306951007965777 1.688838298494785 1.9070871588531972 1.2663938923031648 1.5454967238602482 1.0265934845218725 1.3559870262885114 
1.6459245663266222 1.8682820566385256 1.2080961402295265 1.496965747489728 0.9531457863503777 1.2999604052268208 1.6838964053995362 1.901819462840119 1.2593393943323936 1.5386181707095103 1.0173132831716492 1.3477152819633234 
1.643905277516527 1.8660061456883494 1.2052055432359619 1.4940129771011663 0.9478102771370913 1.2953372903405083 1.6808157996659507 1.8986037308260746 1.255084695312109 1.5345331429156848 1.0104758841292008 1.3418702942932634 
1.6437832242012358 1.8654550623977546 1.2037364296910724 1.4922736658620666 0.9442815131968909 1.2921172074643268 1.67999039728369 1.8974369651256957 1.2527273601887243 1.532065645011796 1.0059880829142112 1.3378756760721118 
1.6403229383091396 1.8618353580064833 1.1996402877292551 1.488256825391078 0.9383571910222299 1.2869676671630603 1.6744994025627866 1.8920147482414427 1.2459637744264997 1.5258431392391323 0.9968967475035364 1.3302536162563625 
1.6386620465826687 1.8599172987018804 1.1975027377465575 1.4859649598865041 0.9350402723468654 1.2838922719646302 1.6720769240410263 1.8894232704744853 1.2428357670708146 1.522734316619449 0.9924355132251668 1.3262757266158873 
1.6355791627499905 1.8572544354993366 1.1932885307510335 1.482636961019777 0.9296471575936539 1.280046357825356 1.6666711516138868 1.8846929639020673 1.2355610254544127 1.5168671293761888 0.9833195653611088 1.3195424237901408 
1.6349019269428149 1.8556726197746547 1.192450843733749 1.480728055985072 0.9286881708740183 1.2779195122468905 1.6652914204911191 1.8825015474685087 1.2337869423694392 1.5142149055604128 0.9811997366292603 1.3165749064224679 
1.6354247522731855 1.8559480510908193 1.1922598471590873 1.4803420520770902 0.9280371145314232 1.2771773306584369 1.6651051607474556 1.8821541499961714 1.2326575433378932 1.5130676346904688 0.9793946916069179 1.3149688247056697 
1.6362999133109706 1.8565214213419379 1.1951488994688024 1.482422096941856 0.9316398754355085 1.2795105466941215 1.66712574000928 1.883746961404713 1.2370172668970671 1.5163792732036039 0.9847759563481888 1.3187031757759171 
1.6370582418667852 1.8570282233030195 1.1955954081812 1.4825796824939863 0.9337221175831544 1.2807931635295253 1.668897892839454 1.8851563095945039 1.2388336730667155 1.517663666430731 0.9884824137656522 1.3212462364010615 
1.6400662767683507 1.8592877168724586 1.200521769312327 1.4860639086233136 0.9388056907543754 1.2839351801834855 1.6723237777992634 1.887803019309165 1.2442274487378906 1.521589749608218 0.9940852833599338 1.3248920607026067 
1.6431949777311516 1.861268106340642 1.2046395022748009 1.4884171321510915 0.9446165603253418 1.287062420739911 1.675384062607998 1.8897462755832806 1.2481900307408644 1.5238791230543451 0.9995611379204776 1.3279125337464361 
1.6472322222326152 1.8642209725784655 1.2108462944409584 1.4926803373131838 0.9534154517110577 1.2926510991761853 1.67767240361204 1.8911717358509246 1.2519422704906964 1.5262061752205696 1.0050928929414435 1.331224084848753 
1.652802746461177 1.8678182063438642 1.2174768605232749 1.4964083129779817 0.9628375632003613 1.297707249864009 1.6825438315567325 1.8941862839619577 1.257555856536643 1.5291941229123298 1.013041459916429 1.3353804449480342 
1.6625395825761144 1.8743543459101752 1.2285231848167784 1.5028092247628642 0.9762492343824706 1.3046949520989035 1.6910705318916655 1.8997067916476902 1.266866565914643 1.5343132816450362 1.0240821489667515 1.340861886337426 
1.667471378653199 1.874729014313162 1.237699717470922 1.505340050987683 0.9901942751943176 1.3094398730402248 1.6934961332543987 1.8979139158106197 1.2725442803091764 1.5341176694854928 1.0334181425481168 1.3424236052109633 
1.6774939190687428 1.8785275867850888 1.2500692662859167 1.50915645852662 1.006360856011704 1.314398044091899 1.7007794308823851 1.8993500778720624 1.281147140071198 1.534997732999176 1.0447138347473963 1.343989227007646 
1.6867716854103432 1.8836209927217442 1.260891387194809 1.5141586494889 1.0205850194383856 1.3207661062512355 1.705040864285091 1.8999983353682313 1.2852286646671283 1.534484293175414 1.0505043608105822 1.3440196195004186 
1.690201329800876 1.8831448729879094 1.2641533313885027 1.512460816900937 1.0257703228601662 1.3197192249340957 1.7061755513606005 1.8974954781133604 1.2854330484551304 1.5302915406747337 1.0518836589949716 1.3401169014159362 
1.6958587183090132 1.8845388027697094 1.2690539382014814 1.511968122926105 1.0313194091379692 1.3187757316332032 1.7090852476879816 1.896449865022719 1.2866753628886696 1.526788523713972 1.0529270226680905 1.335741375321095 
1.6984427170151162 1.8828472018572537 1.2713693684298397 1.5089022478416851 1.0348600673432566 1.3158044237430158 1.709808844222561 1.893106496302226 1.2865141630707722 1.5216847946738805 1.053410641574163 1.3304434983649964 
1.7047174904761935 1.8839691768644864 1.2767288429167136 1.5077515297208124 1.0398217897002593 1.3132050454424282 1.714197815590561 1.8925517926903481 1.2893599059127945 1.5184620851425465 1.0552922737211006 1.3254885589907783 
1.711574100490484 1.8840507676200793 1.2828111455197952 1.505246102326729 1.0462988524651118 1.3095429287235336 1.719197310813919 1.8909787907350548 1.292964781852085 1.5139086235997898 1.058723184175075 1.3194908768952553 
1.7164192063694728 1.8816923998076864 1.2880283684740839 1.501228987694419 1.0525523188868144 1.3048133121232364 1.7222553260402507 1.8870174359485952 1.2957953519263796 1.5078982026562702 1.0620427957827359 1.3124809696045159 
1.7271083382012316 1.8829063507950203 1.298368582138454 1.499397908850156 1.0638811297716582 1.3016436425781905 1.7308105452718443 1.8863028011441376 1.3032892644475438 1.5036608729378511 1.0698808298236864 1.306551990547724 
1.7390154196266001 1.8901517809051946 1.3151477429167722 1.509341813791389 1.084810832218724 1.3135119591610425 1.7407369808041304 1.8917358064748575 1.317423315544051 1.5113250204701436 1.0875684568518342 1.3157903607714567 
1.7499087195753955 1.8963063236739996 1.3306595127402052 1.51804212234246 1.1049393426093579 1.324646404594826 1.7496103004857968 1.8960309464578895 1.3302670467112985 1.5176981129084928 1.1044666710978652 1.324252156473985 
1.7610209545174216 1.902344321065314 1.3456381654254053 1.5259296136747103 1.123410584892919 1.334080378346616 1.7586008093394732 1.9001041866827857 1.3424693950364195 1.523135972344377 1.1196130343156292 1.3308840897123424 
1.7750424573789916 1.9127733300258163 1.3615936221567908 1.536835475403288 1.1409586926344222 1.3452556726726894 1.7707369123328427 1.9087784835485886 1.3559759139077838 1.5318605568582442 1.1342487493923235 1.3395694502555848 
1.7855282432698958 1.9181816873889919 1.3769339444993287 1.5450750680256542 1.159976321962858 1.3553062184740687 1.77915605351371 1.9122515893768999 1.3686607478679587 1.5377067734371466 1.1501435661492352 1.3469001822980349 
1.790332302634927 1.9150267644965382 1.38551848383848 1.5432754854328763 1.1716974286299684 1.3545894651657675 1.7823561302326985 1.9075720510266656 1.3751963824043751 1.5340152688477648 1.1594733655319902 1.3440298509549853 
1.7951502983915664 1.9187328897413862 1.3912956877009754 1.5474737474268603 1.1780001983935868 1.3589171335204109 1.785169297869345 1.909398002097868 1.3783934557503275 1.5358840539621896 1.1627335445644158 1.345704501001364 
1.8009352732956283 1.923776156760552 1.4002788931496468 1.5550973671511379 1.1885563085526911 1.3675572899591448 1.7893057084244715 1.9128935571328585 1.385289875152634 1.5416143749071622 1.1708600079430505 1.3522056060083467 
1.811048978855238 1.9313380737956263 1.4133877161672943 1.5645552683406874 1.203515512410455 1.3779034581902319 1.7972595076539726 1.9184134302419278 1.3956748082030428 1.548572414106812 1.1826634866489285 1.3597283824840165 
1.8238544927753009 1.945987709179236 1.42993719848693 1.582764462918172 1.2225226592651155 1.3982076404728483 1.8063541736372328 1.9295953861047268 1.4075477190548995 1.5625663297526444 1.1962574314154333 1.3753017107808199 
1.8315865832118257 1.9583395173568778 1.4400264278830337 1.5981427866250155 1.2340008485416736 1.4153241139899968 1.8105269814563851 1.9386573199050856 1.4131435354490958 1.573962802998079 1.2025209490822062 1.3879628548421494 
1.837254624224378 1.9685255199600182 1.4473828640114061 1.6107468216743002 1.2427570300882873 1.429696892468421 1.812754522861234 1.9456790918992424 1.4161537914202187 1.5827443664261958 1.2062418670208144 1.398072820082652 
1.8399782312225028 1.9745127921015577 1.451922920327622 1.619030895743713 1.2487218912843203 1.4396135719604377 1.8127282983869064 1.9491446222824742 1.417231159328883 1.5879940282547318 1.2082095655028933 1.4046178231008926 
1.841351924706717 1.979908184386622 1.4530221158059262 1.6250331618158227 1.2492539963598797 1.4457161047042155 1.8113753269107786 1.9520604711230465 1.4148416636999104 1.5909859965823487 1.204632396933243 1.407337457655814 
1.8384768950360568 1.9817385924691027 1.4506467935308789 1.6283938942655798 1.2473864459666941 1.4502632522688492 1.8057069765001796 1.951375986395605 1.4088848466008215 1.5913035745204056 1.198563030041149 1.4084899333262628 
1.8355193812374904 1.981824639244971 1.4464872810012743 1.6281348088897492 1.2426525778746285 1.4500630783239947 1.7997233622694515 1.9487179586893686 1.4007848642452059 1.587669908299096 1.189141796043878 1.4044770247029532 
1.833663459753736 1.9823330013991194 1.4430963220922022 1.627835814704923 1.238082221032206 1.449196339643473 1.7953514064372025 1.9469486684029553 1.3940918132590983 1.5845549623146684 1.1805983969987595 1.4004053055440915 
