1.9984941494268853 2.1419549903612563 1.706047491746197 1.872055116585377 1.5973552212621618 1.7735659047054015 2.193526217872376 2.324983781434505 1.9308486339673263 2.078982626847442 1.8355168498527847 1.9907572482684799 
1.9918038944160643 2.13701405058811 1.6982544065631038 1.8664443008059468 1.5890814280618222 1.767689476014099 2.1931515379952655 2.3258245779101654 1.930465991467086 2.0799627984199622 1.8351595842898785 1.9918225318564402 
1.9830740824051432 2.129772541917798 1.6880698038609068 1.8582055663211754 1.5787172099863231 1.7594590910581014 2.189675699117794 2.323365647354501 1.9265711805451153 2.077263771817869 1.831514367977221 1.9894203035324134 
1.9838663573089417 2.1303748875402775 1.6890461167363813 1.8589373906246143 1.579809914281541 1.7602757747189075 2.2045418278776774 2.3372582460357796 1.9434906049843024 2.092827553684787 1.8493453740343497 2.0057043027979597 
1.991628121269119 2.1373101655655784 1.698283297165099 1.8669971418912137 1.5898179963222079 1.7689074118873378 2.2387215884584575 2.3692586437596805 1.98228603754099 2.128607550731219 1.8901886251456386 2.043116543183467 
1.9961949636486513 2.140199768455328 1.7037944724925715 1.870448160333838 1.5954194922014209 1.7722934497696028 2.2619345530532575 2.3899808865964265 2.0085988135753343 2.151773666047672 1.9175288643189285 2.0670214467915518 
2.0000764063900385 2.1436398100702667 1.708087796162156 1.8741531216306981 1.600185529055331 1.7763670035547525 2.2783121497718635 2.4053258107204707 2.0268114218639313 2.1686056681006094 1.9367483955842304 2.0846775174395895 
2.008216104063029 2.152557736651468 1.7177154818589981 1.8844413935217221 1.6101203410360636 1.7869136525355922 2.29409300967029 2.4214532054157254 2.0446215525172597 2.186561268754683 1.9551005930688299 2.10309087250601 
2.01847544192841 2.1628882769731983 1.73029334532272 1.8967755929123744 1.6232768500992336 1.7996861729390736 2.300911718616794 2.428587516617033 2.0527704908411195 2.194928080158457 1.9634101352667226 2.111592277942901 
2.0379187523913243 2.1811913704185177 1.748422165882202 1.9134949760028663 1.6399735421488393 1.8149369608854766 2.310644347091999 2.4379418064810756 2.0598408986007173 2.2016874166393854 1.9686232946778341 2.1165917483984034 
2.0423407459127016 2.186237431116586 1.7579590681285073 1.9232520552478944 1.650869748955153 1.8258831591356688 2.3047618867933517 2.433188389257036 2.0569860761840975 2.1999250215439727 1.966250889488737 2.1153299844741125 
2.056068229375448 2.199710526393664 1.773788258459022 1.9384619217119252 1.6667486336718835 1.841021684806317 2.31092966086099 2.439611799759767 2.0638081595553137 2.2069467495902773 1.9725694769632554 2.1218718569996375 
2.0585334533959267 2.202096957127492 1.7756852583580685 1.9402910004919776 1.6677452727410622 1.8420220749464866 2.3094802808316333 2.43831298183604 2.061358126466665 2.2047377067102922 1.9691402904694626 2.1187695753408766 
2.061322688811104 2.2049571807378574 1.779282017727218 1.9438697075903622 1.6715333349375476 1.8457542174643513 2.3096663257292036 2.4387175887518096 2.0618806481965537 2.2054788026384293 1.969652507070077 2.1195084194424516 
2.048571035604028 2.193408750314396 1.7630161773267312 1.929410453883714 1.6534994149124334 1.8298794968947434 2.3040629183934542 2.4337429178028973 2.054334122170919 2.1987922465653185 1.9611534766855345 2.1119947010245457 
2.0440521716173587 2.188153387469361 1.7577045440840275 1.9233801577154839 1.647772061995724 1.8234633901160835 2.2998029235335884 2.4287773578271104 2.049504689209966 2.193247691870127 1.956041148619742 2.1061725812225456 
2.042559002448911 2.1866030594932155 1.7562826715779807 1.9219038695483939 1.6465909894339545 1.8222095235688704 2.2976731465735267 2.426620602769434 2.0473845345916555 2.191111383244834 1.9541024785013426 2.1042105782894187 
2.0456585337423645 2.1900352630112967 1.7606832523406815 1.9265360447271576 1.6521330798313314 1.8278619559564557 2.2953830261359345 2.424936876133678 2.0454999181307634 2.1898871047688644 1.9528461571442233 2.1036025599035955 
2.0515222022398123 2.195585147837107 1.7684600578703749 1.9337274294488584 1.661016738712434 1.8359813183697948 2.296081217048493 2.425662744571654 2.047119094064361 2.191471510287754 1.9550504380406377 2.105723868507666 
2.058422495016572 2.2005772260228107 1.7786934537435757 1.9414395077081978 1.673425503806563 1.845478224333804 2.295767249176242 2.424042949720621 2.048705566153968 2.191490692768338 1.958008429805717 2.1069489720660655 
2.075433263013246 2.214494597040555 1.798330948747146 1.9571809554361115 1.6942610345580784 1.8620106187457175 2.3015516053788168 2.4276949732867616 2.0551668458355907 2.1955122079646494 1.9647485885532046 2.111113475709397 
2.0870762947815513 2.22436499566485 1.8112171265309662 1.9678464506000184 1.7069427578683152 1.8723156123739102 2.3053090132646186 2.4303007674646135 2.0589001106996645 2.1979494624624767 1.9677946450377108 2.1128482999825353 
2.0994661686016665 2.234746501056207 1.8250289510862452 1.9791574983267401 1.7206979605680248 1.8833839763529265 2.311098922526459 2.4346482211159297 2.0649820117625626 2.2023815381951786 1.9733781969260127 2.116732207668925 
2.1205364106594726 2.2533701071445322 1.8498132061731423 2.000702643716092 1.7467656530091724 1.905831161822201 2.3185299609736685 2.440611265804647 2.073816628521567 2.2094609251065203 1.9824471638690804 2.1239347749807576 
2.1378467399617893 2.2690884779719918 1.8685039201364417 2.0173449722011476 1.7657568109921733 1.9225688421654112 2.3320062639635535 2.4528813775772464 2.087862886102737 2.222058790506059 1.9964372384738895 2.136383739983351 
2.1736113668601296 2.302965227575866 1.9082459029547423 2.0543770081033226 1.8066240555642892 1.960345108245882 2.3548222678885042 2.4747222831306868 2.11234560745716 2.245231932479039 2.021012621767504 2.1595264486973895 
2.19683631953001 2.324185944180491 1.935991821265307 2.0793784697178532 1.836148286279232 1.9867538895208334 2.3740079017151903 2.4923210077608706 2.134921083929371 2.265753411765314 2.0448139846465647 2.181058165232225 
2.198057375744082 2.3236708293953687 1.9348565753210134 2.0764536747500437 1.8334545827652673 1.9823081504607099 2.390779515568711 2.5067541938496802 2.151288086719898 2.2794802759363724 2.0605645275173887 2.194063825047704 
2.201442244579505 2.324228102988011 1.9349093069752004 2.073538604588603 1.831452455353196 1.977348329131529 2.4088093983998093 2.5215176057920456 2.1679226895392856 2.292504548811027 2.0761100302775986 2.2058833097694106 
2.1947896216535674 2.3159995746886937 1.9296618883416363 2.0664819258726195 1.8264064507437028 1.9704093660856898 2.4132094601004304 2.52395175170965 2.1748731959169962 2.297134294062541 2.083803958705859 2.2111063938576567 
2.1892301480105307 2.30711485354722 1.9255228904788981 2.0585647204443704 1.8227806457602655 1.9627989171227425 2.4166883065381457 2.5239716078946315 2.1806632320828934 2.298987263613744 2.0904982689680014 2.2136470628937692 
2.190721533426017 2.3047315108915485 1.927903634266101 2.0565356605943985 1.825630304584266 1.9609825367137872 2.43466090986331 2.5377352593003946 2.201164539968887 2.3146601980196664 2.1121645101687605 2.2301940315354716 
2.202070675873481 2.3098644763929093 1.936227166099549 2.0579927785349224 1.8319209415097286 1.960176771034156 2.4583556286147634 2.555361233661865 2.2233696889950374 2.330178407697979 2.1331505973891973 2.2442571396571047 
2.2018726806634144 2.3049363323683996 1.9404644969315699 2.0566697980647963 1.838783191638397 1.9610231564853815 2.471124025752631 2.5633848999071303 2.2413418107579863 2.342669696536814 2.153911389693617 2.2591641084861207 
2.2131253674019216 2.3090588620989916 1.9524145534793296 2.0605221487375207 1.850919340608307 1.9646198976488785 2.4934313319275287 2.5789588488066055 2.265214891315588 2.359031038506677 2.178343021803015 2.2757432318778608 
2.2236086067086624 2.313504330912056 1.964065076678683 2.065289006107581 1.8633490534596142 1.969755504713425 2.5124517295719015 2.592350429002383 2.2859418371928975 2.3734778567218275 2.200010943752062 2.290832862945012 
2.234281291230003 2.320863342112243 1.9765834639448976 2.0739517724287637 1.877006438864931 1.9792793981548968 2.5311354591053417 2.6078804567618525 2.306841133225348 2.390796891908723 2.222113182432526 2.3091515238200393 
2.2454247866760175 2.328665254187265 1.9889423804170496 2.0824603684245804 1.8905285590593546 1.9886798701799742 2.5493195783618496 2.6229334162458335 2.326583252888028 2.4070187008120727 2.243032784561795 2.326358842925794 
2.2558069269165504 2.335651068234442 2.0003847714689016 2.0900096303473554 1.903402126804709 1.9973834577628529 2.5645876397824057 2.6350921773525666 2.343071510757768 2.420038248777215 2.2608371296766805 2.340509676960275 
2.257827702660522 2.336473902709228 2.002470265172817 2.0907442517059067 1.9065168215626345 1.9990324544742364 2.5680073574079363 2.637420359146659 2.3466493167282776 2.4224135441417287 2.2653216645106475 2.343716409218763 
2.2672118631590763 2.342629062026093 2.0122374300388235 2.09684543174962 1.9174227591350976 2.0060337302870184 2.5858548840662445 2.6522267571324383 2.3654799352032665 2.437859022513248 2.285367779209563 2.360204901284897 
2.275110287442174 2.346956071038657 2.0209893915667174 2.1015408871076504 1.9275767952601033 2.01187183512897 2.5966085041887257 2.659784146013584 2.3771089635995257 2.44596054837056 2.2982169622612245 2.3693621894900767 
2.281645467466749 2.351175336339585 2.0287507251536745 2.106643996457769 1.936885254838696 2.018327008542362 2.605932247317946 2.6670212411249294 2.387636141293635 2.4541649834947035 2.310086866074858 2.3787855623850502 
2.2891273843258353 2.355881067267709 2.0370023218618187 2.1117409596611134 1.9461034548220812 2.024201096311935 2.6136181086896455 2.6722782488937113 2.395886870382331 2.459744969932948 2.319097689462529 2.385012686488363 
2.2967893931000747 2.3614536046293626 2.0455302671573965 2.1178799976431644 1.955316320050802 2.0308824490888213 2.6219598845628833 2.678786151751761 2.404917086690726 2.466748427468235 2.328667866282568 2.392470614661131 
2.302336432381117 2.36589491799391 2.051590536503181 2.122670357024239 1.9618512917826902 2.0360663560378898 2.626805283013838 2.6826874044490183 2.4100574010735536 2.4708464929229033 2.334140835097448 2.396856097722475 
2.3053834503774877 2.368618798146804 2.055501871386745 2.1261820479287303 1.9660870563823998 2.0398677581976754 2.6285603242601088 2.6841929021466413 2.4123897836532158 2.4728903384368683 2.3366717438002302 2.399082532122313 
2.3104177553646785 2.3740986897735232 2.060208990443533 2.13137877177764 1.9703954030357358 2.0446937249339716 2.632475776204666 2.688539212431978 2.415855871591755 2.476827401492554 2.3397342909621934 2.402638328334991 
2.3123087959847055 2.3771197080980673 2.0619575832660186 2.134384036163183 1.9718347452026095 2.0474516846627275 2.633214128130912 2.6903053327137867 2.4163430534152717 2.478434967964308 2.3399096006017497 2.403976513535072 
2.316733585609368 2.3815221486709794 2.0665950700343885 2.138973684132285 1.9759785272847576 2.051556574460095 2.635636220477029 2.692762805114932 2.418706051485058 2.4808329652377727 2.341754666973131 2.40586952227473 
2.3208792725941265 2.385644729266502 2.071027841521461 2.1433563625018217 1.9800247379154232 2.055557865660084 2.63855937821324 2.695703204857137 2.4217083463450013 2.4838461085737658 2.3443576854134354 2.4084918794708527 
2.323081932538646 2.387656049490271 2.0730956291709 2.1452079696541055 1.9817687125614556 2.057085067630284 2.630178885187753 2.6873839906994106 2.41223066693206 2.4744794474530374 2.334210473133794 2.398484996464954 
2.3280627646165577 2.3949552933602103 2.0784918700813075 2.153151893200777 1.98685647996882 2.064832509719394 2.6345173338192502 2.693810721523339 2.416802391631159 2.481303774509298 2.338461891541979 2.4050652048113146 
2.3341949473824353 2.4016724772261706 2.0859704498352056 2.1612120102076267 1.994594159919679 2.0731547212559147 2.6387585108125546 2.6986313408588605 2.421952341311796 2.487050015392873 2.343712074634103 2.410923251425829 
2.337793046851881 2.4053824802531927 2.090651422477932 2.165966739520485 1.9994527077950608 2.078075955567794 2.641979082867425 2.701970025871679 2.4260256624176506 2.4912224029799104 2.3478901752656576 2.415197056455021 
2.341247496379663 2.4079811348646483 2.0945940511956103 2.1689300463279215 2.0032994382528138 2.0808993118034422 2.6456610746095275 2.7048947906090617 2.4301043026388887 2.4944619115681124 2.351869750157104 2.4183102837030734 
2.3440237958275936 2.409786754384296 2.0978353092190054 2.17106831555481 2.0064743042974658 2.0829219332480995 2.648729237390262 2.7071001494599343 2.4335636425222167 2.4969694928865267 2.3552618010331674 2.420719479329647 
2.346273204288812 2.4123713072335464 2.100553373652688 2.1741347360188352 2.009172437090378 2.0859796875242314 2.651078617311016 2.7097518723978564 2.4362972646135956 2.5000163472192916 2.357963903023897 2.4237432089154347 
2.3470186701070874 2.4128999088796124 2.10159185348422 2.1749201482057314 2.010116036310153 2.0866614032638933 2.6517911455903236 2.710274084344836 2.4372500816763223 2.5007553445051838 2.3588272767269842 2.4243876451325272 
2.3461896853699384 2.4109565516566844 2.100773618583471 2.1728679782205567 2.0090159465111994 2.084286575204161 2.6525102806089724 2.7099660962780123 2.4381252112096887 2.500511947537202 2.3595232192831435 2.4239338432754907 
2.345747096558512 2.4100492306699235 2.100361944763971 2.171941102390369 2.008315004428511 2.0830595311350777 2.6518918785298715 2.708936763502 2.4375236190471448 2.499465792254955 2.3586712893942408 2.422630410246823 
2.345890936566338 2.411267757841109 2.1012260115142514 2.1739730139088866 2.0092417715805357 2.085200328602528 2.6617185303604303 2.7195134580663667 2.448814407027223 2.5115134707590343 2.370357303290812 2.435077341483036 
2.3433025351856323 2.4102479253569355 2.09793628487793 2.1724559709433495 2.0053832101140694 2.0832162897038344 2.659359376919075 2.7185328002228353 2.445907230376371 2.5101176207276445 2.3669996501071586 2.433293166449002 
2.3394817346964025 2.4079384721578934 2.093921006288941 2.170137801914452 2.0010901164560506 2.0807101078473402 2.656452089494198 2.7169340445616434 2.442962975032182 2.508597416106875 2.3638791362880824 2.431649125531496 
2.3362507172343467 2.405404295077649 2.0905939963029647 2.167599055724559 1.9975478519870307 2.07800380894213 2.6540586210138617 2.715129752475561 2.4406030007721453 2.506879617448353 2.3613888224894266 2.4298270679161513 
2.3328130401745204 2.4035712610214595 2.0868947032393104 2.1657025716400415 1.9938256303920585 2.0761692538924397 2.6497808390144817 2.7122825481885715 2.4360729292876866 2.503914823473093 2.3568331419106214 2.426891135837842 
2.3297468204481446 2.4027277687886825 2.08371724458676 2.1650076302194043 1.9904036935727987 2.075352342834402 2.6430080756191874 2.707558341256609 2.4289193061500085 2.499005698134408 2.3493569979439566 2.421747052709725 
2.3270721843537125 2.40209327568951 2.0809077998779184 2.1644778644081257 1.9872938162216376 2.0746382494094626 2.6351729330715203 2.7016520022224846 2.420547191771472 2.492756679163203 2.3405572302323137 2.415159477532024 
2.3228400719026183 2.399970320357433 2.0756103959164784 2.1615804529548655 1.981515337219614 2.0713943541963613 2.623716847839446 2.692241006410191 2.407584393876269 2.4820826240471043 2.3269523264640726 2.4039506377204503 
2.3186065933551556 2.3973624462625587 2.071053380178792 2.158859019841268 1.976571474131406 2.0683918768816514 2.6060948717093937 2.6764044246619383 2.3885259155282363 2.465048927131062 2.3070822997782283 2.386218536083818 
2.3260102624180314 2.404648956931968 2.0794548173196743 2.167059113747015 1.9854944103859873 2.07706545849523 2.6001474037204124 2.6707263780241512 2.3821366706119114 2.458981086278217 2.300571849317904 2.3800511967338016 
2.336710314544454 2.4170931510594373 2.091394099183231 2.1808377942658734 1.998328166768021 2.0917551646639816 2.593611450487224 2.666260407930636 2.3749809557338435 2.4541105816361335 2.2934517052029766 2.375298914010285 
2.3366454134427412 2.4243435951124996 2.0906549796087828 2.18823406489411 1.9979289225002477 2.099821434875594 2.5772163121404845 2.656985886030071 2.3564741405674283 2.443460753554884 2.274610320640219 2.3646103674311756 
2.3358590958866166 2.4304294996226985 2.089908911372991 2.19510115817842 1.99800370365929 2.1077876165866996 2.5572962140972724 2.643957973084338 2.3347902408216976 2.429402252702553 2.2528970261945487 2.35080727568983 
2.33666165406201 2.437176639393175 2.091065994645748 2.2028162156666204 2.000203185269889 2.1167557885603645 2.5412188864330068 2.6339392010454246 2.317404310249683 2.4187197074493376 2.23575904908463 2.3406112047078236 
2.342799990281492 2.4480864923901198 2.0991540820204126 2.216046827082623 2.010300177999037 2.1320700001226416 2.538427397083273 2.635911479929278 2.3154588564392498 2.4219342261141112 2.2352200476603996 2.3453409861303665 
2.3560581985620073 2.4649955229799607 2.114456722425704 2.2352001978147844 2.027876955589577 2.1534803552183264 2.5542422603995987 2.6550604923638277 2.3332532054646897 2.4432075667268327 2.2550894077200687 2.368674931287797 
2.365224978885994 2.476850362990516 2.1255095300530296 2.2490640902931713 2.041338738168227 2.16969176701352 2.5658762169571334 2.6691233168675907 2.346747179042994 2.4592114269103114 2.2707918011007195 2.386837640864215 
2.3657002457092258 2.479544257154667 2.127656405660625 2.2535580425604063 2.0456108888419346 2.176264225499443 2.570100443241215 2.6752604282552923 2.352828173995859 2.467266197026314 2.2789038032239732 2.396873925551507 
2.3584305942123884 2.4738672097986587 2.120109024394029 2.247818137509572 2.03903039774227 2.17151308237298 2.566896254802091 2.6733463088266363 2.3498135650551086 2.4656536444758417 2.276929177229059 2.396295178419595 
2.3511946402495245 2.4683912260981016 2.113671664080798 2.24331159500371 2.034371070070082 2.1687564776797994 2.5653718361551587 2.673195029637398 2.3496008863077344 2.46687318962246 2.2785262939316917 2.3992751157126793 
2.345016778327543 2.462699656770531 2.1076478364844755 2.2378483665024516 2.0289951194218507 2.1639332483830667 2.564022285908937 2.672077130521814 2.348890375185204 2.4663884332070833 2.2785802129040116 2.399523639278782 
2.340387286388516 2.4587040793655914 2.1031797925733784 2.2340945234007 2.025422461978982 2.16105281034245 2.5719492389798444 2.680062683499959 2.358150859781664 2.475618827099398 2.289071075150136 2.4099086054639085 
2.338439274065557 2.4564401341356255 2.1017375747919265 2.2322859869183986 2.0246781838337298 2.1598892661875633 2.580356081646921 2.6877569462643476 2.367961170055846 2.484560322671247 2.2998393460614266 2.4197233130654117 
2.33487753014229 2.4531880463028837 2.097970863659303 2.228892158567426 2.021331840337791 2.1569100395063674 2.590818291730117 2.6979284517057454 2.3795310640467298 2.495725664916591 2.3122432287204044 2.4316552507547944 
2.3288651078621987 2.4477217520375985 2.091446240240951 2.223033166778672 2.015095328022476 2.1513573077938517 2.597154150338021 2.7042445831318602 2.3865758663445016 2.502693239411896 2.3199582261364124 2.4392489122264682 
2.32039552495609 2.4396650820422563 2.082758523745912 2.214861934418543 2.006490155529364 2.143299574146426 2.596286485008203 2.7034115174231705 2.386283970577737 2.502415135131709 2.3200152724144405 2.4393034219908456 
2.311525756412755 2.4314983584283087 2.073395690783493 2.206355056431208 1.9973132099296693 2.135015925710991 2.5878843542089665 2.695584978300547 2.3775962228182395 2.4943930610951353 2.311548002261593 2.4315195066541335 
2.3037231911561684 2.423994950166101 2.0651366683759114 2.1984995874529427 1.9888329986881153 2.1269855837853626 2.572729382867689 2.680960173973265 2.3614794928329905 2.478950659458707 2.295049592638634 2.4157532178661705 
2.2946873776267998 2.414945576347376 2.0554624110014172 2.1889033095867343 1.9792118646167618 2.1174634780132005 2.5485651524023787 2.657358897800551 2.335491361157168 2.4537505728414533 2.268672250467167 2.390239685830641 
2.285098296617684 2.4120241558170683 2.0449755616156002 2.185889144180244 1.96818239754476 2.1142204835458958 2.5142395271741793 2.630130548669598 2.298184331685568 2.4244251948544506 2.230127378605321 2.36001153129493 
2.279036881730581 2.406460528200754 2.038363383376048 2.1799010179795433 1.961111097589387 2.107842475752932 2.4900362056581127 2.6071677105603026 2.271826683505643 2.399633231431056 2.2027773229013072 2.3343673874924336 
2.2799765178752804 2.4045142703969735 2.0397195490710702 2.1780385197104963 1.9624690254021053 2.1058681416799794 2.4894325497716725 2.603972037934104 2.2714394855823676 2.396420933630545 2.2023319852971057 2.331021691864469 
2.2820653317796666 2.40170789321904 2.0424035485943124 2.175268002143791 1.9648852007459978 2.102653675228196 2.48926477348446 2.599387954567505 2.271569763249775 2.3917374051410074 2.2021332353222043 2.3258911006215746 
2.2874657765334456 2.4018919920453876 2.04822045171211 2.17526836998375 1.9710739100327417 2.102788106645974 2.4908813744961367 2.596358119453432 2.2731470172014308 2.38825937126849 2.203888087406382 2.3224358256907256 
2.2864060114567777 2.3980585930718394 2.046048892677223 2.17010337030421 1.9677900531371966 2.096480445843865 2.4924518710349632 2.5952550733994704 2.273978881042146 2.3862130076767434 2.2038288439499314 2.3194598810942364 
2.2817482448475093 2.390197992640921 2.041398083683016 2.161938372670389 1.9631629426170132 2.0882241571308118 2.4966761541827345 2.5961631709167836 2.2791057241963766 2.387675499984177 2.209304303454979 2.3211412917839986 
2.2796203727185036 2.3841382207651574 2.0377053009974846 2.153993710694915 1.958324473552136 2.0790576605070985 2.5001581564599564 2.5958113990259863 2.281745966866875 2.3861707125252476 2.2111437102353273 2.3187502063209067 
2.267252264336558 2.367735987761146 2.0244441222565888 2.1363789181086883 1.9443872191873846 2.060675262077761 2.497813958912723 2.5893658395327703 2.2796964156087207 2.379654728093815 2.208910002996783 2.311930855138027 
2.2554672539399103 2.3518559846034877 2.010574579764511 2.118136959574437 1.929252245818374 2.0411046682410094 2.495791712301978 2.583228660013519 2.2768956669982137 2.372413943036763 2.2054155992908093 2.303899304291583 
2.2415723500827474 2.333327815442033 1.9973570468635522 2.099811245401712 1.9160758400062066 2.02265140800769 2.491119737759606 2.573994879854171 2.2738658975092374 2.3643684597616104 2.202811288298544 2.2961162134167967 
2.223657443792881 2.30925920474846 1.9773925587337204 2.0731876371219973 1.8946666607441771 1.9944391198318114 2.4758097621859982 2.5529707452134054 2.257224597273273 2.3415995665176164 2.1851186023956433 2.2721727385732557 
2.2170747817274203 2.302282270394247 1.9705623712462617 2.065962033477791 1.886999419759235 1.986416339786725 2.478829724803963 2.5553238286705833 2.2610378757932583 2.344648233866157 2.1885938469646873 2.2748683680098263 
2.211425113966114 2.295632028466244 1.9642819963233489 2.0586231166777567 1.8797619018056624 1.9781380596207234 2.485587083101302 2.56079451013158 2.268511819250682 2.350674637103153 2.1957338000040076 2.2805201809938103 
2.2058930390784957 2.2895245503324397 1.9581829883478612 2.0519354723224024 1.872763800337608 1.970584385042914 2.4909398295532874 2.5652952658855783 2.2744884590727117 2.3556859547008724 2.201377156794119 2.2851739437458494 
2.2059502742725186 2.2895254369329465 1.9572529825658718 2.0509874089235653 1.8707509141954204 1.9686084163090944 2.4988265855723157 2.572905831654746 2.282270126423031 2.3631476982539623 2.2085349612725174 2.292015878863626 
2.203813780942711 2.290012938957553 1.953864437742038 2.050597552079152 1.8665608216913292 1.96759075536378 2.5026803884381663 2.5789093055384886 2.285650932813891 2.3688740503017485 2.21148439892146 2.297395770474258 
2.203799466411851 2.2926056104958743 1.954054949830521 2.053689154686551 1.8665949013530387 1.970655962586357 2.503412933927833 2.581934297165046 2.2866296107059316 2.3723371121485157 2.212356380730094 2.300832273868993 
2.199666667338295 2.2914512222255925 1.9500244337441417 2.053000377164885 1.8626542397877177 1.970202038735916 2.5025948557046065 2.5836401197223964 2.2862726995262745 2.3747122168884296 2.2122224981676593 2.3035068130654963 
2.190318376088328 2.2861880064662685 1.942481946539069 2.049974908361127 1.8559918417466739 1.9682140963091923 2.496903765392293 2.581412292895153 2.282601572248256 2.3747486077288706 2.2094658951045636 2.304539119631127 
2.1873463001144655 2.2855421879773825 1.9387818855725985 2.048925195370597 1.8521368424132272 1.967137549696116 2.494799432504433 2.5813259121669314 2.2800034148273642 2.374370406660351 2.2067966047700094 2.304163733597168 
2.1844307693246336 2.286522270596158 1.9343613684035903 2.0489510027163194 1.8470926184607557 1.9667733598796304 2.4940435132475556 2.5839309886164163 2.27821622406044 2.3762818586043637 2.2046011886897388 2.30579979814645 
2.1829204828449433 2.288201404252694 1.9322441189518471 2.0504368235144432 1.8448291292214571 1.9682780159377893 2.493199435749976 2.5858784307124725 2.276942890637356 2.378064919051622 2.203246719735218 2.307600472357379 
2.195883868747535 2.304678693411652 1.9418496350195706 2.0640779829903813 1.8526931869647603 1.9804317609717432 2.5286132712270657 2.6236468874956556 2.311440917571903 2.415035616769583 2.237063064695683 2.3439473266832684 
2.194625504613022 2.301750477158191 1.9390941002174082 2.0595533698105424 1.849571202602906 1.975496845630982 2.531086516083154 2.624513879844791 2.3130291342518707 2.414907437045561 2.238510996153014 2.343630865451716 
2.176995858825471 2.2767169235201927 1.9195259464105323 2.0319224491705508 1.8294730466840035 1.9470748853198354 2.483956705609671 2.5718028493341496 2.2617050658614293 2.357846217513613 2.1857954100380144 2.285132502732227 
2.1701992568851827 2.262185331175366 1.9101305815532612 2.014029914520884 1.8198239867044834 1.928594566150439 2.4757555149055004 2.556771993664081 2.2512661756409433 2.3400677450845304 2.1751689354128336 2.266953364228078 
2.164040052913661 2.249968737057153 1.9016884123889908 1.998926908352219 1.8106446932003417 1.9125177573383625 2.468148381968669 2.5438251517222166 2.2416747985857715 2.3247356558831713 2.164976048323528 2.250869000393972 
2.154644700142889 2.2342066557536344 1.89144481565121 1.98160265628956 1.8007633041168514 1.8952398460917392 2.4573739375711297 2.5274240375951633 2.230192004257445 2.3071501842346196 2.1538201788110904 2.233411506958321 
2.1476207518992636 2.2186849399201227 1.882072288194149 1.962774583753407 1.7911014549679645 1.8757218318898885 2.447393329644493 2.509984477766418 2.2180296016934395 2.2869069247847316 2.1413789104192555 2.2126435787601126 
2.14369598971161 2.2106317291818733 1.8771230413336362 1.9532155687649124 1.7858143823773063 1.8656347858210727 2.439905159530927 2.4989192330416845 2.2093654300512715 2.274369308020498 2.1323315172612443 2.199613112632683 
2.140522105587861 2.2098083755181785 1.8718456737963978 1.950698438639425 1.7797582893500707 1.862513822904488 2.4339647717479993 2.495115765272283 2.2013986127256215 2.268826574269239 2.1236499697714524 2.193469253513778 
2.134597098539134 2.205764204635593 1.8643543711139494 1.9454326445425165 1.7711272311981683 1.8562819350658157 2.4256823080304 2.4885388509829798 2.191631152245215 2.2610037728521575 2.112894118381631 2.1847682963764576 
2.1262433244436068 2.19783331732436 1.8542206591290586 1.9358963992788973 1.7598635829918752 1.8457194929731333 2.416298111314289 2.479527612014232 2.1807613672158173 2.250617861108589 2.101120110498446 2.173537746334533 
2.119827943714772 2.192137194099402 1.8470403293252695 1.9295991669136883 1.7516526839970301 1.838499957072069 2.4065672821996893 2.4704981381401603 2.1701275425545843 2.2408142532914233 2.0895412650038763 2.1628633024197343 
2.1159593742141083 2.189892122576946 1.841503608393033 1.926000772306325 1.7450753926763625 1.834020600027317 2.399174517813275 2.4646260978340226 2.160992788818269 2.233435306545627 2.079433196744863 2.154619654353074 
2.111500435331731 2.1877310924896802 1.8362791409821357 1.9234485509745485 1.7390370205392667 1.8308421568901263 2.39146415578534 2.459031120796581 2.152344722298473 2.227177821424704 2.0700039803841177 2.147708016338834 
2.1091112182963325 2.1886851849874254 1.8331790781981558 1.9241980772736056 1.7358116413780156 1.8316753976028177 2.3843431164879436 2.455012180210811 2.1441286105883295 2.222449146006144 2.061500429382308 2.142843141292297 
2.1080365787037474 2.1916628351899843 1.831437714461783 1.9271045295865505 1.7330180803306698 1.833826445646643 2.378085930355125 2.452521245199111 2.136735495318267 2.2192805913072373 2.053004174801649 2.13878327741569 
2.1013746862299545 2.1886163060545902 1.8245100535563072 1.9243447452907287 1.725637684778598 1.8308717001275756 2.3684981065493886 2.4462316006314775 2.126698061391894 2.2129415734555757 2.042506579653549 2.1321582706562943 
2.098145995092384 2.190161523240286 1.8203150122773282 1.9256525192989025 1.7206986927182253 1.8317736957064892 2.3622806515996806 2.4443732853396614 2.1193631128530592 2.210495619828777 2.0344427372925025 2.129213031258782 
2.0959628775988874 2.1920060107701826 1.8167748457837614 1.926785096281526 1.7158695802049204 1.8319493397069173 2.3562414726578025 2.4420695822299185 2.111749117076318 2.207105412175098 2.0255917430401933 2.1248180807901202 
2.0929636917094956 2.1944202876601007 1.8144015459688738 1.9305533802757797 1.7132352451470987 1.8357991146348882 2.3497467237160348 2.4405517920532316 2.105437156700299 2.206320240784243 2.0189075402341334 2.1239046683159395 
2.087746068700607 2.1945473326439875 1.809572546480201 1.9318144705987788 1.7076865855814525 1.8367220318858375 2.3428832038270366 2.4385356373477176 2.098802244227607 2.2050680733743437 2.0116191324340797 2.122254905004307 
2.0845639630422568 2.1966488914832154 1.806132402459587 1.9344181791056554 1.7034390139991626 1.8389029095780016 2.3373254628344853 2.4378165959838816 2.0927966118126338 2.2044629946666014 2.0048411103163364 2.1211429263617387 
2.0798010484948413 2.1958802389110934 1.8000561083811362 1.9330079191871512 1.6963827590848242 1.8368538558198473 2.331964430028949 2.4360574141920877 2.086309587506188 2.2020457118870715 1.9975485393151877 2.118140172236068 
2.073715362749722 2.1951150430681783 1.7938018301095051 1.9328630712764445 1.6897202743957977 1.8366788647731018 2.326220141066664 2.4350636113465725 2.080559959410978 2.201582247226801 1.9915218664890955 2.117638777342399 
2.0773049225408027 2.2015863023538844 1.7981031448758023 1.9403508510350003 1.693598824400941 1.8439261057624434 2.3249297243599103 2.4366133728419554 2.0792492398969995 2.2034209554944892 1.9895676565556268 2.119001171663727 
2.086486053548271 2.214524216876266 1.8087716066025141 1.9550826530690308 1.7045738112652793 1.8591033681674185 2.3254447462047856 2.4409806888075622 2.0798855595564483 2.2083064543517144 1.9899349471908474 2.123801909202325 
2.085067272364393 2.216263967005079 1.8073882250045477 1.9572870604602406 1.7021118592751445 1.8605120861324953 2.3223214185131846 2.4407984783765104 2.0766134537956478 2.208312450185682 1.985662615371778 2.123011178313739 
2.0832485798838216 2.218644652220801 1.8059621365875753 1.960601613288115 1.7008906819628238 1.8642662254163056 2.320398928845633 2.44268512834298 2.0750483806860887 2.21094668172436 1.9842771115416211 2.125985677898127 
2.08266569269105 2.2184041855514725 1.8046820928663005 1.9597699352914593 1.6984653676517192 1.8624192192071822 2.319566092723441 2.442172721465927 2.0735881768838023 2.2098843115132274 1.9818362889280965 2.1240282058090214 
2.080921834074995 2.215151024551157 1.8034655581768233 1.9568204827142528 1.6971777630908438 1.8593199675069487 2.3179519876239976 2.4391719494471973 2.072475272935733 2.2072181901592876 1.9806761716469556 2.121258230147862 
2.078341865509438 2.2103667788467254 1.800578125139048 1.9514860931682936 1.6937843367823573 1.8534081489594378 2.3161326700189804 2.4353001729210404 2.0705185871972387 2.2030123937529833 1.9783505793284593 2.11662169549243 
2.0770876464617567 2.2069041922575705 1.800050818139321 1.9484137062246405 1.692942386699571 1.849915389255422 2.3149505794906378 2.432103864600367 2.0699966285682785 2.2002315934928394 1.977563404567358 2.1135018433405826 
2.0762932715742353 2.204858237788643 1.7992739356708416 1.946225268242204 1.6918456317242538 1.8473623739657683 2.31551923412103 2.431467750710348 2.070754034062095 2.1996427820772264 1.9781246713957235 2.112672079321455 
2.075961186383464 2.203277206147842 1.7988516157178278 1.944397782124491 1.6913549075728131 1.8453988791398568 2.3172990964419418 2.432013713392801 2.072710155899913 2.200214305500862 1.9801367827427072 2.113233843693272 
2.0744103279797974 2.201775760023997 1.7971641903925335 1.9427911405576386 1.6892496457389743 1.843421453230175 2.31847509213044 2.4330978281666464 2.0741137074011275 2.2014963002079404 1.9813411896059827 2.1143205050865044 
2.12177365395487 2.2445785752824516 1.847502418568647 1.9873285406839505 1.7407696385843245 1.888514886522476 2.466396506447615 2.572804164528851 2.2348273926674964 2.3517361707931865 2.147432705119534 2.2688492160161284 
2.1199732804956977 2.240578257708418 1.8453668952313225 1.9827463773553315 1.738431260077801 1.88362614786366 2.465764087623893 2.5701939138352365 2.234073589615098 2.3488271589701295 2.1465901033536166 2.265778738252191 
2.117748031349235 2.2364739436898344 1.8428711912349056 1.9781640993617189 1.735436213372177 1.8784828525178396 2.464445324912598 2.5671871252410803 2.2326684175406704 2.345584626314634 2.1448479866609573 2.2621520422826493 
2.071351902245268 2.1930245793914604 1.792812481810379 1.9321062853308797 1.684166407138882 1.8317408631722694 2.3277331186661177 2.4366369394341643 2.083751272041625 2.204739772992516 1.9910447648747354 2.1173373275449263 
2.071044596889299 2.1917718652141605 1.7924153337617819 1.9306452070601579 1.6841202020949573 1.8305461048398535 2.3297150447006088 2.4376649434129294 2.0859288568655354 2.205841649517109 1.993641723656575 2.1187839694372714 
2.0689810322017843 2.186240748739891 1.7900756563929807 1.9244056109486796 1.6821001395906132 1.8243977032025558 2.3319640206938783 2.4366005609559314 2.0884790010461587 2.204701938505693 1.9967059277246513 2.117970883097962 
2.063572187559757 2.175757562944493 1.7844101727097836 1.9130369740049877 1.6771203998729967 1.813373550901788 2.3310143069638505 2.4308884175770307 2.087921739546327 2.1988651595562105 1.9970053484330381 2.112728368984087 
2.0597091018243234 2.166904564649297 1.7801022866503935 1.9031127026789452 1.6731329408441997 1.803454364794951 2.331182436476811 2.42641409497595 2.0882466614214805 2.1940482964369674 1.9978447902021719 2.1081882301867543 
2.0597030766686375 2.1649935449876634 1.779944566113858 1.9007953451748165 1.6740832215986905 1.802047424081356 2.3342984153784303 2.427708668238067 2.0915962771142644 2.195357663853034 2.0022804401077914 2.1104376907737055 
2.059444802314148 2.1633220918806244 1.779575441328285 1.8988255135263903 1.6744702233777584 1.8006943406416203 2.3351162910182355 2.4272242731191445 2.0924492706344786 2.1947650283387423 2.0038227785357567 2.1104396004668695 
2.059210946004865 2.162566265746844 1.7791426104014962 1.897812309409508 1.675121970528191 1.8006600872308605 2.3344472457835175 2.4261053309669496 2.0915646419239 2.193395948055492 2.0038282958742375 2.109898332372025 
2.0603442498466706 2.162516009253166 1.7801702244100814 1.8974886271796834 1.6771981480660656 1.8012358785778835 2.333933085560989 2.4246032067693553 2.09074896816338 2.191503664216932 2.0038010998789875 2.108714278956786 
2.0563702859090918 2.1612350921567605 1.7755937589352584 1.8960515730248058 1.6732275759052742 1.800546831262614 2.3282615043782857 2.421379772685367 2.0844366329466193 2.1879566832023527 1.9979573070438317 2.105733072250574 
2.0549396483601265 2.1626708700961506 1.7739273577016732 1.8976792680435859 1.6723130993933044 1.803052810197871 2.317519747144011 2.4135588064852365 2.072423482399879 2.17929057823009 1.9861399553914725 2.0974079851956415 
2.060353014715692 2.1712355864180286 1.779458953066364 1.906746861051052 1.6786926657515484 1.8130688052382458 2.310205684186592 2.4096181709407904 2.063606048558697 2.1743227336639888 1.9773732131411206 2.092657222415568 
2.065738114047589 2.1783429716068334 1.7856207518476284 1.914770381938495 1.68600928319772 1.8222325452995536 2.2993515894331797 2.4010251722855576 2.0513861765715617 2.164737718881641 1.9652916015260662 2.0833327207023102 
2.0739005040891043 2.1885143990435703 1.7949786051262673 1.9262606694892153 1.6962620920308984 1.8346217754134064 2.289598996693753 2.3939080056721145 2.040379488639562 2.1567754708409126 1.954099626339722 2.075340291041698 
2.091954770043705 2.218347145892322 1.8143775869175112 1.9587637243140406 1.7169619727613685 1.8688894337784165 2.2951215730563406 2.4108862135921325 2.0453054302740727 2.1744110933511656 1.9594046777295928 2.0938137431224892 
2.1120551202452176 2.2481103199607535 1.8382424553235737 1.993077646333439 1.7429271178549148 1.9055230562535947 2.315211448087202 2.4399645958730716 2.0684686468385354 2.207212206090307 1.9842434720956097 2.1284842814345706 
2.1316798157401804 2.2751247084355812 1.8610072248204974 2.0237295997573614 1.766770676922755 1.9374241215939503 2.3352036461589574 2.466842044220523 2.0910440270434503 2.2370960473645494 2.0076343932683782 2.159335420710291 
2.149704446160609 2.2996089255616248 1.8811049553500971 2.050738368910742 1.7877873531946384 1.9654911917692968 2.3490921417949298 2.487007417625185 2.1060770493604193 2.258878602874154 2.0231629457467557 2.181779161538282 
2.1480226022139735 2.304359512238073 1.8794383467467322 2.056297683031834 1.7858940558784806 1.9711644377986555 2.354766741021728 2.498198964582703 2.112631961374742 2.2714060549012567 2.0298627746283957 2.194633123290107 
2.148214653675235 2.3083027558890556 1.8790989074194604 2.0602058437071307 1.7853571994043684 1.9750786678117431 2.3609916885633058 2.50753208714166 2.119072499718924 2.2812066266879487 2.036407592959968 2.2046295151895725 
2.1482661254225466 2.309675334725208 1.8812082372874088 2.0636126667177637 1.7889173257694162 1.9798429242336373 2.365372692333705 2.5128750028280358 2.125766934552798 2.2887633923667163 2.044545383804918 2.2135308067966886 
2.155772862815088 2.316466737350217 1.888601243897176 2.0701391662518636 1.7958603400181097 1.985894224285362 2.3732716285014575 2.5201348638217675 2.1335126540637064 2.2957651783773443 2.05187132819043 2.220098524086253 
2.1597933166133187 2.3193116955871975 1.893784284254033 2.0738655901691314 1.8019357202984683 1.9903446713791961 2.3779627588521146 2.5237286806009003 2.139256559482186 2.300199599619033 2.058390646132935 2.225190244201057 
2.159073190245576 2.316724462001731 1.8937238390106437 2.071667244138694 1.8022670712292366 1.9884118758539966 2.3835905880073467 2.5272750707505525 2.146181965453351 2.3047152146929584 2.0659316654810267 2.230176862591218 
2.1547409931680632 2.3078123124593324 1.8889279315100644 2.0618287155675397 1.796974076952389 1.9779294110606906 2.3875104047184568 2.5265183265788695 2.150661738962892 2.3040040879605423 2.0703654310867177 2.2292379729716814 
2.153718992111852 2.301136579736911 1.8884104323433744 2.054949639919015 1.7967065494908427 1.9710095095161997 2.3919175522963347 2.5254689937917054 2.1561210636194086 2.3033849228045424 2.0762751515594675 2.2288208915485535 
2.1471565104552783 2.2861267925402755 1.8802363746057276 2.037494406267288 1.7877985592315733 1.952515894831714 2.3958283472716673 2.521128338813891 2.159861387587289 2.2980634988551754 2.0798884772002775 2.223067859686359 
2.140591271635622 2.2723947899611567 1.8727592743870232 2.0220965330672542 1.7799580690012362 1.936465289294546 2.398283953872562 2.516627309047291 2.1626054265636645 2.293143981576955 2.082759145605322 2.218001972010532 
2.135206979799064 2.2604193218919892 1.86674711157742 2.00876366026037 1.7733732575469385 1.922300542262484 2.3982883051423656 2.5104130056193226 2.162735010717365 2.286440331778339 2.08267392036839 2.2108634790015054 
2.131642903867803 2.2512467642286484 1.8628463170132847 1.9986012420315262 1.7686315082599766 1.911090771222016 2.400674097333905 2.5074781445607774 2.165532510217743 2.2833619022507055 2.0850400629268395 2.2071707201415025 
2.13026500371616 2.244824913541769 1.8614552654463148 1.9915385036844782 1.7669515286101682 1.9035040348940189 2.4010907057122624 2.5032871356394195 2.1661540333636964 2.2789105297614936 2.08550360715531 2.2023930625249006 
2.1423462593839515 2.2551630108700365 1.875287147264762 2.003201087059512 1.7815362904797674 1.915720299207692 2.4262780028464195 2.5264476360289776 2.1940554543348285 2.3043419987485385 2.1144855181098805 2.228713018043465 
2.152916056112119 2.263483301291476 1.8875519442561997 2.012749724338662 1.7942472125839737 1.9255212723897286 2.4388516935363986 2.536987720432513 2.2081219125458995 2.3160551572070474 2.1289135957725858 2.2406655727317633 
2.1591160546282913 2.2676090475727158 1.8944183782242086 2.017198464959172 1.8004531002371709 1.9292226469315665 2.443609505905892 2.539979541774626 2.213202718178712 2.31916686054144 2.133325255593633 2.2430660492802343 
2.1603876678700606 2.2662666341993036 1.8970238183757842 2.0167768714672034 1.8032095217930277 1.9287960393170243 2.4428968472461214 2.5370129262747243 2.2134067629527654 2.3168640616326717 2.133549790908344 2.240697278100065 
2.168231129305271 2.2657452604713555 1.9065773076611423 2.016782681735543 1.813518080992966 1.9290472221665314 2.444926429708757 2.531805798624454 2.2161850208609413 2.311677183766888 2.1366531882101056 2.2355451688454897 
2.169016871542702 2.262465804045862 1.9083521894652702 2.0139328202491984 1.815913733919343 1.926566898521017 2.444603892665822 2.5278855823547257 2.2165879369059307 2.308111654031687 2.1375211559273253 2.2322889637044954 
2.164728093065919 2.2564453063411065 1.903918569925933 2.007586517315956 1.8117187543625004 1.9203704196088864 2.440183610490983 2.5219028047307472 2.2120927324388573 2.301923534896155 2.133254129471876 2.22626837656847 
2.1588676278022447 2.2495377571964625 1.8995403037504863 2.0019900230152223 1.8083276298205726 1.9156616359504852 2.433368594063072 2.51415858713258 2.2065417842797563 2.295329460546457 2.1285258036896075 2.220435268962482 
2.149281906856858 2.2369752916700376 1.8901706272033352 1.9893191650266302 1.800091332333515 1.9039365916811015 2.4248413114144705 2.50289854487597 2.198451198080651 2.28425773737165 2.1215021742016313 2.2102979924757316 
2.13963313709875 2.23192921022398 1.880192738995404 1.9845913367368708 1.7906621764506672 1.8999865968608938 2.412755014868074 2.4949678955551793 2.185973818729547 2.2763917883903555 2.1094615025098324 2.2030219855124096 
2.1311687700606536 2.2267472129368073 1.8719376281494637 1.9800690158481447 1.7838461595333381 1.8970055204774285 2.4007098585380615 2.485946630304408 2.173862457029386 2.267642124745843 2.098483885876144 2.1954856964056586 
2.1188936181984808 2.214421605237415 1.8609090255147482 1.9689934691974602 1.7745626608385094 1.8875978167348706 2.383774702282548 2.4690756796303854 2.1576964724544205 2.251578767829864 2.0836852697185937 2.180756103681072 
2.106864845412975 2.2033011843588337 1.8479926073545425 1.9572259218079655 1.7638803465192983 1.8780123825462494 2.365314264286469 2.4516052294358164 2.137968374143322 2.2330618891999032 2.0656974533646113 2.1639691774600305 
2.0918008216656028 2.1882351736915506 1.8352918369351752 1.9444892965971527 1.7524031659184167 1.8664563626779198 2.340649289133442 2.427216840865457 2.1145459427311786 2.2099880184699847 2.0430186668557115 2.141650711713021 
2.0773242518993635 2.173376243665429 1.820053318650102 1.9289588724825757 1.739012259280897 1.852687746742351 2.3153872548084156 2.4019380484786135 2.0876628499183605 2.183260044962407 2.0174007361278647 2.116174373516807 
2.063303077556201 2.15945038230863 1.803580768874211 1.912827737579338 1.7229589634848794 1.8370067919452258 2.2894383254092894 2.376454125299474 2.058448893184597 2.1548128015335557 1.988189087047027 2.087798412120502 
2.0512217999883484 2.149798272012386 1.793453021840115 1.9054121546656095 1.7145518744988266 1.8313410026391699 2.278247810038987 2.367389875273492 2.049237895596175 2.1479054193207485 1.9805530393169075 2.0824773898286244 
2.0446631745412764 2.1424589431270813 1.7879493843297718 1.899011802645052 1.7079594914766598 1.8238992434301875 2.271498003636633 2.3599122878160554 2.04348199995136 2.141331714094108 1.9738746940282734 2.0750094297099495 
2.041227098336295 2.1391195717496507 1.7847557275387602 1.8959370987040707 1.702056951744685 1.8183020492323074 2.26759715288726 2.3561029949988197 2.0397896430226354 2.1377479418870715 1.967838064420548 2.069205432779068 
2.0390044757936554 2.1377292396902274 1.784673387123414 1.8966829330772603 1.7024786827172196 1.819555087109637 2.262645112143431 2.3520012656090468 2.0364387419970575 2.135282135884286 1.964804650927557 2.0670762845687527 
2.040860769354884 2.1396038547899026 1.7883267235859923 1.9002379971550434 1.7083246590422472 1.8251479710510625 2.258438656083403 2.3480496457340525 2.0331121350510424 2.1322140908529352 1.963111210321975 2.0655743994423945 
2.0473072494583806 2.1474000859841746 1.7942847161152657 1.907699608975386 1.7147443632462651 1.83308711928398 2.2562703748187714 2.347470161660173 2.0294695546089967 2.130400626334127 1.9594992375310687 2.0638549894517397 
2.0457309908210415 2.1502075541411436 1.7940951844329889 1.9123688895936475 1.7154058688268616 1.8387480887510501 2.247519944651357 2.343015821689141 2.021165046601994 2.1268486981178607 1.9516526098682727 2.060903963964755 
2.0452493740440087 2.15860302054996 1.7923733531905148 1.920709305315984 1.7140267070344644 1.8478120983280226 2.233917927191465 2.3381427038843055 2.004980433976205 2.120487806832996 1.9352601519763202 2.054690695488596 
2.0380941324912474 2.163226100849204 1.7844272780069381 1.926110116528972 1.7063639846454948 1.8540219843883325 2.2187931301712767 2.334258431492805 1.9883148573843255 2.116392081490396 1.9185654301313912 2.0510028718154567 
2.037371900882912 2.173878890372518 1.7816085074188577 1.9362319182389414 1.703414396119526 1.864533660840493 2.212761898331416 2.3390554474418197 1.9797878244668672 2.12000589560672 1.909725519834526 2.0547303298990967 
2.034927093645313 2.1807863877811964 1.781122514498023 1.9460982514589955 1.705319227256809 1.8769695414501961 2.2056152036227354 2.340862964620475 1.9738813443699599 2.1239370410470646 1.9057606924406223 2.0607825721147197 
2.0309457599985383 2.184715524890149 1.7761208161766586 1.9500888180531777 1.7008808621582052 1.8818174597702189 2.201131087431196 2.3437617858255217 1.9684619726212746 2.126754283478945 1.900850623078005 2.064333872196075 
2.0216095315810714 2.181864141980302 1.7648396248326474 1.9463516992721122 1.6901669221054587 1.8789066662448775 2.193697699816326 2.3422074276330522 1.9596079713502494 2.1245445246592127 1.8926353913470604 2.062933532729409 
2.0121822354311276 2.1777493557305005 1.7541379076300159 1.941832821533463 1.6799539069226306 1.8750893411207399 2.184856070450548 2.338228166023284 1.949799604827278 2.1202437140066257 1.8833384797705937 2.05929083356009 
2.00559231768063 2.1738241261011804 1.7455168712847093 1.9364761641754233 1.6711368798334745 1.8697083349066936 2.1757950737005447 2.3317793611788313 1.9386884241516376 2.112255569863543 1.871999500304303 2.051217422805189 
1.9977209945769228 2.167506387149392 1.7371228139004478 1.929971615525319 1.6634858126757228 1.8639688342709515 2.1633180104121097 2.321021236510646 1.925266556239268 2.1009155334599745 1.8590967406171766 2.040449817352392 
1.9962438579977173 2.166419402778144 1.7357478959208361 1.9290423132564019 1.6632568941067434 1.8640834165706237 2.1624431728934774 2.3204620152317963 1.9245757178125287 2.100565443335106 1.8594607904426514 2.0410727373941406 
1.997843673432073 2.166513969406281 1.7377338653178627 1.9292802862291833 1.6654819572341695 1.8644660324158655 2.165834357348816 2.322335440807929 1.9285170745089502 2.102755702128176 1.8636762781858227 2.0434511753483515 
1.9984195050542717 2.1656712637197177 1.7378884924474756 1.9278765304088745 1.6655480497966306 1.8629282891462462 2.169234121799987 2.3242263615021153 1.9318779902419718 2.104424879510162 1.86706894976628 2.0450911880650606 
2.0043325106500767 2.1687652570918874 1.743494321541897 1.930276243538432 1.6701539106468122 1.8642982627167897 2.175001589711796 2.3274075368033076 1.937280452399404 2.10695265214215 1.87154940817731 2.0466780680822376 
2.0141849265501017 2.174404811478681 1.7523649334375644 1.9343935033445598 1.6772867141731134 1.8666510352451096 2.1830704540031776 2.3317143849497604 1.9441292520667548 2.1096762582400266 1.876738237032975 2.0477406515918073 
2.020302051934168 2.1780365450077763 1.7583546050354606 1.937532897111533 1.681598338798362 1.8681530406766493 2.190203656980193 2.3364962806281993 1.9512002959843486 2.1140968297098905 1.8823242683048556 2.050699261566505 
2.029169044856529 2.1840403034751805 1.7648666801217479 1.9409429237368006 1.6858520292730201 1.8693854870528872 2.1984788517527205 2.3421815250325837 1.9571756813336814 2.1173194568141955 1.8862341619226284 2.0519221106572147 
2.030969226377928 2.18419167375351 1.7646586644714495 1.9390403480315104 1.6841088817811514 1.866033224488289 2.2004452855034047 2.342608956632361 1.9573307482625824 2.1158924659098726 1.8850321434113957 2.0491958058941466 
2.0312960236888786 2.1838189210541814 1.7658048957498815 1.9393216530411477 1.6843955366404442 1.8654998976023156 2.1998831530002336 2.341449856596175 1.9573934915734879 2.115251953067116 1.8842798823036482 2.0477822684441453 
2.0288445667910002 2.1839344049117777 1.7613733662677429 1.9379874468523681 1.6776273467601082 1.8622010426796995 2.1954171131239186 2.3394904379709183 1.9509182862942671 2.1117389442251993 1.8756544295251618 2.0424100341893543 
2.027936819189269 2.1845746950844895 1.7580924873918011 1.9366796456831703 1.671399750455734 1.8583368859287839 2.1935725242224136 2.3391449879824657 1.946823533508749 2.1094930022172367 1.8689060442471395 2.037804862591973 
2.0276537868624023 2.1837834007102077 1.7567115754663427 1.934829610383674 1.6679724096571382 1.854632583887558 2.192848202538753 2.3379720488529028 1.9450549913504862 2.107313213838285 1.8652976490033542 2.0339285585333227 
2.0289354532438826 2.1853888253374865 1.7566511494972354 1.9352437845165553 1.66542131865482 1.8528284899336906 2.192249581099278 2.3377988515503123 1.9429880116536897 2.105836569610747 1.8609157210980725 2.030357743233926 
2.0364542747545302 2.1910656872777685 1.7605078470617506 1.9372688797288826 1.6656868331009886 1.8515224704998856 2.1973162802304995 2.3413290388507972 1.9443355424838582 2.105721618487591 1.85891512667093 2.0271132876497058 
2.029813770603769 2.1841794293081076 1.755890135325297 1.932264475534519 1.6610160719670024 1.8464750817199485 2.192131928359397 2.3357949883096953 1.9412492409097521 2.1021285525420867 1.8558752219189438 2.0235534772801755 
2.02493606367973 2.180486889937832 1.7489167562782282 1.9268800781550364 1.652666057856444 1.83996253059424 2.1881036875776156 2.3327997691166638 1.935495157831907 2.0976888523302875 1.8489826349619294 2.0181411743460265 
2.0175115989666574 2.175302027757295 1.7405831980014628 1.921253686831856 1.6428213434104755 1.8331524285680663 2.180961373148319 2.327698084194984 1.9276590280350414 2.0922368862929934 1.8398645128283226 2.011637960858017 
2.0121341285505796 2.1716924573884766 1.7345111406035998 1.917314078360142 1.6361235046529954 1.8287877133986876 2.1752938749231103 2.3236754981016605 1.9213923565680178 2.0878967805133475 1.8330629594964818 2.0069091139555875 
2.006509393469206 2.1680633897928723 1.7264768084397077 1.9118423277457164 1.627764084282535 1.8231935800019041 2.1692576515665816 2.319503756185827 1.9131965353512848 2.0820038181905813 1.824613582893693 2.0009082045311724 
1.996740667752888 2.1598319428275548 1.7178361481405175 1.9049571540741408 1.6197144345403143 1.816968787970297 2.1584797347805353 2.310180835445193 1.903423889483961 2.073866733919576 1.8153612094176326 1.993348200304766 
1.9918182111041558 2.1570715353103522 1.712098448713204 1.9018146388242363 1.613613488443301 1.8136610246807863 2.1520479242075816 2.3058465019263883 1.8961148646867785 2.0690261966553636 1.807683316315709 1.98829997597097 
1.9814505406280623 2.1499972557738856 1.7008084228846116 1.8944897060251449 1.6024601142478523 1.8067153546243082 2.139026659991698 2.296035062239956 1.8820303128683236 2.058732632819337 1.7936463489091823 1.9782591285863538 
1.9759461471013449 2.1464080100494987 1.6948277644187477 1.8908054686838225 1.5970204775908947 1.8036570004312487 2.13070529962373 2.2896744841144234 1.8729610376739423 2.051995910815772 1.784941540623852 1.971983892633165 
1.9693848957018534 2.1417466739226185 1.6876743679450135 1.8859604237784526 1.5904083114152165 1.7994445100804304 2.121305292478808 2.2822221828162568 1.8627141618344454 2.044090505955791 1.775065596956518 1.9645507937792295 
1.9642167577220544 2.1382668207022575 1.6815076409330227 1.8818888042910877 1.5846261204827274 1.7958500680502647 2.112680258888254 2.2754022504814704 1.8527650556657582 2.0363633950491598 1.7653074368778205 1.9571274541777142 
1.9605129360937381 2.1357161959845907 1.678103631064211 1.8798150158435512 1.5819937233095742 1.7945408431659866 2.105959823299317 2.2699646416961854 1.8459381358406597 2.031049063550876 1.7590224402635941 1.9523915187663796 
1.9546005769604515 2.131841700289712 1.6703332892133027 1.8746463444324988 1.5742057993331526 1.7895277361064093 2.0958697617013633 2.262068893215706 1.8336357161699621 2.0215107121294533 1.746519550767792 1.942837142133671 
1.9510204822889328 2.129474338730321 1.6659787052393376 1.871807971804517 1.5689525328418767 1.7859989046219877 2.0885273959828585 2.256130918358006 1.8250892602201514 2.0147284791680837 1.7369737510310683 1.9352668675846594 
1.9484207564666571 2.12793912353951 1.661865886595576 1.8691120068872544 1.5639097562935338 1.7825810486735518 2.082170290084387 2.2510474420078532 1.81683458182359 2.0081507331298862 1.7276872976641635 1.9278705526487248 
1.9471467861206688 2.1273802147383174 1.66104282831601 1.8690717612922327 1.5628283425571887 1.7823575397938678 2.077598869883224 2.2473947217834365 1.8122085241329293 2.0046111109888742 1.7226342867074398 1.924015295443373 
1.944531413947458 2.125285968256625 1.6576135582905023 1.8663656489735605 1.5587974459269875 1.779181695181383 2.0720291478472257 2.2425304494183576 1.8054874904934954 1.9988554488427872 1.715211895693503 1.9177043239687657 
1.943428024112869 2.124578393001127 1.6566057170332507 1.8658143972022647 1.5566497481794836 1.7776611886428892 2.070207513875662 2.241133644744831 1.8036599367140276 1.9975259774048622 1.71230987385673 1.9154440652776186 
1.942469328242557 2.12386556729071 1.655588744574899 1.865098374864739 1.556142374965443 1.7774129930669151 2.0680887039880784 2.239332209459572 1.8013267020624244 1.9955940830547403 1.7103750721882875 1.9138967433806584 
1.9406618297589358 2.122618048157346 1.654330804610523 1.8644434697687404 1.5543418429300875 1.7763213688866382 2.0651392508698536 2.2369933317654973 1.7987334986271035 1.9936853412620807 1.7072229944220232 1.9115306415444402 
1.9390431276386715 2.1208456230482127 1.652985529169194 1.8629168166085035 1.5534993236055046 1.7752346477023144 2.063159671969855 2.234888305487046 1.7969698775557592 1.9917827810287847 1.705901441948731 1.9100255588873043 
1.936155857709159 2.1176706011137543 1.6507517238341716 1.860325381007712 1.550970703186069 1.7723824055833688 2.0586065527296586 2.2301771697382002 1.7928030252488667 1.9874536363954476 1.701373432183978 1.9053873163274413 
1.9363898193295996 2.117815413203738 1.6500280979435835 1.859604612815133 1.5491375134581564 1.77069580323762 2.0577122458894292 2.2292860468955795 1.7908564650700847 1.9856242017268322 1.6983524928834177 1.9026134084682889 
1.935027265158362 2.115704725358964 1.6485543160315494 1.8573118480498232 1.5472413609085847 1.7680022050060484 2.055227608170504 2.2261708131646705 1.7881167012771426 1.982230386556076 1.6951654295042269 1.8988053616382723 
1.9344434746123857 2.114993772111502 1.6489480005356265 1.8574597190976823 1.547891656567229 1.768359601458493 2.0530198317869313 2.2239643723114 1.7865744825532575 1.9806502672886095 1.6937495250805061 1.8973440787876195 
1.9312808536466182 2.111723534424431 1.6451981902682757 1.8537010642069582 1.5438554190279639 1.7643752733027092 2.0510526588710514 2.221789269854819 1.7842781058629873 1.9781756517665487 1.6912896938910287 1.8947272571116955 
1.9312769344035774 2.111586532273608 1.6449851936595903 1.8533600225750204 1.542946524465213 1.7634202741488711 2.050514563947128 2.221165699104702 1.7834673159212309 1.9773018871379453 1.6898116335731859 1.893259211750805 
1.9318602339589375 2.1120714032039447 1.6455520387857323 1.8538077465130736 1.5429657744590062 1.7633788673543416 2.0512389763145293 2.221788240726798 1.7841913817614634 1.9779030652263725 1.6900416431413399 1.893410257770851 
1.9305079333227435 2.110458307098733 1.6435867511701503 1.851634627566154 1.5404668956592509 1.7607417874299598 2.0504827217760333 2.220732486744419 1.7829738978184875 1.9764031232726915 1.6883888083916128 1.8915153062246284 
1.9296630874265384 2.1091629745509284 1.641966484120952 1.8496007021020835 1.538528595436731 1.7584194781725209 2.05095109132727 2.2206686383286725 1.7829342901566845 1.9758095822362336 1.6881560908329891 1.8907246783327603 
1.9298803718842912 2.108413332623433 1.6417175676054179 1.8482978935183176 1.5377245832021578 1.756577759504045 2.051368657478282 2.2201535758330437 1.7829502771766381 1.9748114396782925 1.6876824384001425 1.8892433787853409 
1.9298328861415979 2.1076742585545825 1.6415609951608894 1.8473652352942038 1.5365279409218726 1.7546948238863673 2.0520701567036177 2.2201413783301303 1.783664615457068 1.9747139722434766 1.6874996512099225 1.8883037055975953 
1.9305112312193888 2.1075194849358336 1.6414934265674659 1.8464196259204462 1.5355311149775508 1.752889206591278 2.0528466966493624 2.2201225924403816 1.7837619279332653 1.9739735005982728 1.6867607272948346 1.8867767532657909 
1.9306678666560646 2.106803219063964 1.642075305988821 1.8459557695292377 1.5356575561427357 1.751966187532819 2.0513146374894027 2.2178893422572465 1.7823649012416847 1.9717925939860612 1.6848315821999182 1.8840909884870953 
1.9314062029676977 2.1068144862996596 1.6427034403269811 1.8457551169323898 1.5356129931926534 1.7511266726545225 2.0515513117302477 2.217476075064193 1.7824161850314588 1.9711278029296069 1.6842328012071548 1.8828110599532017 
1.9308241463959994 2.1057011834982284 1.6411482871166274 1.843709112139396 1.533017128510259 1.748152483676936 2.050920568014724 2.21634175302137 1.7808876978366266 1.9691258421405777 1.6817653844415517 1.879954892593394 
1.9310382879099575 2.104740861473027 1.640540958761536 1.841846861700022 1.5314465075131485 1.7453806547438928 2.0516700044486247 2.2159366037263384 1.780959172792633 1.9679534546666035 1.6810024816026357 1.877976189341659 
1.9335981399165367 2.1068357711717094 1.6426859492577057 1.843467474052279 1.5332750598273912 1.746679022914253 2.0561402531755193 2.219835115662578 1.7853089653974994 1.971619461744251 1.685183486487062 1.8814352455316368 
1.9385815911172708 2.1111981653977367 1.6491643568240157 1.8490003201672978 1.5394986346920772 1.7518890245614216 2.06838760765935 2.2309832818017195 1.7999643846250875 1.984674001965756 1.7000543392252996 1.8945299851094388 
1.942766965087841 2.114938591807483 1.6534673063101732 1.8527212147316228 1.5448186642569477 1.7564414228537826 2.0804389801617877 2.2420633614277317 1.8132393671483695 1.9966118223271692 1.7147441718742245 1.9076082777804828 
1.9452387800104027 2.1169736992358597 1.6565540450152418 1.8552075452779833 1.5469509290395607 1.7580332502135334 2.0910748072836514 2.2517143650242053 1.8255988722762622 2.0075943251703916 1.72675913643344 1.9181555847366396 
1.9455503731911283 2.116801907294147 1.6566870028536287 1.8548034627755414 1.5472992329294744 1.7577880919849638 2.0973963357038983 2.257156496374175 1.8326257009613665 2.013504661013761 1.7343702172904552 1.9245061991908834 
1.9454655807398313 2.1160196274523 1.6565470018817365 1.8538745123021056 1.5471060510008257 1.7567697262200785 2.103787279580179 2.2624375473465275 1.8399001498242697 2.019389833401013 1.7420165684985234 1.9306279970111722 
1.9459296661583145 2.115175656354576 1.6559341571557153 1.8518757313694163 1.5465790894858917 1.7547742509038051 2.113217557071446 2.2700251617801532 1.8496389136031415 2.0269410209266105 1.7524134951303614 1.9386280843717831 
1.9487429753751881 2.1159347949013316 1.6573002075888785 1.8510064425263733 1.5473366705646643 1.7532346232818186 2.124673650369426 2.278995171731204 1.8609897674555174 2.035402610486225 1.7637714445398363 1.9469130901953842 
1.9456226447261684 2.1096794397043475 1.6551872393391782 1.8452492134969873 1.546281487592492 1.7482237561339937 2.1276994063803394 2.2786848458159477 1.8658247735281173 2.0363206889267835 1.769927605048085 1.9488313394830374 
1.9445349395435223 2.1047021678768543 1.6530647259879239 1.8387979966993464 1.5444842263699328 1.7418342659006136 2.130115048326153 2.2772670470249046 1.8678321595650744 2.0340481952661618 1.7724574786170555 1.946833479747441 
1.9393754476294836 2.09688217469844 1.6462032001147548 1.8291316802701931 1.5381453589528071 1.7325209588827661 2.129255105028061 2.2736457573659226 1.8661551788337591 2.029352822746222 1.7715646532622114 1.942724645539882 
1.9328753416005025 2.0877101425167384 1.6378438656255545 1.8179821454478753 1.5303189112623745 1.721744035322109 2.1288539132047695 2.270362424100447 1.8650856349688771 2.025110115220222 1.7714084418245444 1.9391788006182566 
1.9278573424906884 2.07985825866458 1.6302796738582186 1.8074811916408038 1.5223502937876223 1.7107679153337136 2.131672845535933 2.2700673037456975 1.8668709120866551 2.023458288558294 1.7733994486283287 1.9375556888861956 
1.92308743813596 2.0718463796711206 1.6242986448052987 1.7979511155079635 1.5170068425410381 1.7016438777124696 2.138001638314697 2.2727369253119307 1.8738014297775336 2.026182105457535 1.781599133092607 1.9412309489796233 
1.9223386292356326 2.067324550894593 1.621822837874572 1.7912996150090388 1.5140841553399633 1.694371807700875 2.14753400455302 2.278233371275105 1.8833018379196496 2.0310762678913683 1.7913590719650623 1.946127518430262 
1.9243413161342897 2.0641446602894504 1.62220966357048 1.7858241431343258 1.5142843868248297 1.688390026564197 2.1578912895096107 2.28344005722976 1.8934015709673027 2.0353312228139795 1.8017942503353288 1.9504015479283874 
1.9272313854290564 2.0613096213773416 1.6245011895910695 1.7815107794180758 1.5164809715201835 1.683594689699038 2.1674610616901058 2.2875016931453405 1.9033314887172965 2.038981926879883 1.8120102587851978 1.954010675544737 
1.9355349434939813 2.062228031519853 1.6309194022655595 1.7794344700455393 1.5220791687314592 1.6802422243195323 2.1804879102362045 2.293690577036547 1.9152363054950294 2.0431884500422983 1.8234464634549186 1.957407965035968 
1.9467616103098655 2.070111793115594 1.6443805774139575 1.7887061111306854 1.536182345744235 1.68977462047347 2.194570463274365 2.304695551888852 1.9313845381684767 2.0556576327044978 1.8401399268197676 1.9701769004067273 
1.9576943357804995 2.0776647229298213 1.6573488987980323 1.7974785008191476 1.5500985879443443 1.6990965896343415 2.207577306783853 2.3146319694472055 1.946184941218858 2.0668235081852178 1.8557036631496555 1.9818576321186772 
1.968543539203139 2.0848840819955483 1.6692807474293894 1.8050141781599447 1.5619202161885288 1.7062159099476304 2.2195455414517675 2.3233511099699116 1.959009177767787 2.0758841316890546 1.8683718865842582 1.9905756645248178 
1.9831087143397486 2.097095725066038 1.683273804730012 1.8161775818708505 1.5744171335736443 1.7157737664652208 2.2336147266013113 2.3354068283899165 1.9722386457247638 2.086819489771516 1.880187194002302 2.0000485473333516 
1.995157881708425 2.1055336385209453 1.6972147433201403 1.8256929684213745 1.5881381542369826 1.724760773830171 2.2433774711900916 2.342084415268427 1.983084816704331 2.0940970178679046 1.8905740668493394 2.0067105501898497 
2.0046216841369846 2.1088417362789933 1.708563357242628 1.8297251481772336 1.5995971601975918 1.728414431515833 2.2503713823349694 2.3436887017247408 1.991193613798568 2.0960814344371737 1.8985189851123956 2.008252899659851 
2.0126369659990475 2.116627982708782 1.7164452285190606 1.8372780635455945 1.6063942754211527 1.7349089395083104 2.2551028136086946 2.348381391560121 1.995235666668439 2.10008852809253 1.9013899418966773 2.0111415095477123 
2.0217825359357517 2.1256454796543096 1.727658006265939 1.8481250685964952 1.6175511585773106 1.7456333616125694 2.2608831159117444 2.3542210062725206 2.002196301019158 2.1070249429882884 1.9079988448148493 2.017727353825288 
2.0332760708576316 2.1363489876099946 1.7412266369207223 1.8605498159582423 1.631731332640962 1.7585000877060681 2.269367312006201 2.362160750952875 2.0118863331714962 2.116001425836535 1.9179060348208536 2.0268544533197863 
2.0389643484261146 2.1451951047381983 1.7481549418037092 1.87097090404761 1.638988061870107 1.769397719618947 2.2755000211497975 2.371157263762303 2.019051864775328 2.1262776996179804 1.9253068843830403 2.037472213870101 
2.0421271003266104 2.153885773119914 1.7520311533441322 1.8811044606954637 1.642881161462499 1.779887451623942 2.2783152812480476 2.37900427711435 2.0223873489439086 2.1351794816662064 1.9285994756735703 2.046567068856618 
2.044682033593441 2.1619183489900378 1.7550676715442655 1.890351517813502 1.646182166377649 1.7897156349822199 2.281283588180086 2.3869271331357833 2.0257820028077576 2.144052017116145 1.9322126994976017 2.0558726238023137 
2.047409542325536 2.168584903573217 1.7588044197140456 1.898490884045973 1.6503230167472247 1.7984550896827143 2.2835934966025935 2.3928380446084643 2.0288682585435804 2.1510883432638606 1.9355824661650716 2.063335681203051 
2.0527727306253265 2.1791805042719523 1.763960377219103 1.9095832003342927 1.6546608296563257 1.8091031611820703 2.28782315423176 2.4018922897663333 2.0326866737987337 2.1602700989549803 1.9385977825838345 2.07198290273809 
2.053964135135726 2.185941147932361 1.7656303900941017 1.917555920494589 1.6563063365283157 1.8173939347934034 2.288670161955158 2.407816675750845 2.0338862102447743 2.167086327312285 1.9397404780598484 2.0789812784207196 
2.054923044488092 2.19103957722087 1.7655767308073047 1.9222920960530971 1.655439393625816 1.8216545490702154 2.290435670689795 2.413305051531656 2.03485823466113 2.172232433545777 1.9400686659930904 2.0837015474746403 
2.058989793519405 2.198554955232432 1.7687306795035473 1.929407457738536 1.6575562564863613 1.828031089663707 2.2944058371737728 2.42043447897626 2.037956670897858 2.1788695036227113 1.942254339487257 2.089630790502734 
