1.8861345720496723 1.7883442129190343 1.5099976337335765 1.3859163949823958 1.314156978401363 1.1694785008203443 1.7461942356682434 1.6400810067435694 1.3310835956772211 1.1884674748098913 1.103947122230499 0.9270224639570501 
1.8898588393988582 1.7908599672933672 1.514831387730661 1.3893621280479758 1.3199198133424621 1.1737978119139598 1.74537408977388 1.6376640995191902 1.3302174309690877 1.185365514621545 1.1031557433354549 0.9233447804877656 
1.8934188016202333 1.7940843074752648 1.5193640880082036 1.3936179447499233 1.325771935714812 1.1795655850901214 1.7444616995878703 1.636108298777621 1.3291271929085646 1.1833354718460023 1.1026255432053986 0.9216760995756591 
1.891141242787804 1.7923761022098572 1.5169275991203404 1.3918571164358071 1.3234405924608024 1.1780033503233343 1.7335187484919221 1.6252028005676709 1.3151963321774434 1.1687336239592836 1.0863549387621894 0.9035286075011683 
1.8820916899133795 1.7838966341245783 1.5060597665567592 1.381388465436497 1.311462706919644 1.1661700148953411 1.7106551218878108 1.6019859606254356 1.2854134888202318 1.1367963358671596 1.0507170163469326 0.8625684439167712 
1.8760404759977862 1.7788463052163896 1.4991984140806711 1.3756315621495459 1.3038367926937788 1.1596364481948642 1.6952149179328266 1.586984539301502 1.2656309237617418 1.1165070287203749 1.0267502775173718 0.8360516983907155 
1.8686617971909738 1.7712746879806642 1.4903000890696478 1.3662033023971945 1.2945513966934648 1.1495131259281035 1.682864298831311 1.5740233023310042 1.2494517563639662 1.098474760511592 1.0079675861261612 0.8133361928999594 
1.8623742380158184 1.763944075764592 1.4828939285144436 1.3572160119984584 1.2860161289910013 1.1388144642675557 1.6748880704766513 1.5647079435552824 1.2392685945447823 1.0857474611644276 0.9953138852769009 0.7960594388768969 
1.8506874921547398 1.7515005519890652 1.4695987663365808 1.3425462837526312 1.271156007112424 1.121850072165617 1.6683219724076046 1.557564828062704 1.232061095895005 1.0773507014978922 0.9869607917328835 0.7853671717216095 
1.844391137248279 1.745680134262861 1.4566918345209463 1.3295004944564706 1.2533113956076518 1.1029097507774603 1.6709002490753304 1.561258500812726 1.2296666523737236 1.0759649343542754 0.9802644691918606 0.7788060692881125 
1.8286383462177536 1.729279650160147 1.443625700539444 1.3155018321758432 1.2409184522997472 1.089205450068076 1.6622548423927062 1.5522825349329936 1.226062038829194 1.0722490523465154 0.9793117813331973 0.7781654530098339 
1.8165242256039416 1.7164339662818375 1.4290289165044912 1.2994263898374543 1.2236441583262676 1.069434581732796 1.657728668210211 1.5474009292377977 1.220830749697107 1.0662143395237187 0.9724243422529076 0.769411723205463 
1.8114576593279788 1.7113827382377091 1.4227650647728176 1.2929471971963897 1.2165360691479723 1.0617966061058963 1.6556348134591758 1.5455027210386916 1.2181987578133546 1.0637011980523479 0.9693852647621585 0.7662635426131142 
1.805941822784444 1.704783395942722 1.4173773078760643 1.2860089395809036 1.2115597048771471 1.054863724981573 1.6528130614446388 1.5416392495918103 1.216274468071249 1.0602755026322168 0.9686289626487533 0.763611568195506 
1.8141668563497682 1.7133437038370323 1.4273273200909453 1.2967685003415221 1.223755161246726 1.068607486160377 1.6542646111423651 1.5430284081889096 1.217642517193778 1.0616018860561618 0.9710647330008437 0.7663628256106894 
1.8143383142490268 1.7132586653952755 1.4281232389930498 1.2972924580648728 1.225357079773892 1.070014817164697 1.654250980520187 1.5427177455879608 1.2183015939216366 1.0619277328293109 0.9727398218187637 0.7678896385236619 
1.8122872350954746 1.7105691767625186 1.4258380721842154 1.294092768734143 1.2230678287364116 1.066563078158062 1.653372492056766 1.541201636220907 1.217485023764153 1.0601564361404405 0.9721885047098635 0.7660367972166873 
1.8068368004687088 1.7039529165819107 1.419018078929229 1.285460472643169 1.2152435612370056 1.0562259377273406 1.6528291995024773 1.539688501330058 1.2168802108375334 1.058108579460539 0.9715976802812983 0.7634123202621241 
1.8012228995793387 1.6966899288818214 1.4123622467231982 1.276369811915418 1.207455298538625 1.0451320867569802 1.6526745262056288 1.5380786294494178 1.2172494697345324 1.0564322280056586 0.9720480716348344 0.7610717668978398 
1.7917807311002092 1.686003788709266 1.4017242193605703 1.2637093709955625 1.1954658782006284 1.0301792335035684 1.6505122613122267 1.5350313716474981 1.215953668336915 1.0538851506411882 0.9710052535089602 0.7582755366896653 
1.7787225633487647 1.671370767473812 1.3854264676863943 1.2446014552321558 1.1768238259680164 1.0072440629589237 1.6481368251349764 1.5316596486706828 1.2132219641788555 1.0495398131400258 0.9682021247477203 0.7530216725739041 
1.7711108672310723 1.6622757340537702 1.376497059649602 1.2333170992182019 1.1666964842768663 0.9937341688922647 1.6473361619365978 1.5297200209267054 1.2131062944457918 1.0478329034841387 0.9685367379836451 0.7512591595608004 
1.7634746240720334 1.6539069427709647 1.36742793336468 1.2228755368172184 1.1562758650711342 0.9810908733374294 1.6454426339274182 1.5274314672501677 1.2114032626446076 1.0454966716092404 0.9667536335313149 0.7484504082075177 
1.7479719338610675 1.6367767789671261 1.349719493067356 1.202237519197434 1.1368054619705168 0.9570574700434661 1.640755763167084 1.5217463050607352 1.2076490809693021 1.0402156725246934 0.9638465910952841 0.7433926242343274 
1.7407487951620133 1.6286073466793647 1.339452853913866 1.1900796064373174 1.1241590313910217 0.9412167920612127 1.6383186932517129 1.5186321682547095 1.2033352486560012 1.0344908131336885 0.9579223875961977 0.7346909707203431 
1.7231755566865496 1.6092238966539119 1.3156551763900752 1.1624182094074405 1.0946392497814064 0.9047113559373509 1.6325026004763363 1.5117315538686094 1.194436806433057 1.02320420003145 0.9454976618490392 0.7171006756111725 
1.708351929581841 1.5927325601324285 1.2987305243606158 1.1423798263738731 1.075331258034472 0.8801522637055479 1.6236074063966324 1.5014765076104255 1.185046695158465 1.0112696784270752 0.9348647010696254 0.7016428593707771 
1.7159816621983464 1.6012365529805395 1.3052389271704243 1.150223495935029 1.0809145428760776 0.8875481297377623 1.6247955748342622 1.5031054831917154 1.182800174163413 1.0091489907843143 0.9293782028867472 0.6950606287231351 
1.724494917629507 1.6121491109478678 1.310903557448068 1.1591419981736493 1.0843761123014468 0.8949936245191918 1.627250416908842 1.5076756794251212 1.1800548018333725 1.0087969916340949 0.9219179742959783 0.689256691175356 
1.7239626885718844 1.611925781786494 1.3145169240401586 1.163706199170564 1.0906576619581414 0.903211774717314 1.621629276002379 1.5019783231418489 1.177110402973315 1.0059056989539328 0.920417455716698 0.6880593485942909 
1.721614014726007 1.6108851156122215 1.3158015560490117 1.1671888342941772 1.09484874485063 0.9108731053780215 1.6152686075390061 1.496692591850778 1.173231261815419 1.0037268720628139 0.9186030877920018 0.689077407045827 
1.7183519700951841 1.609462633592343 1.3134855245224442 1.1674248151080222 1.0937627499279723 0.9132105063620326 1.6065372411276375 1.489496016419648 1.1633884291714442 0.9955446313099178 0.9080448045829017 0.6798395714652097 
1.7206210228670344 1.6153635995440778 1.3116196806742417 1.1701320614067456 1.089611852510792 0.9143942495072899 1.606165130094661 1.4928594306002154 1.1574004957368906 0.9942025759029193 0.8980443808253578 0.6747937198374033 
1.7074963313679477 1.6040869647980436 1.3026595163875325 1.1638183211459596 1.0848326643473638 0.9134621933254817 1.5901656445902108 1.4785729762967401 1.1445544422328717 0.9836443159165816 0.8887884817182321 0.668951593342149 
1.7035814104142484 1.6031918082091736 1.29784571606528 1.1629436163069127 1.0800918958630326 0.9135824295097843 1.5853290933774602 1.4769233853890325 1.1381925211092365 0.981588797363234 0.8818600886246072 0.6676163328656664 
1.6975105177703615 1.6004408560584176 1.2904193536757733 1.1597633742022553 1.0724849363702038 0.9110943499665665 1.5795297144216696 1.4747145807040087 1.1307317405737756 0.9789909320014156 0.8738398592081963 0.6659317347453868 
1.6903212608687737 1.5944076442193196 1.2825127143794717 1.1531646168457477 1.0648443267186996 0.9048995585947649 1.5730066563574994 1.4694555835223466 1.123388996984126 0.9731149004845215 0.8666356882479515 0.6603084030549666 
1.6844534178471662 1.5903773172731683 1.2749059491966457 1.147737719906861 1.0571821799940635 0.899750441009617 1.5678115378121822 1.4662706818650504 1.1162593249317114 0.9684790007516942 0.8592344632851967 0.655896758108317 
1.679566160205962 1.5874293169489466 1.2683457838101562 1.1435429056703557 1.0511829755608677 0.8966465289672403 1.5636514333153024 1.464238762876123 1.1102992144953538 0.9652738966267552 0.8538436428931235 0.6542463727900981 
1.684203463903634 1.589488129564043 1.2743113967256983 1.1462114735183033 1.060196096873121 0.9021900963904447 1.56944766584458 1.4673435800878403 1.1182549815784413 0.9697553351361363 0.8663950783707166 0.6637557065856383 
1.682661631565301 1.5899825470557845 1.2707863063245528 1.1452476456828016 1.0568851528628833 0.9020535238787107 1.5675806491986306 1.4676523516630222 1.1139375035171408 0.9682722217135014 0.8619542631381321 0.6630682358113681 
1.6782760469967386 1.5893617331252818 1.2645989680222738 1.1439714938419574 1.0510439999938157 0.9023046706755983 1.562954989858313 1.4670680042598567 1.1069906776134115 0.9668963693814346 0.8549335063752034 0.6636049495919992 
1.6729694081889244 1.5870367704423232 1.2581676571649743 1.1414223247930628 1.0454265092946515 0.9015407125227346 1.5566271618907335 1.463880866442348 1.0987480757371093 0.9628636476344925 0.8468636647867236 0.661087843433836 
1.6678524549641671 1.585936885102935 1.2513212867725059 1.1398547954586145 1.0385297462903986 0.9011148794299204 1.5506526109770684 1.4621858677781017 1.0902278069880624 0.9602398987388516 0.8374579048107433 0.6593934594231278 
1.6611443757750257 1.5832935344935253 1.2428917064527383 1.1367486851406514 1.0296961837207128 0.8987168686349444 1.5423578071151323 1.4581787902616743 1.079002670047206 0.9548112594481696 0.8244641888942175 0.6535740034372542 
1.6568833934507885 1.5812858778516299 1.2379890171940138 1.1348212434974065 1.0254448370794988 0.8981868190376655 1.5366374383350812 1.454804820205446 1.0717317034094869 0.9506899032244952 0.8170245720252238 0.65017812889469 
1.6530943132794935 1.5784723876574465 1.23501112747902 1.1331843429014539 1.0236695958154662 0.8981946957074507 1.5314654364356381 1.4506001009916552 1.0667324216489344 0.9469806383432557 0.8127515092554428 0.6476258841314174 
1.6544680338268853 1.5790266516290978 1.2365914163356464 1.1336750074668667 1.0259718646020464 0.8992657886047929 1.5321764232473363 1.4503879769065242 1.0674541900966992 0.9463187304259597 0.8141980004611901 0.647285930292788 
1.6563501931201021 1.5794639764961402 1.2393198033796604 1.1345149033172723 1.0295131217468771 0.9006152112023204 1.533065882618552 1.4496556457479826 1.068975497029282 0.9454729525740015 0.8165122816277782 0.6464540175828442 
1.6567463063939512 1.5801101540557227 1.2399555805552067 1.1355305442611396 1.0297022092576085 0.9012360484079629 1.532802899185019 1.4496290915092729 1.0687217812648901 0.9455717957669846 0.8154526618694674 0.6456801212287707 
1.6572489896095879 1.580844840887935 1.2407819298982397 1.1367215995845243 1.0301802277087246 0.9021460519017971 1.5324570832365911 1.449489879013303 1.0684054922930712 0.9455614699013491 0.8143843072910971 0.6448395128727769 
1.6582819695724247 1.5825092758050423 1.2425587166041692 1.139468596148661 1.032797733251289 0.9061499187270284 1.534136047750981 1.4518987328353863 1.0712733015477423 0.9497699742616631 0.8187462856153915 0.65175301887218 
1.6570695437808278 1.580001462317678 1.2416601100647473 1.136769535537437 1.0318808966765498 0.9029414892040348 1.5315481068272068 1.4478137834424705 1.0684006549632963 0.9444602201924654 0.8151921954520911 0.6442541917023127 
1.6536864585389215 1.5766743256471834 1.2389031744067007 1.134065298629228 1.0292763127338547 0.9003514613499553 1.5278357795113322 1.4441278319993005 1.0651217496394485 0.941120272629912 0.8117961529565165 0.6404966978486306 
1.6520774119232429 1.5752190471128134 1.2385994258786817 1.1340563518569085 1.0297271583225334 0.9012731505969763 1.525158977283024 1.441549575070868 1.0634277919948303 0.939592433019232 0.8106097406193685 0.6395650263945019 
1.6516005014896913 1.5758697768917962 1.238726368703355 1.1357923902373182 1.03009796452619 0.9037052360814338 1.52348473603151 1.4410368066503367 1.0619155055469338 0.9398116184220113 0.8089025534148102 0.6402379855342856 
1.6517902676517378 1.5769949685109967 1.2394492560443933 1.1378648868424581 1.0308339091769343 0.9061570452791281 1.5228417771748317 1.4413705702243957 1.0615415433740687 0.9409423418621355 0.8082416336152203 0.6416826168044448 
1.6515598011422414 1.577099530387667 1.2394887600736846 1.1383872532442552 1.0306007354688818 0.906493810209976 1.5215317946559643 1.440365284970795 1.0600667958902403 0.939858906298706 0.805944850066678 0.6396407220846716 
1.6522507637416906 1.5787160302869545 1.2405398493740536 1.1407676520155188 1.0313254236587983 0.9088695437107572 1.5209911849465139 1.4407726755755053 1.0594435880616768 0.9406553217225744 0.8044337933509508 0.6399417519470034 
1.6555131190845334 1.5831172351601128 1.2447555799678105 1.1467139777036817 1.035548521442139 0.9153672667629097 1.5225170581182335 1.4434662050290614 1.0614852606894738 0.9446096820703247 0.8060367516813363 0.6443847746967645 
1.6584271581215138 1.5872085491185461 1.2481378388603561 1.1518239467883102 1.038332071543107 0.920317244429876 1.523996520926147 1.4461727889138976 1.063030019235111 0.9480944896976251 0.806423119581154 0.647432303329854 
1.6623078744594817 1.5891275526181023 1.253539955442187 1.154738640944348 1.0437493234919966 0.9227521656923923 1.5250647893417513 1.444950352327027 1.0648556531708888 0.9465603367403476 0.8074452256902633 0.6434490667411059 
1.6713460889355023 1.5954871535051607 1.2638784866433956 1.1617100916321594 1.0541988375064735 0.9292559911025594 1.5334837974364124 1.4504323717429917 1.074971458690881 0.9527566032308568 0.8182359054698103 0.6493777829584256 
1.6785893411224797 1.6006051610968899 1.2726465853998905 1.1678630214755497 1.0630722301565403 0.9350921195957114 1.5396129046386955 1.4541948293574698 1.0827626939131216 0.9574182768936471 0.8263584491792894 0.6535617737674076 
1.6837786051387518 1.6046831818533527 1.278873712421598 1.1727811796422214 1.0691229459341898 0.9396390777968955 1.5439929261894307 1.4573303946336262 1.0882654718969083 0.9613633341890049 0.8317617678897006 0.6570581112222876 
1.690085079025905 1.6097742967093245 1.2853756544862673 1.1777844816204703 1.074752014162337 0.9434392423182322 1.5495332509972157 1.4615194175740533 1.0940092754387414 0.965319639676931 0.8365151603802529 0.6593506847998264 
1.6958315552666192 1.612965652156921 1.291912777178862 1.1810385916802213 1.0806963421044786 0.9453666564026892 1.5561354610823572 1.4653911097171297 1.1021576716776962 0.9698273374358966 0.8447588373245943 0.6628959378650621 
1.7006599569449503 1.6149251438862424 1.297747413773574 1.1831683232558248 1.0864159105775284 0.9465930815065151 1.5627036380440154 1.4689389339097798 1.110831544904987 0.9745181642001344 0.8544576653971805 0.6677101415704272 
1.7097257337862704 1.6190054096793502 1.308092608637095 1.1870647432094847 1.0975984970703085 0.950125724612801 1.5750362841442733 1.4760608822711212 1.1263585061475765 0.9832089890613288 0.873097745026867 0.6784659933784449 
1.7163609641217665 1.6213477852579932 1.3164533589766862 1.1899256816965502 1.106549164547604 0.9525359495373389 1.587018899686138 1.4837461607569538 1.142708832188235 0.9943124040064066 0.8928522175371466 0.692862730965521 
1.7066230107835767 1.615172351217046 1.30323831164373 1.180952886501405 1.0902042069887643 0.9406193896236672 1.5821070655729972 1.482997771453484 1.1353108662106604 0.9925474226131465 0.8826357566606965 0.689395026190355 
1.6925751557697521 1.604473969850867 1.2842429466144638 1.1656783466844534 1.0674367587492013 0.9213833599154048 1.5742633915355462 1.4791319372959941 1.123732403167676 0.9860530289639601 0.8677072097942948 0.6800307816040391 
1.6948350280962452 1.598820709292321 1.2857545050521892 1.156255393614231 1.0694946479819336 0.9097146201210576 1.5836334274894555 1.4804245069107713 1.1351624145742318 0.9860809274405424 0.8827501697887121 0.6804481980738873 
1.6973502006094678 1.5927305081240206 1.2886175078389246 1.1473133179341206 1.0737273674024521 0.8992681621791135 1.5946448105797733 1.4827962907658627 1.1499693256382975 0.9890511705210204 0.9026543235973561 0.6859865858083526 
1.6975511050510381 1.585582852789472 1.2878590341570773 1.1362104209432335 1.072925211494259 0.8851902271602415 1.603014901446646 1.483930592399793 1.1604128195862022 0.9894195978754414 0.9160488684890125 0.6866867977906668 
1.694173706033121 1.57468288369881 1.2834196373026245 1.1209672624184885 1.0682837940425756 0.8663901561155922 1.6058029901622428 1.4791906169300832 1.1642786017161013 0.9823168024695498 0.9217423509929443 0.6775032100396281 
1.6880418570171773 1.561851715446124 1.2741912783573746 1.1015710979514668 1.057866833132602 0.842008139296765 1.6024012295433376 1.4688720742263432 1.1583470133090517 0.965227057868769 0.9150336748131187 0.6535916890857778 
1.6839233021482898 1.5519242443231565 1.2675222019033827 1.0860403790458253 1.0504279590328884 0.8223564128271877 1.6005815257330693 1.4610723435607151 1.1545025185412112 0.9517075380168006 0.910858073531766 0.6344553591215066 
1.681964010081369 1.5454805911460032 1.2650782557648361 1.0770006126316736 1.0483611282420768 0.8115222619306263 1.5991096730396572 1.4548742463900446 1.1526368935657925 0.9423795067853503 0.9095107863071225 0.6218658993778321 
1.6869393437257902 1.5473970768390382 1.270225599257864 1.0780289592631545 1.05418076088022 0.8123856477129564 1.6028636470423803 1.455281840404119 1.1562355273083422 0.9410387657317844 0.913621693158607 0.6191752273872073 
1.6872393442345397 1.5452329409940107 1.2711157441920857 1.0755014980617181 1.0565320371541036 0.8106961099777154 1.6014101313945157 1.4510281341631523 1.1547610312670757 0.9351156487477899 0.9132347725163558 0.612344663513123 
1.6898790020110908 1.546289891462141 1.2741068017391635 1.0764151286738775 1.059514663908905 0.8111058562468898 1.6026827949528877 1.4504873416331492 1.1559624743208579 0.9335794711956771 0.9140418058480695 0.6089284110944406 
1.6901543257779748 1.5458598315972893 1.2738601104304976 1.0750723487031 1.0591675207189843 0.8092569498904535 1.5992754314207418 1.445940136916463 1.1505563182852023 0.9256569642940088 0.9071362067220116 0.5966213803963113 
1.6890985710760047 1.544221720159058 1.2722967562683638 1.0725230879617464 1.057091485733851 0.8056110397772615 1.5959716387238843 1.441767044224205 1.1457794398622276 0.918900028844814 0.9008406618326019 0.5857308564613957 
1.6893315441398706 1.544425672807209 1.271548777682555 1.0715623578803055 1.0556057607014087 0.803562763464062 1.592554398074364 1.4379287547114425 1.1398353998828075 0.9113914261314947 0.8925760285970041 0.5728015010682147 
1.6906282923511011 1.5456936609490253 1.272382015944111 1.0723343065937974 1.0562268156499341 0.8040895203259398 1.5902984068714905 1.4352678821383833 1.1356852532713453 0.9059392171100663 0.8868145725561798 0.5633692898073163 
1.6928734454226047 1.5480322939838822 1.2757876117195213 1.0762051436492024 1.0601507242920698 0.8090136211566528 1.589553186973308 1.4343161489772749 1.1351179948432675 0.9050283659736861 0.8858771868701666 0.5615708959846478 
1.6953609079691558 1.55095575335662 1.2791224524141542 1.0804486979352608 1.0642048150003833 0.8147067134067328 1.5905253170163625 1.4356134314884355 1.136519434092528 0.9071337082646639 0.8877240923113442 0.5650391178228285 
1.6967530817163705 1.5530280068028393 1.2811066906054314 1.083586324347996 1.0660750466613502 0.8181937268850209 1.5930953918438155 1.4390545149903111 1.1402702574012884 0.9127657035154203 0.8919068966624264 0.5730819155356416 
1.6995714820474603 1.5568960466868045 1.2843121597917695 1.08850346870784 1.0692944145505483 0.8238765821341203 1.5990973032898907 1.4465456311464913 1.1480534336819868 0.9238012579494574 0.901087957853727 0.5893569252914569 
1.6998989075289157 1.5567886190546232 1.2843166045091843 1.0878435775505595 1.0681048943891234 0.8214515043616392 1.605140948271522 1.4527257044666073 1.1559802371225905 0.9328584122030525 0.9097632842767399 0.6013349665685509 
1.699937989747567 1.558684319157346 1.2840211866581486 1.0901458827088235 1.0666522050729563 0.8230762810256409 1.6104408695717456 1.4605572334513288 1.1629449828719327 0.9445362200503482 0.9173208555282061 0.6174019677543958 
1.6981346858158808 1.5591728014466517 1.2815729538231524 1.0907738764615698 1.0629501308956126 0.8229346233881523 1.6096836445000615 1.4623405379633707 1.1618301339571977 0.947210469626999 0.9150316961564775 0.6201946618369107 
1.6942524131090977 1.558979985672042 1.2767632272766944 1.090894905536734 1.0561860431410748 0.8218614932736539 1.60744821382401 1.4641779661386796 1.1591043349612666 0.9504999819705418 0.9104545450081515 0.6235822599513237 
1.6903009121141714 1.5593000136901172 1.2707491127260329 1.0904598418529678 1.0486693671000409 0.8209791719002377 1.6056804607685802 1.4671431768215397 1.155809619311935 0.9540415270280429 0.9059801378032525 0.6285693034932585 
1.6910983587757398 1.5645982606579878 1.270174283731961 1.0961280806794433 1.0459874583636268 0.8259805211105163 1.6048762265215348 1.4709798641225516 1.1528906081905603 0.9577634429513376 0.8999465575543917 0.6309182709781039 
1.6885321248803649 1.5670895646238603 1.2677840121854353 1.1008656904241316 1.043639490606311 0.8329539922186578 1.5979948056088917 1.4690869155883868 1.1444312838930086 0.9562175120509977 0.8897359430488352 0.6294910763092675 
1.6906401010403842 1.5744647143857624 1.268711724248594 1.1091909776255124 1.0431744471783424 0.8419549351633019 1.5969453337687676 1.4734006870657557 1.1408768062529102 0.9603515359730729 0.8832798962083536 0.6331339199931085 
1.6927034506557845 1.5829910526159017 1.2724466905383502 1.1223797401334363 1.0475317029388658 0.8590333925185912 1.5924217267614755 1.475270367309667 1.1356419172705805 0.9645197069329376 0.8762902787672587 0.6391403237646643 
1.6989653794671626 1.5957232423662946 1.279592117445243 1.1389492054644053 1.0547772719527095 0.8788654043868152 1.5917050561671282 1.4810044873085295 1.1333126718730362 0.9717236838875546 0.8715484602866326 0.6476465272260788 
1.6984540665032306 1.6023369933635558 1.283231430733116 1.153004999599464 1.0610101194717043 0.8991552134650391 1.5836224133363863 1.4800667458940358 1.1268525355259933 0.975978617133265 0.8653647818240352 0.656958012281881 
1.7060989257630519 1.6178061700988284 1.2939288600575536 1.1750638937563522 1.0733041345722283 0.9265554623495778 1.5852870036336764 1.4898517185981428 1.1298731053927429 0.9915323967525418 0.868529276817909 0.678871390036316 
1.7041163830783859 1.6214129790636806 1.2933903806183809 1.1822969501255427 1.0731542229689823 0.9362838180146873 1.5749883939496698 1.4851113906627207 1.117781047735271 0.9871179626955232 0.8533673184954764 0.673203670426833 
1.7043177578737367 1.627784011938857 1.2940859029460758 1.1914865059763624 1.0731802964105148 0.94694124333232 1.5656381292635155 1.481959689574504 1.1050710638704464 0.9829363285196859 0.8356073722770522 0.6657487892018731 
1.7058870929860541 1.6349271396904541 1.2958964008038643 1.2009510646551798 1.0737277630835529 0.9569886557825072 1.5582595572677904 1.4802394488380621 1.0942895208382515 0.9800028232083874 0.819154065494648 0.6587483291033154 
1.708447357736152 1.6426123255703518 1.29619661076383 1.2081012092186814 1.0703765941740506 0.961815435161882 1.554277562070443 1.4816077814035802 1.08494793402985 0.9780055713111454 0.8016809958803066 0.6496732233328076 
1.7128414268109613 1.6476367042160143 1.2996780006600905 1.2124536531677448 1.0724607486522806 0.9649108834912217 1.5544104965548224 1.4822526597985277 1.0823719988062377 0.9759150062786257 0.7953227620279769 0.642976866986527 
1.7151905239058458 1.65112932736246 1.300885826695183 1.2151763067458194 1.0709698664745007 0.9650523184140899 1.5549721042180824 1.484010703221648 1.0809087129338952 0.9760702680014437 0.7893264004810748 0.638267725078129 
1.716096525945857 1.6535287622788541 1.3022029113634481 1.2185657568155441 1.0720546806779214 0.9687472940263834 1.5517683423641042 1.482280361363342 1.0764432750328463 0.9736016668450399 0.7824953292917729 0.6336158313074572 
1.7137246641421602 1.6517244608012438 1.303541569298486 1.2208857820489023 1.0757867359700806 0.9739910529410214 1.5445819485832275 1.4754913980803683 1.0714951209824335 0.9692488143965715 0.7785873571341624 0.6305075277973767 
1.7143726307045415 1.6543136574147028 1.303801483090432 1.223755885586995 1.0760424795094337 0.9775211393667199 1.5423415895024066 1.4752958140348702 1.0675403360570552 0.9681541867434186 0.773053348423516 0.6287222277833114 
1.7170746466342106 1.6584437688730962 1.3054645746683438 1.227325608025026 1.0770846249547896 0.980918794658355 1.5417419927192744 1.4761635290556394 1.064359331106746 0.966928734764874 0.7672902445059496 0.6251597489554169 
1.7168209892644484 1.6606616333916309 1.3044912865860623 1.2296423334526834 1.0757892007168317 0.9836895627274693 1.538681832796813 1.4757589688085788 1.0591340756386607 0.9654469128952456 0.7598617491221413 0.6226657443757124 
1.7159387288509724 1.6612664324035114 1.2965873658071367 1.2233148553952453 1.0633202119637761 0.9726306140723158 1.5295252254116931 1.467926378750205 1.037371915549428 0.9441932691089733 0.7250183219551696 0.5839623322019065 
1.714785826754878 1.6630693865679238 1.2943861910725911 1.2250489641395605 1.061839757985832 0.9761214189533034 1.5247013398168872 1.4662958530049148 1.0293975692799213 0.9407277547406637 0.7153512533290274 0.5805486788714709 
1.7227226774416742 1.6734977980480912 1.3065642741831762 1.2409398290295184 1.0786889550615648 0.9981940284693204 1.5407510056371245 1.4855083702462972 1.0551068384632005 0.9726622729764993 0.7547914279930651 0.634453746518854 
1.7251870355522874 1.6786576117653325 1.308686829932085 1.246708582122418 1.0832260198304366 1.007471925136224 1.5419809459385967 1.4897403490332433 1.0555075313979005 0.9776079064418874 0.7581645863779778 0.645317448964221 
1.7284000829825974 1.6841089115476617 1.3120131940092103 1.253090020850158 1.0881435179489194 1.0163229283816488 1.544199898605828 1.4944595364058038 1.057622381218481 0.9835756607166781 0.762392809288132 0.6558191631496064 
1.7282429252322284 1.6866938739780997 1.3134887895278171 1.2583184875520388 1.0926103018987372 1.0256265829800093 1.5424983065842406 1.4957986634956089 1.0572276090867332 0.98784757595251 0.7656857638844083 0.6666238106422917 
1.7319084892183996 1.6939392540663196 1.3163374320540915 1.2659650139189313 1.0963159102315172 1.035293077571158 1.5460970082846546 1.503442430047376 1.0600250841497856 0.9967830057072401 0.7699464390636273 0.6802504689206468 
1.7314590230556683 1.695586700903522 1.3159302393823504 1.2683596913655408 1.096712415048216 1.0391544798926144 1.5463863609463482 1.5061124423763619 1.0606756449173753 1.001047818778349 0.7721000907401127 0.6878971303042993 
1.7336413439450185 1.698728748633957 1.3168821228323704 1.270568997510757 1.0975457810203135 1.0415247445142577 1.547858657964444 1.50865286830188 1.060439833764976 1.002347092097089 0.7713370579944218 0.6892952263257667 
1.7361288354398816 1.701503642489736 1.3198986102143755 1.2740108529387966 1.1008557349833992 1.0453968918099192 1.5498437241366756 1.5109556186089121 1.0630167342266255 1.0054729680134817 0.7744388841256876 0.6933447175870313 
1.7394450288609755 1.7055291810195332 1.3243076600356731 1.2794340769688606 1.106198241017025 1.0520624160710048 1.5515875051150547 1.5134677284002986 1.0656197990039225 1.009309830978159 0.778093391585586 0.6989922066154672 
1.7392386721864712 1.7051104004459534 1.3257416455814308 1.2806409448822726 1.1086353516052787 1.054287750905302 1.5522168272599546 1.5138782638339716 1.0686518754154508 1.0121596463547438 0.783261299202865 0.7042361689866262 
1.7394731310761888 1.705151822488543 1.325887622136959 1.2805287777070846 1.1092746816438208 1.0546403573427294 1.5535623582386386 1.515035301547789 1.0704051633545124 1.0136780444184437 0.7863075394119022 0.7071460319735947 
1.7393585015901694 1.704437816129999 1.326656374444415 1.2805301276635392 1.110634032728153 1.0551057893187772 1.5545547262975337 1.5153813609299804 1.0729816102124026 1.0153963796734753 0.790430486920893 0.7102961541878148 
1.7366826630853895 1.7011446976025761 1.3235109650703165 1.276521791659414 1.1079697636042962 1.0513912720682819 1.5542209092215173 1.5144072254784577 1.0729479190815183 1.0144179843542602 0.7919172680661536 0.7106050727241962 
1.735635418352832 1.6986374494696654 1.3221768427259684 1.2732205161482477 1.1057642521988176 1.0467346658732624 1.5565680180579358 1.5152039051364703 1.0763945804586765 1.015659476468767 0.7957312805469005 0.7114261382187262 
1.7353030929927633 1.696540289545241 1.3232475354786233 1.2719890603500685 1.1075280473876272 1.0457487773123382 1.5578601625146753 1.5145627802934583 1.0801090229927024 1.0166649551598845 0.801417392592805 0.7136119159951367 
1.7364773461533816 1.695786381070414 1.3238723612583996 1.2700298836735655 1.1071809265444787 1.0422031858634333 1.5613074456697793 1.5159217712084918 1.0839582072681078 1.0174985364234634 0.8050943859597396 0.7131022695405549 
1.7392627646124235 1.6970140105689318 1.3257592846241923 1.2698264717933905 1.1073244859422418 1.0397062589343444 1.566788160399245 1.5197521927167108 1.089691633429958 1.0209061874958199 0.8099121510183991 0.7146882397711957 
1.7369548547940905 1.6929240012572213 1.324198438751821 1.2658913901408606 1.1052406628389857 1.0346673036453604 1.5669991053579961 1.5180466734039373 1.0917763204030213 1.0202720422675318 0.8124228895056811 0.713449688368255 
1.736647115425667 1.6911493399686175 1.3256762640691317 1.2654882234443317 1.1066451241099335 1.0337825290051532 1.5674062903779256 1.5168405867711643 1.0946400471005482 1.020921015199653 0.815771234057864 0.7138106141521644 
1.7371661449881068 1.690312440542529 1.3271495735194432 1.265201929279607 1.1080562466286807 1.033053036902191 1.5690608174614649 1.5170239880281524 1.0979670414419733 1.0222238284509122 0.8197525719952575 0.7151253111538144 
1.7377991698856947 1.6904023097758147 1.328241969392403 1.2655989662193192 1.1096803069602565 1.033878328284044 1.5693022313293923 1.516648775193324 1.0986310880615977 1.022009922503402 0.8210687681646464 0.715309678457806 
1.7370400586610575 1.6888362587276509 1.3293367389014754 1.2656997704010258 1.1121889072424744 1.0352892874908006 1.5674313941583569 1.5138364901115344 1.098484945455881 1.0205532415279517 0.8224944835032086 0.715092244953901 
1.7312866149093427 1.682748182309002 1.3228304836842284 1.2586375930601508 1.104323555016486 1.0265566795185983 1.5655163906405614 1.5116645366827424 1.0969816383897453 1.0186544149338628 0.8203771940785836 0.7122547596641599 
1.7208710828954736 1.671582182265006 1.30967133584951 1.244198021243339 1.0884701245077149 1.0087402639261704 1.5625953151554755 1.5081425088717046 1.0934101897027666 1.0140688098279327 0.8155207213466988 0.7055946109954639 
1.720687012607999 1.6712872570320878 1.310132800962498 1.2445421874399598 1.0878961517340893 1.0079460983196673 1.5632944318834632 1.5087500723837066 1.0952504926078965 1.0158793932932393 0.8164825303445508 0.7064566671196756 
1.7150389264932415 1.6657750938728464 1.303877830851913 1.238364058654437 1.0811066349750564 1.001119223752641 1.5581948786936408 1.503801657123402 1.0893622714171305 1.0100288621455775 0.8095704520219905 0.6991798486563311 
1.7134726671012992 1.6647267247999713 1.3012430973892772 1.2363494998839284 1.0765708040362416 0.9971615633703698 1.5572918785196435 1.5034907656062408 1.0873835627336106 1.008825802536414 0.8050926096439093 0.6953420722660466 
1.7088441975372597 1.6604886172379383 1.2962228540867347 1.2317741854645112 1.0704722712227346 0.991455919331142 1.5534114498280103 1.5000536953645227 1.0831123341818059 1.0050901874840685 0.7992806293516439 0.6898720758059135 
1.7073082324485993 1.6590259311857547 1.2937246273402854 1.2293042955862312 1.066204737462163 0.9870451772572318 1.5523981723084963 1.4991349923028146 1.081093009961104 1.0031090349242997 0.7948781208378805 0.685052455470937 
1.7037949038725317 1.6561525108219983 1.2896824418677684 1.2260525541354292 1.0600120976960639 0.9816056804552478 1.54982723555305 1.4972937336080752 1.0781132530778061 1.001125492184676 0.7890963394047712 0.680144909193629 
1.7018684476623451 1.6549557500394505 1.2865134034080796 1.223780641532068 1.0547223621165147 0.9772213580293054 1.54794845791087 1.4962174807789943 1.0746650419310384 0.998712808463294 0.7824496637794921 0.6743513904402068 
1.699034387005363 1.652813035363253 1.282362037892065 1.2204611742561455 1.0491658325673257 0.9725338173383431 1.5446931731663378 1.4937034782267498 1.0694912562647203 0.9944267840654181 0.7746664412679111 0.6672189871898804 
1.6974295774454504 1.651709098669206 1.2801068489726317 1.218831129002964 1.0455736412068928 0.9695875491293399 1.542080394722221 1.4916057522102282 1.0655600959995828 0.9911075090153642 0.7680944034340049 0.6609423490945635 
1.671371302756165 1.625791352245681 1.2387072598789595 1.1764825391976033 0.9904450109303594 0.911425701325588 1.4847758618986369 1.433274171063178 0.9723543613708122 0.8917334206122589 0.6261458680506004 0.4917053359857302 
1.6684580362155832 1.6240468267301778 1.2347914069235986 1.1740893047006093 0.9855655323784209 0.9083585720476028 1.4818875621356569 1.431700605438288 0.9679609221514885 0.8892267560146625 0.6193366990679303 0.48718972034758695 
1.6673951624116103 1.6242948462005413 1.2335995376270372 1.1746892946620566 0.9836544773616597 0.9086821504759736 1.4801251158039446 1.4313970372309843 0.9655731717656824 0.8890774262085614 0.6149307779202794 0.4860730206395331 
1.6892349167967253 1.6482869516092273 1.2680022185017028 1.2129158655262284 1.0299061355896664 0.9612709913678037 1.5278300230474722 1.4824303862391783 1.0433501815427264 0.9756612486130829 0.7358373620068772 0.636232578578966 
1.6873658125486601 1.6485370612024468 1.2648458007828465 1.212561733091557 1.0258886558286917 0.9606865206496862 1.524320528418482 1.4812238622699812 1.0373931693229912 0.9729623037702951 0.7271844485122052 0.6318767909632383 
1.6880106004122752 1.6511460567933445 1.2651137874136895 1.2154901928293005 1.026181116131168 0.9643397725201475 1.5217023547672555 1.4807030662034202 1.032817101186948 0.9713983108201343 0.7205872275472345 0.6294040564408605 
1.6883169145970909 1.6533788462523162 1.2655795014595645 1.2185807645103546 1.0275177005359275 0.9690408815084327 1.5184653825868537 1.4795217886988485 1.0281121478295256 0.9696711780983491 0.7149235895636961 0.6279835539523628 
1.6909942140442142 1.6583535509628247 1.268648056921623 1.2248032333362815 1.031368737518745 0.9769322089024447 1.517116753164044 1.480647936138436 1.0254997333646703 0.9707341403242238 0.7112687843080209 0.629744671744835 
1.6913017713062208 1.6618184409686756 1.2679420750269155 1.2283386970797427 1.0312025066026362 0.9820984974754621 1.5137188848077305 1.480703789197407 1.0190781551105685 0.9693601680198956 0.703009096828455 0.6287770982976082 
1.6926070220033829 1.6655159999757314 1.2689982426052293 1.2326319624994155 1.0330442723016087 0.988031114780886 1.512405681335256 1.4820242778629371 1.01627208646856 0.9704813078958092 0.6997377241046535 0.6313936155641424 
1.6924203304362189 1.6666060678618209 1.267911660516552 1.2332433618040846 1.0327632172351222 0.9898934656991328 1.5114924537270573 1.482531162651848 1.013865297598177 0.9701608383324077 0.6977984850039732 0.632623060150229 
1.6913567627975477 1.6667638138203624 1.2655034172458801 1.232441808387317 1.0306842868022195 0.9898100883810994 1.5108461382486966 1.483263282583709 1.0116655838077127 0.9699902914261566 0.6959011808159259 0.6337920522229669 
1.6923341793115922 1.6650049487212464 1.2658882124683206 1.2291132865876278 1.031423210164596 0.9859413487962861 1.5143864019682165 1.4837832318995388 1.0157973057978842 0.9695827304909264 0.7022855818441955 0.6336020385590945 
1.691528855375045 1.6613254298139213 1.2636682987898407 1.222943124003079 1.0286966463279688 0.9782377550199185 1.5208370719989732 1.4871710442132775 1.0239790526990338 0.9732756112974426 0.7140674486114111 0.6392375429731972 
1.6879928170618381 1.6551178752259186 1.2566178174975715 1.2120989108535491 1.0192998616954483 0.9638815479571958 1.5274743606530226 1.491064503263477 1.0309929734253092 0.9762386704553144 0.7230701072872256 0.6425930364486998 
1.6826811760532534 1.6469450802270122 1.2484991446708964 1.1999009422798033 1.0095061209541822 0.948743782737974 1.5340485703666493 1.4947632499108212 1.0395379696018612 0.9806382346635073 0.7355213689920641 0.6496182273335317 
1.6762203651724348 1.638011007117721 1.2393119980936238 1.18712239277962 0.9982713782428154 0.932690244099728 1.5401290274580277 1.4984534587496572 1.0479393766906606 0.9856684452891906 0.747548294907299 0.6574144811599529 
1.6664922283017853 1.6267009184512835 1.2234160190999013 1.1686343683506188 0.9780584259594362 0.9086021217729188 1.5405060943048066 1.497370547890618 1.0453274297512 0.9806472181627041 0.7433444451869201 0.6492460976318996 
1.6502087680170165 1.6091001895097272 1.2022698743793925 1.14519312462145 0.952899702823041 0.8797910464878805 1.5283873510469261 1.4839077925128097 1.0287039261324125 0.9613772461839525 0.7216624975985935 0.6219414781796113 
1.6371158238484411 1.5953203128196418 1.184805711454397 1.126349525544784 0.9307108074450193 0.8550563062716747 1.518849927509285 1.4737041026254083 1.015146026685304 0.9462664187716692 0.7021249808224744 0.5982291939507467 
1.626529602574884 1.5845827546999274 1.1691569263586519 1.1100594024161097 0.9102518381483281 0.8329840138276425 1.5136124206851669 1.4684435700742504 1.0061570108349942 0.9368329033997527 0.6884638123041837 0.5824829433489107 
1.629381529690456 1.58852852490486 1.1735001416686792 1.1160830110867248 0.9155122477042074 0.8406553282031881 1.5116868691287921 1.467561206708739 1.0037009532208336 0.9359243071084382 0.684452844757336 0.5805294151345046 
1.6321710173448156 1.592315337387796 1.1762987097928868 1.1203412687571632 0.9185184807397236 0.8456725745112054 1.510808654284324 1.467660960058695 1.001118981270663 0.9347326454555923 0.6798799595961114 0.5776873404190281 
1.6275945340721103 1.5884517183475897 1.1733511301146857 1.1184219993908426 0.9175104695541135 0.846132587672529 1.5037084223151143 1.461250804455351 0.9943982736013826 0.9289471571200432 0.6737213917795768 0.5727262940719677 
1.6277634696986045 1.589679891891836 1.1717951374217423 1.1182898056788497 0.9140215833804144 0.8443362483544335 1.5039500138918314 1.4626461942948608 0.9926507820403104 0.9288831037785324 0.669094302684786 0.5702240185096029 
1.6239053797376866 1.5870215481653047 1.1675553626021338 1.1156855456359556 0.9100242014040066 0.842444513983562 1.4997412413949949 1.4597234337849758 0.9875933543422617 0.9256939805038165 0.663550417030236 0.5673340003393064 
1.6249146377598578 1.5899673770257834 1.1703855026469911 1.1213611839216882 0.9146805724438724 0.8510518372027934 1.4958428614016415 1.4578047009137576 0.9833618412396579 0.9244723850966291 0.6586644332330767 0.5669986910092916 
1.629520196056606 1.5965821302258019 1.177272685216284 1.131242416353082 0.9233271366944437 0.8638700310558063 1.4939875211514853 1.4579907895992894 0.981138939883827 0.9254037219270085 0.6551302506802446 0.5682728874021353 
1.63114828341698 1.600040894869303 1.1808139864069023 1.1374567302777543 0.9286929624446175 0.8729013468051013 1.4908520986651093 1.4567519084779537 0.9779145811849622 0.9250962495082121 0.6515104573943231 0.5691678301293566 
1.639845672371934 1.6111737956648127 1.1917369953127075 1.151965379964589 0.9419699691587625 0.8911198535758026 1.4907680150838225 1.4591697795105818 0.9764898932385118 0.9275341946456529 0.6485390261171335 0.5721800757077793 
1.6477281763023173 1.6213522200991863 1.2023701607161417 1.1659626417774114 0.9551476240773256 0.908890456777141 1.4904203870655286 1.4612076542437629 0.9757247514440536 0.9304910903499076 0.6470330524637516 0.576564523380133 
1.6552039058920358 1.6293254185644594 1.2121137562457784 1.1765292633760753 0.9660287501313045 0.92098474231675 1.4929751870276513 1.4642323103183628 0.9790274240695458 0.9346101040435258 0.649989603824746 0.580937031510516 
1.660714731427779 1.634608258042654 1.2193604297258624 1.183558446237971 0.973279187068767 0.9280318497019593 1.4946211390119037 1.4655589675141836 0.9812027250172312 0.9363383606694965 0.6505315564838035 0.580656562919287 
1.6634055827032233 1.6375463109690211 1.222878241595724 1.1874640970438854 0.9767597119907485 0.9320404084417424 1.4958233279262128 1.467013025289227 0.9828532390790856 0.9384243590019656 0.6516355045332092 0.5824676976178594 
1.6574449718325162 1.6330368162270226 1.2141748848715699 1.1806379883575195 0.9651076351645396 0.92256065163917 1.4855624105546326 1.4582801802647152 0.9664328699153865 0.9239469143586607 0.6254634988973299 0.5575751043159031 
1.6515280555277405 1.6290292122964647 1.206474638189813 1.1754881151739647 0.9551351249929195 0.9156824576867464 1.4797426660724626 1.4545891564683273 0.9579532828876574 0.918621656894306 0.6118631763680832 0.5482406432537084 
1.6499727084523672 1.6282423300472324 1.2040924938880901 1.1741387824944887 0.9502836676685756 0.912031905010806 1.4797701203354663 1.4555008607890414 0.9576786539532143 0.9197345002540898 0.6085628311338445 0.5469112050028232 
1.6479900778771577 1.6279479033991104 1.203317191924706 1.175719075196775 0.9494808855272231 0.9142521705643142 1.477683106887793 1.4552973729728094 0.9568951520315901 0.9219497878851972 0.6076100884461679 0.550938380385284 
1.6435060453098096 1.6265974111469284 1.1980152423779467 1.1747116829034647 0.9430635826761046 0.9132775799010342 1.4751983194709415 1.45633687680766 0.9541165975759409 0.9246867030242676 0.6037109256671525 0.5560340805651125 
1.6396155707222226 1.6229965902843912 1.193967865461529 1.171041406644001 0.9387971174618933 0.9094606863821877 1.4725053744400256 1.4539775755061561 0.9515734978207202 0.9226433948578183 0.6010598021451443 0.5541223674196522 
1.6403304163073853 1.623796433135373 1.195050156881777 1.1722524724065033 0.9403013348194078 0.9111517885968067 1.4729031779662773 1.454467171600363 0.9523154805331895 0.9235452106221761 0.6024338115205353 0.5558394362252106 
1.6384236105834291 1.6216783076175252 1.194439582614893 1.1713643848936333 0.9397826479123991 0.9102747008443332 1.4717714293725233 1.4531069286178635 0.9530819110219436 0.9239987742401178 0.6040452283705585 0.5570271479894316 
1.639245842398757 1.6220834037932854 1.1959570128652661 1.172322828260889 0.9422053605353825 0.91201895729289 1.4720202758867182 1.452883797714604 0.9539548927604544 0.9241523545723455 0.6061911433051544 0.5581176751023122 
1.6426833402059235 1.6254067780312995 1.200191385150756 1.1764344430821847 0.9469750185670633 0.9166789643436191 1.4755838276391111 1.4563262925148643 0.958852667092338 0.9289440645539914 0.6129443384109932 0.5650127431041623 
1.644692773641132 1.6274339021869244 1.2021081251149417 1.1783847974186363 0.9491048673710194 0.9188725894199696 1.4788517847530767 1.4596333058639623 0.9628355135054795 0.933048236902766 0.6186989016212653 0.5712399821330437 
1.6459035403231534 1.628459025308371 1.2051776475060805 1.1812423524020337 0.9532711366910728 0.9228251151265281 1.481653851089481 1.462251164303961 0.9688925804485707 0.9389532286052857 0.6285105651047482 0.5812967086680347 
1.6517311670825978 1.634298956174188 1.2104119333152827 1.1865134968267492 0.9601969841194254 0.9298900355160497 1.4893570452755915 1.4700005571944659 0.9772745818407641 0.9475140305832099 0.6418308253052669 0.5955367647358474 
1.6525084301524424 1.6348177120354703 1.2157636476408111 1.1916065150815893 0.9671264974784272 0.9365780810935573 1.4938296507048219 1.4742360276376678 0.9893554267930663 0.9595149818449372 0.6603609435186867 0.614753133855282 
1.65548766206854 1.6381565595696768 1.2196241044113387 1.195993507700255 0.9739497075625416 0.9441904189628065 1.500694380099146 1.4815536226749133 0.9994634456853136 0.9704868333270472 0.6782494055000418 0.6347753700807555 
1.6619218070429909 1.6447768389435207 1.2264991205561626 1.2031653460456049 0.9831663606557336 0.9538987629329646 1.511626711104643 1.492756534376936 1.013573536417087 0.9852096583596001 0.6997480358850892 0.6579924550669559 
1.6565861112286195 1.6396811628226873 1.224685440068412 1.2017201000713769 0.9847247485036416 0.9560123441230035 1.5047964279315527 1.4861658929324009 1.00994513351744 0.9819704397361256 0.6998696849525347 0.6588583669617926 
1.6554188252776063 1.639193416489796 1.22635681099894 1.204364810787616 0.9857675632133014 0.9582699297502192 1.5032536325861614 1.485366976024272 1.011588367214397 0.9848119588345228 0.7007836224423984 0.6615445979399197 
1.6599792264254423 1.6443937640066657 1.2331685763771352 1.2121074856232883 0.9893322815737946 0.96295284531695 1.507783099044425 1.4906071557268232 1.019109208752433 0.9935207085431134 0.7047391041825407 0.6672008872176429 
1.6530811811688166 1.6386380736375223 1.2284515168025516 1.2089460178082765 0.9855777933448429 0.9611560391395821 1.5020837964422924 1.4861739724455174 1.0162044425874597 0.9925365554852323 0.7035210918902787 0.6688791158157728 
1.6459555061010034 1.6331065689060864 1.2196207597709257 1.2022239121745208 0.9762381611390788 0.9544152579481375 1.4989702332815718 1.4848499242698603 1.0125300143028897 0.9915062113795404 0.7005591905500991 0.6698139419303021 
1.642184361312773 1.6311370169118964 1.2119290900627149 1.1969171277662627 0.966268431720834 0.947371718777925 1.5008464899983076 1.488750710475142 1.012197030888868 0.994173687410927 0.6996037393698235 0.6732636062793235 
1.635449770921409 1.6262284236191697 1.2064426159610286 1.1939123578332247 0.9624911106118799 0.946737593310253 1.497562107228575 1.4874862008055367 1.011681816287557 0.9967060900721385 0.7031254865291757 0.6814017775049387 
1.6309636269636458 1.6213794756868025 1.1990647052091936 1.1859954548725768 0.954566950024151 0.9380976035458197 1.5021760267952655 1.4917646822399337 1.0169791690484176 1.001536660326725 0.7125226488178533 0.6903025255483352 
1.626775801083619 1.61566143250721 1.1948756038145771 1.1796991421931484 0.9519454974898773 0.9328250573881739 1.5037512256325014 1.491720518760552 1.0210758787628127 1.0032737949788433 0.721850726806623 0.6964415476486522 
1.6245604307710317 1.6120050828787607 1.18980779289218 1.1726066595525375 0.9467500698848457 0.9250402633544986 1.506258348699505 1.492708279278627 1.022379676943434 1.0023093324054007 0.7252263885346147 0.6966470473826469 
1.6110069696926235 1.5962990961527885 1.1768817911745468 1.1566668052547413 0.9375527528615175 0.9120485252321883 1.4971472727818762 1.481309320965142 1.0154591328055549 0.9919599782139447 0.7246458889679909 0.6913313332825367 
1.608634329092939 1.5913788747800726 1.1741140067030502 1.1503590826764878 0.9369680233264581 0.907023370755291 1.4960676091461542 1.477498091198865 1.0144247567642906 0.986833271376827 0.7269270686501432 0.6878991797467781 
1.6104109654427625 1.590178031428648 1.1781786428289598 1.1503684663786164 0.9471208324275683 0.9122941221110054 1.4961409785238455 1.4743407074480068 1.0164247460674547 0.9840538391969668 0.7362419583386224 0.6908653379916304 
1.6110552098741868 1.5871554612144205 1.1817274361132353 1.1489313739570177 0.9563385683233528 0.9155037007367912 1.4961233870449189 1.4703566771578793 1.019493027569468 0.9812897645765801 0.7466389738439589 0.6935656609599123 
1.6151510652663545 1.5872195465880075 1.1876180717853024 1.1493431210352458 0.966230368613531 0.9187785645469968 1.501463115907627 1.4713750078994274 1.0276746611798113 0.9831928268000331 0.7611042307273295 0.6998804008336281 
1.6174746201751329 1.585631116429887 1.1938793693295358 1.1503694358729677 0.9784450061759681 0.9248548646088693 1.5057549472310194 1.471495787146769 1.0375074759782168 0.9871289952132345 0.7800182333193822 0.7116391886276993 
1.6177684347384333 1.5826081882626668 1.1949223913024813 1.1468711742632824 0.9819754854557421 0.9229029326836276 1.5061996625401428 1.4683703186036008 1.0388947185523854 0.9832477843128049 0.7846901101938523 0.7093747515636851 
1.619417598416789 1.5801249564708484 1.1984668117482438 1.1448162380321134 0.9878783121731138 0.922054813805557 1.5071062259383046 1.4648039787841922 1.0417190202074647 0.9795203096730563 0.7904172175895462 0.7064282680230174 
1.621438326286461 1.5794713407310181 1.2021128748793268 1.14487677685882 0.9941360480088428 0.924107110778096 1.507204306307091 1.461961795393655 1.0429179924378715 0.9763940849834354 0.7942978389437051 0.7046818623965286 
1.6222418786969623 1.5780941714607053 1.2034525736389656 1.1432456420202308 0.9960649983802513 0.9224196344388219 1.5082823306656647 1.4606943862417798 1.0447702967630015 0.9748115069069764 0.7971150211846783 0.7029259263949865 
1.6239916438609683 1.5782235806850213 1.2043464375877275 1.1418805336068436 0.9961012720252143 0.9195969527082232 1.511432964947586 1.4621458268005454 1.0476311802968878 0.9751778818401545 0.7995614374957375 0.7019539184520948 
1.6256675090472499 1.5782002322746915 1.2078176320835403 1.1431292820813796 1.0003117188016395 0.9211648375572583 1.5122416390814961 1.4610940757363606 1.0501920573742167 0.975102292352905 0.8029342811039332 0.701872198446334 
1.6318766274070753 1.5822390890056692 1.2130859804142038 1.1454417504078895 1.0051115085787696 0.9223385237414136 1.5188590422015764 1.4653982386291755 1.0561671547996037 0.9777260692942017 0.8088019582552272 0.7032921266283948 
1.638010556604752 1.5850574152845724 1.2202581700396888 1.1481979044348627 1.0139032200109683 0.925920172449337 1.524682808307554 1.467646446576494 1.0633010316691176 0.9797640073755568 0.8182779612995881 0.7063336662998657 
1.6370237620822734 1.5803017494839395 1.222760134131793 1.145709023889574 1.0186539616680437 0.9247500826828836 1.524450607472082 1.4633716125516443 1.067354300418563 0.9781370172026004 0.8256868356840869 0.7065872716246736 
1.6417658508499318 1.5781705203865013 1.2298141941842273 1.1435340111325942 1.0272596144193542 0.9222198207678038 1.531447584155919 1.4630648602905478 1.0781370720910213 0.978573772700352 0.8397612216678025 0.7074079387574048 
1.6520074117237642 1.5803484986199248 1.2438801475987349 1.1470007455491256 1.0438743386012754 0.9263080068153627 1.5428265659464935 1.4658399303096672 1.094725146230893 0.9832578677489694 0.8607316416806401 0.7136048259998317 
1.6565738221414978 1.5807304751109503 1.2513944848066456 1.1491127722484378 1.0531762459363059 0.9293289039648397 1.5477908141620722 1.466331617044552 1.1033620134862765 0.9858396114705932 0.8721237189782709 0.7176850200084227 
1.6631220197811702 1.5830074156746707 1.2599895370521932 1.1521767481081189 1.0619478020510236 0.9314884645989986 1.555865071875129 1.4699162381853599 1.1145918098932004 0.9910865391483228 0.8845758325214408 0.7227807612831154 
1.6729185502805 1.5914271737508474 1.2675009424346042 1.157818039483152 1.0664631649863066 0.9334493321828509 1.5674403492549915 1.4801531076049566 1.1246205634224415 0.999377498822447 0.8919397148196789 0.7276952853719819 
1.6698595473017006 1.5877302280282504 1.2694389539141455 1.1592806506599858 1.071138463371865 0.937973334905977 1.5626726271726399 1.4745854024079583 1.124717782252348 0.9987224133835387 0.8949035924135292 0.7302799524803074 
1.6813734885469112 1.5942780603735378 1.2831624277496634 1.1667097075915713 1.086391432214195 0.946019064178101 1.5737901120506539 1.4803786821581868 1.1385536108538807 1.0054899554885717 0.9110679737475189 0.7380722041835811 
1.6863251489837183 1.596326029010039 1.2910457913238245 1.1710523122794132 1.0953817793331055 0.9510128943894295 1.57812754569932 1.4815703943096865 1.146120969922006 1.0090379380850654 0.9201387313307489 0.7424416257827682 
1.6882748590049694 1.5970207944320103 1.2940420665296204 1.1724966047917795 1.0987919822915757 0.9526527377004961 1.5798856761007265 1.4819723910546543 1.149048136480039 1.0102054435847443 0.9236398488308364 0.7438507838594042 
1.6938488891701173 1.6005254711446613 1.2987014475016343 1.1743862968303231 1.1038017757472762 0.9544297169424474 1.5855930039398005 1.4854840620426866 1.1539525833165072 1.0120100241513619 0.9291713915865255 0.7455985510868701 
1.6907802621388182 1.5965268612078565 1.2987415350400595 1.1734094334707772 1.106005124236868 0.9557235262136273 1.5824454083595458 1.481314819394652 1.1541772612723793 1.0110812401376115 0.9320101450296613 0.7475312930962891 
1.6919419521580639 1.5950893656947376 1.3007903707640367 1.1720486780643713 1.1090399847942545 0.95478385143049 1.5846512450607042 1.4807977861789368 1.1578029140023962 1.0110143929501896 0.9372415307018997 0.7483743728592263 
1.6918924769098806 1.5938480573204745 1.30066469892292 1.1702906200701817 1.1088206548510224 0.952541191248048 1.5858719336769445 1.480824522495576 1.1594042848050246 1.0109746643829658 0.9391341124803477 0.7482141121525645 
1.6917375505385726 1.5919411211166856 1.2999987790387537 1.1671749734732364 1.1081394276453889 0.9488274786821101 1.5877456130949472 1.4809580429918499 1.1614460889349318 1.0105729121158205 0.9417713008486985 0.7478193473709075 
1.6933190029659386 1.5920997067914937 1.3010184743521362 1.1662338106767272 1.1087627408086727 0.9469989683022679 1.5911645126779193 1.4829891223355485 1.1649567937076295 1.0122136937255692 0.9454258701799735 0.7491877645594328 
1.6955669509245603 1.5931406598626532 1.3015394061908423 1.1649698291834043 1.107841995352952 0.9436438754676523 1.5958607077272158 1.4865803965839217 1.1686868439695939 1.0143859306534224 0.9482288753605904 0.749858571403708 
1.694997711474293 1.5912595766822866 1.300643836991161 1.1622238120014106 1.1066088105121386 0.940038753447479 1.5975518430721083 1.487031166379202 1.1708240858912538 1.014849170361335 0.9506512025464913 0.7502183064835795 
1.6968767463180376 1.5917764153721117 1.3007601218498706 1.160318214514833 1.1059492831929003 0.9367418434845802 1.6021140946246275 1.4903459452539498 1.174459779896651 1.016718859338652 0.9542026498574032 0.7515744549509981 
1.6988867665667686 1.5923136808479947 1.30268839344476 1.1602774077847462 1.1067523368919037 0.9349584738455982 1.606670242960792 1.4935313462447617 1.1799025698826535 1.0204982542933085 0.9592047535410206 0.7545332145211967 
1.700496493328628 1.5926113992882758 1.3034297361280966 1.1591599640873385 1.106675449363073 0.9324447949036767 1.6108129574295584 1.4964762374133977 1.1840435536849816 1.023074719824002 0.9632033067961093 0.756626298474326 
1.6982841222616905 1.589116085654588 1.3012488124590778 1.155149101062785 1.103636925771406 0.9268955915776923 1.6112476579738324 1.495740615576832 1.1854106998530762 1.0228976004890031 0.9643466800514013 0.755701986953958 
1.6963855892550168 1.5863589427087712 1.2986525699478249 1.151220710859603 1.1004360078769189 0.9218297213217255 1.6115279849981168 1.4952702344767284 1.1856630534987966 1.0220604209693722 0.9644987228773765 0.7543662334119219 
1.6947417326698162 1.5836242978789794 1.2969341200125357 1.1479348797003646 1.096956062407556 0.9159852505541178 1.6110755991115657 1.4937472886779377 1.1855180965521743 1.0203771526414585 0.9626669457567816 0.7499626822933859 
1.6912116661137482 1.5791427107893827 1.2919344943143365 1.1413104481425027 1.0912426749349753 0.907912648352935 1.609141156393447 1.490915846934105 1.1824690690243191 1.0157400753338623 0.9591396859682327 0.7439379938134899 
1.6906072783988628 1.5774164414811993 1.2911094975156872 1.1388825201289245 1.0882557509038076 0.902435725941305 1.6100443875170678 1.4907490029697186 1.1836611400967805 1.015452290683915 0.9583269480585476 0.7405944905649853 
1.690124780966494 1.576125769777602 1.2891158480280351 1.135548473891379 1.084271019642709 0.8962668748520386 1.6107686017044904 1.4907133041457163 1.1831624498085798 1.013668609337904 0.9558751785861164 0.7357635652551979 
1.6881817382645625 1.5735155602567013 1.2865084362762491 1.1318558183664382 1.0791188311812374 0.8890956578287625 1.6107827448200331 1.4901727040749202 1.1831176721738037 1.0127986291311615 0.9534993033085867 0.7315425882134 
1.687087426077632 1.5718011907455887 1.282788517109991 1.1268723883516047 1.0719495771860028 0.8794150874469063 1.6115238793233098 1.4904040437509722 1.1816478367217746 1.0102408673327612 0.948589018716351 0.7239586496680938 
1.6845886369817442 1.569302903791365 1.2783601660909223 1.1220862008990264 1.064609896933149 0.8707852551852322 1.6106636929688365 1.4896678354076154 1.1792384704749121 1.0077083398722124 0.9432883380218428 0.7174019909702022 
1.675088310379378 1.5605536360566528 1.2653875053791388 1.1093296814787026 1.0471252790233077 0.8519848316781468 1.6036829330542992 1.4836461010664368 1.16922352053388 0.9982436798746286 0.9286277252858867 0.7012533462377489 
1.6770822380818537 1.5622779511756668 1.2680258374692686 1.11175405910194 1.0503120182544041 0.8551391109811549 1.604801113873504 1.4844171174335197 1.1707567237857914 0.9993892483560346 0.9305574229942181 0.702883120390325 
1.6731399707828543 1.55855439610918 1.262270150099118 1.105902516332814 1.042025192512758 0.8458788007931456 1.601986458691599 1.4819092609303885 1.1663143589235494 0.9949792096477444 0.9234607483977054 0.6946036262727471 
1.6700957971584296 1.5559106214645655 1.2575014848843122 1.1013391279647928 1.0346711155175108 0.837963130206962 1.5996043891182126 1.4799905715869444 1.1622496351843912 0.9911922642889471 0.9165470785978481 0.6868015998716441 
1.668309339752901 1.5548790757054904 1.2544663650759074 1.0991263567337288 1.0301747371716896 0.8340580771545588 1.5977238968941914 1.4788896299814804 1.1589441137115974 0.9887084229775531 0.9114414883615732 0.6819959484240065 
1.663966504388126 1.5515952111957678 1.247594578268774 1.0932316330063085 1.0211571552536074 0.8254847711530722 1.59329401666034 1.4755504041562388 1.1516481787098176 0.9823220954481479 0.901422892723299 0.6717338782625454 
1.6611283392405929 1.5488899613491625 1.242956816397179 1.0884183021100895 1.0144446438461836 0.8178084667990483 1.591223358560391 1.4736704277986346 1.1478615181406728 0.9784164848203499 0.8954006660865347 0.6644208799911469 
1.6596995829178967 1.5479050569779274 1.2404256087076888 1.086307070131572 1.009176275948776 0.8123078947159383 1.5900794110791576 1.473010486526773 1.1456026879934598 0.9766334412756099 0.8900486413325062 0.6584785067242819 
1.6599535771081821 1.5485480420233173 1.2384725959641778 1.084605703126371 1.0039476797892657 0.8065147884907319 1.591081028154836 1.474480925089996 1.144511830849402 0.9759418482954043 0.8854399492649121 0.6531148934561591 
1.6572928410136212 1.5459209125550373 1.234955723447201 1.0809105170526374 0.9982542946939923 0.7998522012690844 1.590089279215164 1.4736471161288918 1.1431885207064494 0.974747095853586 0.8821995193123833 0.6492517992851463 
1.6584526248535287 1.5472376534468 1.2359446479853213 1.0821452861069811 0.998068753585423 0.7997627674776815 1.5916782887517062 1.475438586401874 1.1447854990711404 0.9767359347559401 0.8826754232919143 0.6500731883746322 
1.6581513736786186 1.5475697756845375 1.2342600123281522 1.0811586426664175 0.9943930701851709 0.79644448055862 1.5916954313034544 1.4761438204363047 1.1434273680616054 0.9761825539376794 0.8791165713557504 0.6468014986162989 
1.6580057649274353 1.5485973001244093 1.2325434988399437 1.08089498007559 0.9903695454387773 0.7937268534909288 1.5915590514123596 1.4772375217115932 1.1415956263636482 0.9759154961125529 0.874590723786052 0.6434900275471331 
1.6562543007512496 1.5476580955614876 1.2281872153531848 1.077270211208409 0.9831628975693754 0.7865599501354045 1.589636951368774 1.4761479970372247 1.136754663222021 0.9717399015976498 0.8662428132787076 0.6343846495281943 
1.6494366470898358 1.5419918844802523 1.2200105740373566 1.0702913247349808 0.9720487790038935 0.7758714763431893 1.5805434659518096 1.4680651779818767 1.1251231913719315 0.960728845618242 0.8499148332409313 0.6159975185038978 
1.6428382639748078 1.5364625601880966 1.2102887111676124 1.0614133980969715 0.9610306380026394 0.765100989712966 1.5713726328213051 1.4597984752902575 1.1113474497112774 0.9470442393361359 0.8329911624859895 0.5963840323648514 
1.6397555601618308 1.5350538984549174 1.2065785266950675 1.0599169378595852 0.9547427219317464 0.7610031794688114 1.5651118238265402 1.4550488634962193 1.1029997575165826 0.9403194346399739 0.8199453573755022 0.5830116320980568 
1.6377713349717808 1.5350423435707725 1.2030082628374794 1.0589093121487079 0.9498633245131901 0.7591445094020308 1.560451422395215 1.4522633000097638 1.09541890455444 0.934881076584209 0.8092923027282849 0.573597491412968 
1.6366929237843637 1.5363304425955404 1.2011612574362402 1.060347050944081 0.9470430433543187 0.7605511344057083 1.5560448830177775 1.4501114371129584 1.0887149845417807 0.9310466259247222 0.799626461021526 0.5665244736512359 
1.637206576374478 1.5387182298406163 1.1993911125749765 1.0610124683734117 0.9438993527510441 0.7603646528106365 1.5527841344255937 1.4485672180619855 1.081310425050938 0.9254407881889796 0.7884409822706072 0.5557405866443802 
1.6387133007921215 1.543063831729916 1.1982232547372007 1.0636746094520684 0.9405629453646418 0.7617895777660718 1.5504063773711105 1.4489391435091437 1.0742986647078223 0.9218363887333859 0.7765547675425154 0.5465363790206559 
1.6344705633711365 1.5416242844502548 1.1947872192682512 1.0642499289202514 0.9384472793539125 0.7653722675971218 1.542710704223822 1.4439763601966482 1.065823059295848 0.9171097020568261 0.7675582000908858 0.5424546086141773 
1.634254413146634 1.5447541406609824 1.1935719167646541 1.0677508083299447 0.9379989520725757 0.7715697650175583 1.5396198319355494 1.4442669750047081 1.0603092287107805 0.9163697554422288 0.7612383162251162 0.5431037122771765 
1.63620436376508 1.5492181696661997 1.1952201047522126 1.0730625871885993 0.9418257787955743 0.78099168678283 1.5376696398134062 1.4447630042411421 1.056321115950964 0.9158201336637506 0.7578251769398335 0.5451708136207313 
1.6422919795524913 1.554986756632493 1.201220636728507 1.078791863754283 0.9495036019428468 0.7889346977427474 1.5410299108396435 1.4476304961220041 1.0585751074451164 0.9173015454595288 0.761056719372768 0.5477848093023756 
1.6495580403322097 1.5617702191118386 1.208214323216142 1.0852955080090583 0.9576443458949884 0.7969737650039931 1.545248511154319 1.4511641706246194 1.0613826282847483 0.9190307788668669 0.7640902603911661 0.549471031906724 
1.6529848789533557 1.5641239262310516 1.2123290047047626 1.088056185225947 0.9643687579180695 0.8025781879720132 1.5453734995943342 1.449932377667469 1.060925001519165 0.9163440977102653 0.7653935879326662 0.5476787297389228 
1.6582238936216334 1.5689409691437375 1.217423872518397 1.0926985717285853 0.9704397402094013 0.808469277497723 1.5480743109352633 1.452034212908804 1.0625198709566284 0.9169611548248323 0.7671902503145424 0.5481333445957198 
1.6607202788909428 1.5726566257322703 1.218604895739226 1.0955614586410065 0.9721225535495049 0.812575705309733 1.5488369165020603 1.45401265869992 1.0610852185944397 0.917147130431977 0.7654581688894633 0.5488016272384859 
1.6639195134317646 1.5761383905542687 1.2215433924257462 1.098977860822956 0.9755180633791463 0.8168350941156973 1.5526003865705431 1.4581330664171224 1.0649451031762154 0.9217874764711225 0.7704383850633352 0.5560210285402882 
1.6681740094121746 1.5833326792996756 1.2229706825914881 1.1044433612178988 0.9755687445169049 0.8221144828661578 1.557327638513582 1.466085680080905 1.066828073533074 0.9285795529400214 0.7708431898111899 0.5642136748947956 
1.6626783469744952 1.5802420428965431 1.216521526113632 1.1011767578994027 0.9680454335917504 0.8183994074642528 1.5527528996262865 1.4641404290360402 1.0613514522993033 0.9268940251926538 0.763972671826578 0.562423214259369 
1.6565862927223682 1.5772114277025893 1.20865158719775 1.0973406042226086 0.958728936266993 0.813928077704437 1.547286656323139 1.4619896508784322 1.0538768954843065 0.9241072736839809 0.754306983154498 0.5588351879361572 
1.6544387342011824 1.577608983698182 1.204845453668316 1.09696633833733 0.952837661527508 0.8121466551339174 1.546528034542281 1.4640462908819551 1.0517765939709869 0.9262378656939102 0.7499873636436883 0.5605030114506165 
1.6562879177547483 1.5813931241346537 1.2033093722315804 1.0979380637633254 0.9472620039357432 0.8092093985244857 1.5505100897770256 1.4702367445620315 1.0529697608670252 0.9307308224510243 0.7470590178161027 0.561793309554644 
1.6519809159630146 1.579883726198229 1.1981761309198244 1.096639267173121 0.9401984549583136 0.8068238818391533 1.5482142748683079 1.471040136266173 1.0505010875320409 0.9330295689344472 0.7428994742937971 0.5647045869355056 
1.6469957084658722 1.5782006168117537 1.1938027725319622 1.0969445669244184 0.9362568748505935 0.8091348830108611 1.5454267761058755 1.4718920624505725 1.0492445455207284 0.9375694318315843 0.7431863779059732 0.574846340777255 
1.648653399697159 1.5794950280178157 1.1957909042692205 1.0984818605388984 0.9384111152011148 0.8107785963707971 1.5491760103787433 1.4753619292678661 1.0544212467192606 0.9426296604356347 0.7500024666179438 0.5824518959819771 
1.6453767241984434 1.5762891188275077 1.1935935508094873 1.0963979141415767 0.9362363828296785 0.8086787904563839 1.5479858831830478 1.4743415873311043 1.0553015183036554 0.9439725187387609 0.7520201423725299 0.5856254059840643 
1.6437419715089105 1.5761120810716478 1.1919826019284006 1.096842808473484 0.9342246505525318 0.8093314036289462 1.5470372209161616 1.4749799273549455 1.0546369125438384 0.9457804399013547 0.751140593830476 0.5886032746256176 
1.645575714365644 1.5779310984672303 1.194677961506782 1.0996374636715502 0.9371005878292894 0.812468234154419 1.5460054762871962 1.4737978329845651 1.0533133117501174 0.9441483212451316 0.7485793296037501 0.5850795950210536 
1.6504689203538492 1.5808840087286606 1.2010551257348683 1.1034853905032 0.9439991806426529 0.8162604027232976 1.548544365026072 1.4741561119684712 1.0566339992892526 0.944257380407482 0.7517156686234497 0.583286412025859 
1.655639039865272 1.5840296705952197 1.2075126859482679 1.1072923072639853 0.9513928857869391 0.8204619370366915 1.5512338046619536 1.4745628788647842 1.0598455421079054 0.9440772956310305 0.7552046805509086 0.5816729979344064 
1.6578958689094438 1.5847110084009008 1.211169208057652 1.1088828245342246 0.9559858309342246 0.8225564886054938 1.5522551480175544 1.4738338822767645 1.0619831368468144 0.9436622547008013 0.7581465830213838 0.5809272840442252 
1.664102859432373 1.5884196070846643 1.2184812860159158 1.1128949482188335 0.9637535379810547 0.8262320517693562 1.55756803805516 1.4764337826570482 1.0683990409818795 0.9462108814482107 0.7652455477629387 0.5826141688725053 
1.6677843835151471 1.5890429874289114 1.2243487566445272 1.1147119555728286 0.9714798021045007 0.8290511877423491 1.5603612427566251 1.4758997506256988 1.0734301728091118 0.9464698631742059 0.7726548154881324 0.5835651890723091 
1.6752904225396263 1.5939469524588954 1.233088593675653 1.1200787326134711 0.9813678616365017 0.8349561469041353 1.5667547738727334 1.4794557813104792 1.0810319150945547 0.9501046725771851 0.7817962659497678 0.5876004500108897 
1.6820257684343007 1.5985745930912951 1.240138479072801 1.1243546999399254 0.9883276222371811 0.8384637934204434 1.5732606111121579 1.4837044835401016 1.0880632849595653 0.9539977757191052 0.7891322789475793 0.5907281927223382 
