1.867252516181451 1.98129932672122 1.5272240372604013 1.6647307058097895 1.3793190496712353 1.530175187246859 1.696650202954622 1.8214107098801082 1.3131653406886583 1.4708223124721624 1.1377657899523785 1.3165963905715221 
1.8667790240441529 1.9804521278665739 1.5266624328289602 1.6637382275980916 1.3787164041278537 1.5291126934177348 1.6902691379218993 1.8150307062888056 1.3049306563228713 1.4629322349210985 1.1282751246975358 1.3077964150322632 
1.8686433149119417 1.981433509549359 1.5288851106492896 1.664854526967774 1.3816378124403985 1.5307429435294124 1.686527015308409 1.8106971827903997 1.3000135447621652 1.4574930980848897 1.1231511829513825 1.3021979473816914 
1.86683617881812 1.978399076178575 1.5268553781364622 1.6614069133792115 1.3795901177321617 1.5271720528559445 1.673515337289814 1.7971196872284938 1.2833018395312303 1.4407807596661748 1.1040132057834453 1.2836785986469665 
1.8578716402736657 1.96837598093788 1.515970227060268 1.6495401480210055 1.3676315099225962 1.5143424043237912 1.6459991005262307 1.7697824752022948 1.24731380836306 1.4066302666774806 1.0620931946553278 1.2453348644975617 
1.852404878464665 1.9607309006489622 1.5095440819531207 1.6406660739954642 1.3602828077130469 1.5044703878640118 1.627535431798549 1.7498381104432745 1.223188899295481 1.381757183574484 1.0333620202812226 1.2169218939437692 
1.8440194389933884 1.9510109538045886 1.499197252460626 1.6289961486343332 1.3492770776180443 1.4921744813075615 1.6111446734497465 1.7325770428080507 1.2012376405963519 1.3597823059833845 1.00793258682587 1.192461383049988 
1.836300917121998 1.9433103064675725 1.4899076710397494 1.6199625789576406 1.3386467637965924 1.482035440609667 1.599490851434634 1.7212858196194756 1.1858308453666948 1.3456034641836687 0.9891132815927051 1.1759247309343783 
1.8228451218545803 1.929403239934317 1.4744010920604473 1.6042727649215516 1.3215118396249956 1.465000363914303 1.5907012402299308 1.7117718772281076 1.1753402391091015 1.334637479493604 0.9767085745856028 1.1635257468870381 
1.8162450643926356 1.921628627953541 1.4612033359976322 1.5902910547980231 1.303898065161004 1.4470869407781308 1.5939019565615102 1.7130189423852296 1.1734106281820569 1.3307152032537277 0.9705294830815857 1.155784550584844 
1.8023016753888412 1.9077454541854961 1.449845782112506 1.5790041737644092 1.292865319632878 1.436211030303494 1.5880519379130598 1.7067836261124094 1.1728897732990191 1.3292373035562253 0.9721719822693021 1.1559929722820221 
1.78804287170177 1.8922917538042363 1.432605794712388 1.5607786945994337 1.2729648129636233 1.4156659865644554 1.581373288456433 1.6983557483388196 1.1644756457064753 1.3189671337510698 0.9612926617027266 1.1435708775215958 
1.7822832669427724 1.8846546657661722 1.4256841787802104 1.5517618835356803 1.2654782145988142 1.4059959733918879 1.5780863663387381 1.6928514835017874 1.1603440496784574 1.3121691503743727 0.9566911976307728 1.136066729199567 
1.775748997772789 1.8762745603906335 1.4188438941233334 1.542802553397247 1.2587046550684815 1.3969463595890377 1.5731219064939197 1.6857740820077478 1.1552255301416539 1.3044798765673102 0.951717099925742 1.128223010388046 
1.786957291033893 1.8848083227206922 1.4322688267148695 1.5526364820514778 1.2742931938840405 1.408229099755146 1.5749017362931532 1.6851117269775284 1.1569326302681537 1.3029885511381858 0.9544224761494192 1.1270351886242012 
1.7859451065506586 1.880490202812087 1.4313085186682302 1.5476716560279329 1.2735539829988534 1.4030620894572856 1.5722135806601607 1.678838593335358 1.1536462608669278 1.2952000519117668 0.950891879875017 1.1184090693803603 
1.782467301972489 1.8746581447597543 1.4273179769767785 1.5409056053224297 1.2694625052364026 1.3959543435636008 1.5685928530377422 1.6726138274312106 1.14914336068268 1.287510753552794 0.9459539672738224 1.1099470191473482 
1.7746728494169806 1.8651552106250529 1.4175029574776148 1.5292661219427393 1.2583390109417196 1.383024693822126 1.5656152010177293 1.6674804931158222 1.1449898993693286 1.2807584108339032 0.9407998201837549 1.1020183931866951 
1.7667769331369605 1.8550222017563143 1.4072230546238376 1.5165366342455575 1.2457410322634652 1.3680195016917134 1.5628568450964548 1.661965148794897 1.1407442799614838 1.2731473401805637 0.9342866296083038 1.0920156335002005 
1.7540101328592717 1.8404111726386034 1.3919320712495276 1.4993454002240445 1.2281504450892813 1.3486716627752657 1.5579821777456249 1.654651082365403 1.1350030004246685 1.264434082573307 0.9268821045704788 1.0815138343881692 
1.736010154253921 1.8181736663538834 1.3680174841253758 1.4708827493116923 1.1996531574053906 1.3157476670785788 1.5516838881269348 1.6430907199612328 1.124928206541521 1.2479934676202127 0.9127756192365802 1.0607466975780422 
1.7267798345475698 1.8063403184810254 1.3554243575353562 1.4554284380106544 1.1836840207589747 1.2969983076974823 1.5501266133449012 1.638288517499324 1.1217393232833255 1.2407239252025943 0.9067699716025741 1.0503944642705105 
1.7181654105141448 1.7952217086831477 1.3434363369684623 1.4406768537486954 1.16818163189088 1.2788185682602673 1.548289063736885 1.6333792059185888 1.1180017166745495 1.2331489950234076 0.8998638630855446 1.0394631198494921 
1.700038005012241 1.7752421009220123 1.3202795351311023 1.4158013099605467 1.1403481938802726 1.2496996845986639 1.5435928220505561 1.6260486151053417 1.1116148760636482 1.2235370575041853 0.8904737980906569 1.0267905743071466 
1.6913606274074757 1.7648660827621483 1.306483271972592 1.4003392653511542 1.1219484426408417 1.2299674085455314 1.5402176099318596 1.6205930408601075 1.1038424044872572 1.2134741744611666 0.8776889095483716 1.012121208198015 
1.6671979183330605 1.7402464840171608 1.2727237229242212 1.367016679171871 1.0797103550925544 1.1894046313740712 1.5305475177511119 1.6098088800643666 1.0875902169907976 1.1965623286457292 0.8536985744945872 0.988792284726216 
1.6461420125765607 1.7181512174571856 1.2467339967970754 1.3403752233048811 1.0489563727675284 1.1586930363343044 1.515892255066174 1.5937971669725135 1.0688739224855335 1.1767546654462901 0.8297320503449351 0.9647358995339657 
1.655253188813373 1.7246727300322342 1.2543047409130046 1.3445866612892008 1.0546893604644163 1.1606043915636541 1.5144225249502992 1.5900026700345002 1.0615520939062952 1.1668443575373881 0.8160772708983137 0.9490073860180646 
1.6670209251596844 1.7335776586066889 1.2633978023252415 1.3500024964496362 1.0612291217829681 1.1629875246193528 1.5164566252023994 1.5893311264869414 1.0568140508718882 1.158960168263021 0.804294212412504 0.9344634362136648 
1.6684413471830049 1.732861184200812 1.2685843515469675 1.3521899318179529 1.0679831389070897 1.1660614648078549 1.5097141045873022 1.5806163457050038 1.0511167421318337 1.1506336342684582 0.7975764123830644 0.924791591824796 
1.6674532587885662 1.7289733533934553 1.2708853269452007 1.350591722447835 1.0723244743288338 1.1656878933679504 1.5020877766777179 1.570100689556122 1.0445175119856105 1.1401602165242435 0.7910417794558072 0.9136167595576441 
1.6642159069301223 1.7230992290577027 1.2683506159099895 1.3446819896091602 1.070688556434246 1.160099285914464 1.4887478066748747 1.5542928939486438 1.027360078978763 1.1202343951955993 0.77014896732986 0.8902728796157108 
1.6671121953096018 1.7220267676636154 1.2658926754468562 1.3373845305483385 1.064332551296821 1.148441072301927 1.4858135007294826 1.5471764203703469 1.0153142139012927 1.1031663835297012 0.7491211296913203 0.8644625982366154 
1.651679872153563 1.7036366660579978 1.2528806966655723 1.3206216452630215 1.0535348499585622 1.1332551212931754 1.4637967760851265 1.5221801770937664 0.9921515215314696 1.0764274854987725 0.7242860496221158 0.8360154134567197 
1.642703628234104 1.6907948359908986 1.2406014037608897 1.3036118326455501 1.0390811305251817 1.113553574379558 1.4513992227548869 1.5056133869667505 0.9732298477818536 1.052372701951875 0.69840825411323 0.8050379224691779 
1.6302304794791564 1.6750494031230363 1.2250934079582831 1.2841312023710194 1.0224763959245418 1.0925186803450273 1.4371090518199516 1.4877572091920241 0.9531447260635921 1.0279221543982988 0.673118853415086 0.7753889846411541 
1.6143147435790333 1.6575817630441765 1.2071310660142254 1.2644091981540786 1.0048484511291442 1.0729797852600207 1.419723060084832 1.468733732565791 0.9310031613999172 1.004157406175267 0.6475506819829937 0.7489239584741834 
1.5994045538540775 1.6410219705321316 1.1895227697228667 1.244918712434334 0.9879681333368806 1.0540110119771806 1.4038808130639724 1.4511166452663826 0.9098081281727263 0.9811263990787119 0.6235923691716889 0.7236888998521118 
1.5876415042496967 1.6276036136898442 1.174521690057804 1.2280021081806984 0.9730996530757988 1.0370202081426572 1.3924164653638078 1.437814866488812 0.8931513127215567 0.9623966150689848 0.604268981345427 0.7025873462397682 
1.575458286102304 1.6132763439747109 1.1592779327013907 1.2101723331940828 0.9584361424990243 1.0194074700670042 1.3814662812564085 1.4244440448920448 0.877670553367498 0.9438735884790983 0.5873500781036894 0.6823282677922776 
1.5676448331458883 1.6032169494142083 1.1471682443691509 1.195319724964413 0.9450081263613554 1.0029130684605718 1.3723553030061129 1.412852908723693 0.8613035096230597 0.9244663323718176 0.564702677246177 0.657026162103915 
1.562798242237177 1.5961706276271375 1.1391982195999122 1.1845652831733715 0.9359966352181026 0.9907128886310149 1.368232254385055 1.4062296499859508 0.8529324355068283 0.9126423538821818 0.5530016791471883 0.6412746554321399 
1.5586455248209068 1.590482605388767 1.1329150965735428 1.1763314422577678 0.9291872147442839 0.9816557064695545 1.3643191263939094 1.4005804955961083 0.8458648962122971 0.9031868403847789 0.5434884420521194 0.628998197647847 
1.5569671507948426 1.5871605112067937 1.1291412275947639 1.1704237230739174 0.9243587155721583 0.9743566157902405 1.3638372945678712 1.3982074044054444 0.843128323124191 0.8976620460586545 0.5388362389949382 0.6207062688053102 
1.5562808141168774 1.5853901498584788 1.1271523600597615 1.1670151659975505 0.9214391966854297 0.9697949000011755 1.3637506738360536 1.3968778956187582 0.8415927582793772 0.8942764257589988 0.5355895081013909 0.6150675378105156 
1.554608427357822 1.58267804069304 1.1242686237781254 1.1627735620024908 0.9179970557752134 0.964769927232374 1.3630554786258555 1.3949848228177826 0.8396980491890881 0.8905926295966973 0.5327583596828491 0.6098310322474251 
1.551117268195361 1.5781558857773967 1.1204393347673223 1.1575817565139146 0.9137390798766569 0.9589214390208615 1.3606361599979033 1.3913813208512753 0.8371082863607551 0.8862062419176701 0.5294195749061795 0.604066475161335 
1.5484198283709623 1.5746042567490919 1.115493868065782 1.1515646617417366 0.9069813969935436 0.9509941403459644 1.359680818020303 1.3894266901756136 0.8339391654625415 0.8816059959938795 0.5232047558005949 0.5962531483961826 
1.5443794449218915 1.5690257207570721 1.1099668598193597 1.1440106085160444 0.9002838829487341 0.9419367878988748 1.3569084207481543 1.3848950519072736 0.8295293980910201 0.874558668585047 0.5163367721722423 0.5859500872917847 
1.5402901561457862 1.5633421782065533 1.1047676426831163 1.1366866522307764 0.8936691801330121 0.9328395384843045 1.3546983919380764 1.3808521767950435 0.8265745654927994 0.8687752950905142 0.511232404606369 0.5769779654021547 
1.5363038327606588 1.5576057946525141 1.0996453054303874 1.129214834624081 0.887060341214221 0.92346217785846 1.352309329168105 1.3764617200398601 0.8232441028972454 0.8623440136831068 0.5053583917924884 0.5668275303256628 
1.534378668785108 1.5537536429765049 1.0971130804173104 1.1240505304757256 0.8841166457107117 0.9173302170226162 1.3552855253498282 1.3771823913566277 0.82833451408399 0.8636958672257035 0.5139486348097055 0.5691886181774544 
1.5322964707121172 1.551671536684491 1.0943900000259552 1.121357015297452 0.8801502543070756 0.9134640407573852 1.3542360866395526 1.376120438754112 0.8268690200731976 0.8622438517941489 0.5105755324697905 0.5660737213091683 
1.5277592282514578 1.545020209326561 1.0889436223733024 1.1130307275306868 0.872854309668853 0.9027257798620187 1.3518925517612301 1.3713688997594669 0.8242350542821447 0.8558052421126492 0.5054105834937472 0.5554088994853161 
1.5250268930289754 1.540242335842516 1.0861271262893721 1.1073895263734481 0.8689522221972908 0.8953867282474148 1.350106460491768 1.367269864848052 0.8226497217294916 0.8505245401054634 0.5021537559967165 0.5466240237325926 
1.5246622329052457 1.5374217402091106 1.0851700900999852 1.1030252976553212 0.8663678920918121 0.8886304109513752 1.3504069924462068 1.3647965885316424 0.822555922261587 0.845972179251546 0.49959728306668155 0.5372784455639459 
1.5243515311406388 1.5344649850259895 1.0844907867247235 1.09866076032177 0.8643805079308592 0.8820934543861042 1.3507038618775065 1.3621072359659536 0.8227232818456094 0.8413137335565193 0.4979025953846898 0.5280551053354282 
1.5248418756633881 1.5331324086903388 1.0850635491880831 1.0966837021569344 0.8641214878572572 0.8786684144639774 1.3514963786028582 1.360843377533447 0.8238705125058428 0.8391155213536692 0.4981020591973496 0.5229320206074973 
1.5264906909631808 1.5329714603661901 1.0871727014588113 1.0962536893882042 0.8656798576825325 0.8770571729923026 1.3531485832669115 1.360455349174404 0.8263060822705166 0.838217996882225 0.5002388177633258 0.5196792698359728 
1.5290438672157185 1.5333287800957758 1.09068324304997 1.096682240519103 0.8691698599640925 0.8766859446061628 1.3547246319713833 1.3595590566319655 0.8287904543791511 0.8366693595859716 0.5027523506359766 0.5156373978582236 
1.5325092294329064 1.535314871697998 1.0952895655017625 1.099211739955974 0.8738145834769753 0.878725863541662 1.3576367672161211 1.3608030014138859 0.8332180301079904 0.8383671645866387 0.5080796981744498 0.5164805869120735 
1.5320559944706198 1.5332957623085506 1.0955535918399244 1.097286652207781 0.873633249706855 0.875805560334804 1.353689856057642 1.3550928200360888 0.8279603425245439 0.83025216248641 0.498513501515616 0.5023106963955277 
1.537645793782495 1.5361505657770007 1.1015027507623392 1.0994145185220177 0.878758961682326 0.8761399924310039 1.3594263901870522 1.3577349093018856 0.8348615652531861 0.8321044446083676 0.5058683978437475 0.501305106234716 
1.5416273206984754 1.5383147412944986 1.1069613727334664 1.1023433802967024 0.8846684381868499 0.8788832077608265 1.362594653418235 1.3588457001749537 0.8398886082832415 0.833792733048184 0.5125306226206978 0.5024789413338236 
1.5454830071752195 1.5405614744849878 1.1124973700046934 1.1056501840398525 0.8910002194541592 0.8824360159622678 1.3654250713486111 1.359852034843262 0.8447001232788828 0.8356615519858263 0.519373941459677 0.5045406051720317 
1.5491409036883121 1.5431654211652879 1.1178313711290446 1.1095354667067836 0.8979725658839697 0.8876241922571962 1.368322633986678 1.3615538212939804 0.8497154026379892 0.8387718659327099 0.5280378966326564 0.510241117394747 
1.5519978597411275 1.544885721133133 1.1222458111488054 1.1123894081485315 0.9032419192226633 0.8909660483772881 1.3722457581792848 1.3641968170176326 0.8566193581988679 0.8436653717920632 0.5387086678725711 0.517862494839161 
1.5554495727548225 1.5462929156738578 1.1277298961112807 1.115066422354812 0.9101500886025119 0.8944113100040496 1.3774151350203614 1.3670665169856075 0.8658081770133381 0.8492480244682115 0.5533735307937669 0.5270869684057462 
1.560537411943171 1.5483282997136911 1.133884196059849 1.1170214320657816 0.9174866353654911 0.8965630126735598 1.3858161011022676 1.3720531242245289 0.8780106047618615 0.8561227316771177 0.5718312496482595 0.5376192776438452 
1.5642563954428828 1.5495206736936298 1.139260923881777 1.1189422238006572 0.9236774083433893 0.8984966344978483 1.3957201863854949 1.3791849354615067 0.8938972092382659 0.8678527917820856 0.5952450946324213 0.5553674191055504 
1.561805255192148 1.548957133417775 1.1358758174843806 1.1181441851415272 0.9194776834408817 0.8974807832849738 1.3993916733158769 1.385037761711142 0.8995972837585772 0.8771019433143504 0.6037388595624851 0.5696781166288644 
1.5573606840195884 1.5476648053535238 1.1295470632647229 1.1161409488635206 0.9121693023391874 0.8955148718642029 1.4031895902300446 1.3924205814803086 0.9052321769192477 0.8884477158110994 0.6128797289272667 0.5878057602048146 
1.5593472399418802 1.5482303682961267 1.1307557624502118 1.1153752968908537 0.9141163240607619 0.8950207330081018 1.41385149563678 1.4015810751841506 0.9197939069782751 0.9008186776007476 0.6348392638411394 0.6070208806246782 
1.559317571197955 1.5460547068738189 1.1304836397961229 1.1121183069470126 0.9150591411743232 0.8922707552344692 1.4244257052042728 1.409894484862853 0.9356872135744349 0.9134136141128454 0.6594319780285833 0.6274268104302605 
1.5584822678578159 1.5431782694514724 1.1290165472778688 1.107795358406615 0.9144267214092336 0.8880925745141889 1.4333807792862443 1.4167260322684978 0.9488897950906839 0.9235388650767439 0.6796246817378251 0.6437560874331519 
1.5519287551318874 1.5340574154070017 1.120714612827552 1.0958332611146688 0.9058932088304945 0.874923881583541 1.4336594092758608 1.4142943804474406 0.9502092844238106 0.9207317616793775 0.6837681965441287 0.6421746175030667 
1.5423626432725348 1.5221036292324648 1.106890599907073 1.0784821439980545 0.8904896388856189 0.8549203072349141 1.4258094864190798 1.4038695189805355 0.9376870311370633 0.9039767160290357 0.6685970125289522 0.6204344445004966 
1.5358194926173747 1.5131017606504495 1.097156123942026 1.0651229903083919 0.8800756369219012 0.8398026856848518 1.420449567532579 1.3958554359544153 0.9288094639394511 0.8907426365025368 0.6583833128987172 0.6034931738499535 
1.5329893990222372 1.5082342805527793 1.0941807206830871 1.0592193337711318 0.8784215397601314 0.8344690222138627 1.4167467084537586 1.3899227976526465 0.9243084917464299 0.8826439460136573 0.6547817498331486 0.5945193751548893 
1.5392645942662653 1.5125117464276732 1.1021489240396192 1.0644663182467025 0.8889568551744735 0.8417841660911008 1.420336549259256 1.391298747603005 0.9288448055308757 0.88380369125824 0.6620156435928762 0.5971775316283174 
1.5417728009792526 1.5135588845563328 1.1071262765553938 1.0674856998664712 0.8977526912459857 0.848384949076426 1.4192081841081 1.3885060306024637 0.928879482085491 0.8812571812016115 0.6656188058035994 0.597365484288647 
1.5474692850263652 1.5172151394050912 1.115362733150077 1.0729932980405843 0.9082802127647668 0.8557181405346097 1.421733355204136 1.3887427135506454 0.9331123039055963 0.8820312708969054 0.6720397980030721 0.5990977226129389 
1.5519848075306666 1.520391626524561 1.121811488266188 1.0776803192069528 0.9172150825220876 0.862680336396976 1.4193004993326819 1.3846832715845165 0.9296333039462387 0.8758720996846513 0.6686109273755552 0.5915863651285415 
1.5555032053811044 1.5220996799063096 1.127069986270103 1.080501720299829 0.9241220730784923 0.8667172662240497 1.4174488371545868 1.3807093899770837 0.927285143820869 0.8700890480697305 0.6660124548016276 0.5837549173847618 
1.5617804102157384 1.5271009021717066 1.1350826092111712 1.0868724145057873 0.9338838309627382 0.8746531457747351 1.4160605640062294 1.3777179089398672 0.9243819561921576 0.8645005012223185 0.6619731723670076 0.5754021173176546 
1.5692775524276166 1.5333083649329025 1.145119718873625 1.0953089408807044 0.9465164681891225 0.8856048384992089 1.4160894627646978 1.3761220410898194 0.9241084896013076 0.8616141862650649 0.6622467474840552 0.5718157570172493 
1.577460906589577 1.5400092568547796 1.1577473540537289 1.1061756348783 0.9627289129440386 0.9000514203079789 1.4181969340745348 1.3764185930153698 0.9291278533218182 0.8640163003082814 0.6706314873448831 0.577054755806076 
1.5853616837885165 1.5468922304752715 1.169970245957033 1.1172888080996606 0.9791634615449863 0.9155681234647479 1.4229987546813805 1.3800106376781158 0.9382878896291692 0.8717155889995084 0.6857950654712821 0.5914547963325346 
1.5931050239908353 1.5534712615123718 1.1821701460724001 1.1281912945705794 0.9950312613505368 0.9302561765152866 1.4316586726817393 1.387420591581673 0.9535141277741195 0.8857079285773837 0.7083432421254826 0.6140354155460742 
1.60188864214136 1.5610175229834835 1.1953808175729983 1.140027975210034 1.01234465288334 0.9463456987071321 1.4453727008012467 1.3999395449309553 0.9756999136115009 0.9070384813564913 0.7402004584039988 0.6470125221829096 
1.6114026155132677 1.5717739124578318 1.20985410115559 1.1565473568700073 1.0307480695509452 0.9676241137358039 1.4646294969319034 1.420913229540425 1.0061153612200742 0.9413410448307246 0.7816410665279813 0.6962884456049806 
1.618832180967283 1.5788593792087027 1.221946744066733 1.1684747128266364 1.0468072126878425 0.9838621090962341 1.4798829166306673 1.4360476162423341 1.0308198980109426 0.9668345108214178 0.8156231711613459 0.7330896715377254 
1.621147012524478 1.57990804863354 1.2273812191071851 1.1723721520647956 1.0552144795334453 0.9906913766340354 1.4820812652540483 1.436856528236915 1.036779580054044 0.9710322875873079 0.8257874050971231 0.7415636482036051 
1.6228625857344299 1.5803593035562007 1.2325386027936975 1.1760118891986764 1.063198646809071 0.9971178058467515 1.484194500790459 1.4375972566531419 1.043217020267902 0.9757839451111298 0.8363860989857735 0.7505959383960455 
1.6224575098403686 1.579332434820931 1.2328078849672441 1.1754734576660633 1.0651198013544814 0.9981997594056061 1.485858774055398 1.4386448014980662 1.04652912354956 0.9783382722133537 0.8425485840219601 0.7561816480697016 
1.6297796840068568 1.5867508736476215 1.2449550973434704 1.1880697416488184 1.0820640324867516 1.016099939485034 1.4891017514600842 1.4418809045207202 1.0541135622889453 0.9862818658078888 0.8556312162383337 0.7705201456298792 
1.633490136651045 1.591054699856749 1.2541359381407782 1.1983413465020096 1.0969026374917008 1.0326472909644657 1.4848049557218785 1.4379884519481545 1.0531916641030965 0.9860921421126171 0.8599715844934935 0.7763479616359212 
1.6404384623641206 1.5985882101415487 1.2639349733287548 1.209122629679703 1.1096138449044155 1.0467515472181352 1.4862980084100093 1.4399748909628807 1.0562078572911489 0.9899600772776446 0.8656132541750732 0.7834106347271269 
1.649942288481194 1.6093085684847888 1.2810331246765478 1.2282550141556758 1.1331851824474939 1.0731603659279259 1.4854383470607455 1.4401706830089829 1.0607843296912713 0.9964075006735746 0.8765421754362763 0.7974275506894403 
1.6622013014793635 1.6225618996388673 1.29926330165971 1.2481502628128114 1.15653947941248 1.0988073165754266 1.4875854754734903 1.4431578217089391 1.0668094990389287 1.0039305049452827 0.8874575751210253 0.810786592858867 
1.6693212631369556 1.6311988514835218 1.3153740771207103 1.2666432711229947 1.1793673414001085 1.1247593251363424 1.484214178062304 1.4412036427518353 1.070732090469488 1.010268985508889 0.8984239382168977 0.8254343016141018 
1.6839976082052965 1.6479653812508197 1.3373463947837747 1.2916800428129096 1.2063972541584964 1.155567517802902 1.492224547593679 1.4514393042084672 1.0859933405141857 1.0292344188770408 0.9199350470773249 0.8521868599087642 
1.6897159477120083 1.6556940608555344 1.3488664080450259 1.3059951860371806 1.2221687565767216 1.1746826417174512 1.4874620813830146 1.4486981337574403 1.0848244311188286 1.0310319517610935 0.9225507732110411 0.8586517153958815 
1.696189861366398 1.664723028591291 1.3599399434541806 1.3204845193799735 1.236491639196222 1.1929603052583768 1.4814281000447374 1.445293026248366 1.0802804356287121 1.030169178204318 0.9200438813459715 0.8606529264007414 
1.702637450194025 1.6734504151851082 1.3704342791988275 1.3339985453077563 1.2495811539884916 1.2095102586101576 1.4765710660185682 1.4428181168405152 1.0767441385042271 1.0299708467151922 0.9180091974502271 0.8626719491690976 
1.7082238586754372 1.6812277492796746 1.3773769009780874 1.3437503938410584 1.257200311544664 1.2202666171570866 1.4740157553255664 1.4426435597707425 1.0732477919604586 1.0297372560745774 0.9139181139183093 0.8624061181067768 
1.7148950036583144 1.6883674701830316 1.3845487328267827 1.351552823374747 1.264419832797734 1.2282008607602626 1.474951028872569 1.4440222915080811 1.0731220142985838 1.0301993488506243 0.9128927525028612 0.8620284324616271 
1.7155687008203548 1.6883581043707643 1.3860808467165397 1.352256349585551 1.266298298204037 1.229182045668761 1.4749186042064968 1.4431777473320606 1.073978135454554 1.0299544440383956 0.9141773907915466 0.8620309873748392 
1.7178688749161737 1.6909037124466195 1.389943728143611 1.3564753815553603 1.271077237387941 1.2343902287225705 1.473559691158034 1.4420333063995991 1.0734282739921472 1.0297233379727586 0.9142986576637637 0.8625682168766481 
1.7185771878436564 1.6912090818986902 1.395070306248617 1.3612133438578282 1.278539341661652 1.2415085405653117 1.469861951333053 1.4377672844019682 1.073875116005865 1.029508801757717 0.9174145483785452 0.8650607271727286 
1.7205081245719709 1.6935083784611638 1.3973275688678586 1.3639452906616747 1.281422952314403 1.2449366264666488 1.4701238314231084 1.4384319590853645 1.0740764440756347 1.0302730846324968 0.9182377991120599 0.8665927976380601 
1.7230746920523814 1.6963304848853624 1.3998739177480983 1.3668202899984363 1.284635628025087 1.2485349079426693 1.4700104300281034 1.4385692141678166 1.0731221997477314 1.0296319610187952 0.9177325137486466 0.8664777471761234 
1.7242683396369054 1.698488848363218 1.401393054312105 1.3695493980190019 1.2868975710110768 1.2521455263723182 1.4693502629646242 1.4390112078139663 1.072283255895666 1.0303176412224584 0.9176024446753671 0.8681919761286729 
1.7219875351220781 1.696959733846331 1.3928541995183163 1.361790765241052 1.2757987972700906 1.241810709526943 1.4532404923878945 1.4234954147786392 1.042453681808362 1.0005703103209738 0.8799599017658758 0.8299160776221953 
1.7224805101412934 1.6974641821601453 1.392560897561256 1.3614960136983916 1.2761800339358904 1.2422081230279451 1.4506868642876072 1.4208933528300465 1.0376796826654218 0.9956026645789025 0.875322083245139 0.8250056310817582 
1.734551727232382 1.7088365050070882 1.4079243749736134 1.3761190181248277 1.2934277238581366 1.2587326099076166 1.4804001094450243 1.4501851572971087 1.0794284762062007 1.03760220780646 0.9251324588645888 0.8759695045176175 
1.7384904786679765 1.712246414719333 1.4112992031526166 1.3788415721609246 1.2982712417746956 1.262912054546638 1.484821009219364 1.454005526027742 1.0835634387608373 1.0409362930166335 0.9315860143965292 0.8816411642608405 
1.7426295639368712 1.7159669241354305 1.4153471238911004 1.382386403552498 1.3031972548723427 1.2673230735399752 1.4894747037485432 1.4581905159226658 1.0885699688613546 1.045356046869587 0.9381365471544162 0.8876287899380068 
1.7440582190024392 1.7175042434852847 1.4192461065192183 1.3864852202565883 1.3103034879255875 1.2747458513719352 1.4903444286707552 1.4591806849016198 1.0925415121037554 1.049632655165587 0.9467220686505412 0.8968636632119511 
1.7474882730520511 1.72145781916794 1.4234364265587836 1.3913565391999418 1.3170248199842096 1.2822855123467782 1.4949278445645595 1.4644149067714518 1.0987562315884447 1.0568666023554911 0.9568951731796121 0.9084878266517609 
1.7482043083711611 1.7223073914860523 1.4253654514570955 1.3934816529712508 1.3207947291716036 1.2863215630500369 1.4975405286694214 1.4672259819017281 1.1036648048241322 1.0621678061245736 0.9648357620898439 0.9170782380841287 
1.753760108810655 1.727484165848 1.430980664179485 1.3986538832947772 1.327214678661881 1.2922947911585654 1.5035584556829042 1.472825534018052 1.1102788711200264 1.0682912503880018 0.9728886440161382 0.9246833715686468 
1.7605326320957786 1.7333797814772416 1.4389977729913586 1.4056475051854536 1.3355583224532315 1.2995562130335454 1.5108046907109105 1.4790744172062777 1.1197188287575102 1.076522444556587 0.9832454919673367 0.9337569360567503 
1.773036086158271 1.744708189772559 1.452842995240518 1.4181334469856635 1.3489294180272888 1.3114725614588512 1.5228087839316662 1.4897302766136695 1.1340380939013643 1.0892162792849913 0.9974468429041419 0.9461764682443967 
1.781683297817154 1.7517874617660127 1.462654493214515 1.4260862891145856 1.357631260438787 1.3181527137629423 1.5338013866601534 1.498969856668442 1.1478281607107441 1.1008512270059974 1.0106007912725032 0.9569106002133166 
1.79459383461405 1.7632097731225176 1.4749106359487547 1.436559451200945 1.367646466318968 1.3261970176541493 1.5492863970340538 1.5128218708211354 1.1640801917543138 1.115089398046076 1.0247820088363966 0.9687723357088394 
1.8052679000016174 1.7723794919757592 1.4858764531333855 1.4457405392311065 1.3767741852519788 1.3333581776762948 1.5622548418155886 1.5241315768581958 1.1787607195594236 1.1277471821185145 1.037860856365751 0.9795366404460071 
1.817474562556376 1.782884652404493 1.4970672043497213 1.4548794151336013 1.3854630139918893 1.3397655247764402 1.5782098923588999 1.5382491224049146 1.1953003359572398 1.1420187351263071 1.0521598937136363 0.9912135694084753 
1.8326588895073217 1.7956258491094992 1.5110332879490809 1.4658973981797667 1.3952226593953418 1.3462094391253576 1.5981437718460156 1.5555375598776808 1.2159960968235917 1.1594309346356988 1.068677303721853 1.0038449901205913 
1.8498559734872766 1.810235840504369 1.5289661741995992 1.480785007165645 1.4104733677197026 1.3580949144469099 1.6176488827451279 1.5721878333858714 1.237965406239835 1.177941009833073 1.088235225604538 1.0194324802783947 
1.8672454763491195 1.8250010416288125 1.545654126816944 1.4943459481479682 1.4238731722124163 1.3680050963158907 1.6376293901692929 1.5892932871393657 1.258678287071899 1.1951126153406004 1.1057301484296473 1.0327934421491307 
1.8849031101749634 1.8405140910211066 1.5624121680104934 1.5085636106068747 1.4371259341989657 1.3783915754411917 1.6583678276990452 1.6077363703192293 1.280021835730645 1.2137084841292205 1.1236792549243089 1.0475148936636893 
1.8970909068645183 1.8504323586092088 1.5755368949371005 1.5190334137826065 1.4481868614609235 1.386503224153496 1.6732078207766181 1.620114322011888 1.297299892048111 1.2280606722748024 1.1392610272927095 1.0597460512726808 
1.9114079694369515 1.8630445495980739 1.5919585632883446 1.533553597168058 1.4632003378987752 1.3994319551114622 1.6878021417888678 1.6328290290128633 1.3151150943651624 1.2437774236522747 1.1559199250065249 1.0740602595697737 
1.9240540544348124 1.874200791438057 1.6060231439138852 1.545947910192009 1.4763195972373462 1.410731780115214 1.7013818768245534 1.6447932675649666 1.3311749040554512 1.2580426174923647 1.171424705043837 1.087603071817582 
1.9393186049226567 1.8888355863968573 1.6228376513376686 1.5621604474698365 1.493027231432555 1.426840402721748 1.715353672978013 1.6580655730215135 1.347250390461684 1.2735096527467547 1.1876918311578806 1.1033381652236813 
1.9514246842643863 1.9002103704475355 1.6377563611100279 1.5763841701680337 1.5087854381443242 1.4419343438438381 1.7253011964165443 1.667154873416492 1.3604601494922075 1.2859210597685846 1.202097923780072 1.1170409893805866 
1.9564433482086852 1.9051128221420406 1.64338619817437 1.5819299879229831 1.5135682006272495 1.4466074064133674 1.73394236304152 1.6758103737266965 1.3709864112929822 1.2966834734390695 1.2123424605077604 1.1276340416509294 
1.9555485185517747 1.9038458895955945 1.6417291145648967 1.5797891152081154 1.5106506686888401 1.4430954943211625 1.7408731836093174 1.6825868786871128 1.3790373158874418 1.3046850507038241 1.2200552757191128 1.1353387330352296 
1.9662401796650912 1.9149677663108093 1.6537212749823986 1.5924180221315665 1.5214708628591642 1.4546046502089183 1.7518344841706393 1.6940853466721828 1.3919833587832182 1.3185669391462118 1.2319485388316387 1.1483458991999795 
1.9750215237198203 1.9242365506134012 1.6635925357961188 1.6029711191149267 1.5311190388590172 1.4650262095664228 1.7596350790878659 1.7024370458600107 1.4011230201365477 1.3285789404911401 1.2409396051204749 1.1584072630627624 
1.9836265754226043 1.9334926896791746 1.6723293121639677 1.6125460981450452 1.538545529362979 1.4733437943137406 1.7678092007687962 1.7113646486482097 1.4096312666519601 1.3381628818058022 1.247997325927748 1.166669154406171 
1.9946284932018894 1.9455314665491379 1.6846670940850124 1.6262389367288066 1.5502695281443286 1.4865683540735148 1.7778724596811888 1.722608587094828 1.4214045430111866 1.3516437164921975 1.2592153377769983 1.1799038640214887 
2.0050768144845126 1.9565716842025902 1.6962878331177644 1.6386677931244515 1.5616334120347708 1.4988457682574816 1.7869439051026084 1.7323418379244206 1.431861690521595 1.3631095422684707 1.2694622489792124 1.1913748885314648 
2.0135515577370273 1.9661334956470302 1.7065129863160169 1.6502962217448145 1.571612035225364 1.5103825463455312 1.7945079393709045 1.7411346276222324 1.4415461981029987 1.3745350080318832 1.2789969734386433 1.2029647979493039 
2.0232382673654037 1.9769320679304487 1.7173706654452205 1.6625670865296716 1.5823378016503808 1.5226819212205025 1.8020523039389729 1.7499028032470147 1.4502625355885603 1.384929145051024 1.2875140147321738 1.213449485067986 
2.0318450219314 1.9865998291722995 1.7269240606197513 1.6734549289620593 1.5920745048983764 1.5339119652924709 1.807949080573734 1.7569475137486064 1.4568982105649695 1.3931034003502434 1.294212854961428 1.2219540098004549 
2.0411629948330927 1.9967258085866475 1.7374918687222685 1.6850654518670782 1.6026708758431971 1.5456783363546247 1.8139180763959548 1.763764828733128 1.4638409784795616 1.4012130435718904 1.3009636246552014 1.2300707036085365 
2.01131939445555 1.9673025904199486 1.6975309147444237 1.6451398063000726 1.556755827518574 1.4994540614080314 1.7118675768624863 1.6599290275409488 1.3291712082019533 1.2615743642263186 1.1439290190886147 1.0646348559356114 
2.019497879921494 1.976662286711468 1.707360103495279 1.6564723455908976 1.5676279402356317 1.512044796858681 1.7171492478545392 1.6665604243793293 1.3361543232005089 1.2704843502016898 1.152253102147011 1.0754112330208432 
2.0279554573779572 1.986493584824537 1.7179159683491625 1.6687686177984773 1.5792765215468252 1.5256696093679785 1.722470386308293 1.6734567987100952 1.3437024108443953 1.2802693444541426 1.1612128255014411 1.0871838168171195 
2.0715826723871027 2.0321865493242712 1.7733634270883365 1.7271784063189564 1.6421762757190501 1.5921904167700829 1.8281810301319972 1.7834161829630486 1.4817587370872798 1.4261614065927075 1.3219432782591278 1.259309903738746 
2.0772314413735318 2.0395311330476815 1.7805198535907316 1.736389279703938 1.6509368725153486 1.6032433809845468 1.8299757515963866 1.7870668798539018 1.484645324456572 1.4314218529388043 1.3264664893734632 1.2666136463305453 
2.0849455695720236 2.049063141027628 1.7897513569426369 1.7478191117841715 1.6615725958494891 1.6163184151391736 1.8319603153665773 1.7910165618770837 1.4873770499365688 1.4366461695622934 1.3303774127209202 1.2734071572431223 
2.093383883116281 2.0589806938606783 1.8002688360606036 1.760145817167146 1.6740679084466676 1.630842965368217 1.834540528876645 1.795183658484836 1.4913922194013889 1.4427044630453598 1.3363331291601657 1.281768952538249 
2.102361936671933 2.0698141399475847 1.810631903829975 1.7727359511012801 1.6855554543137878 1.6447802439009778 1.8378168705741493 1.8004931854708477 1.49533709516181 1.449219751910303 1.3411719973839895 1.2895530961255377 
2.1108523454873036 2.080708870036664 1.8201531993898894 1.7851076848888559 1.6966861212520277 1.6590345299146882 1.8408263031718257 1.8061819553547895 1.4986332183857565 1.4558685725879417 1.3459894680305824 1.2982062337892428 
2.117790119332216 2.089485996435765 1.8282637901411167 1.7954011323660128 1.7062965460731498 1.6710369962694305 1.8443975452003725 1.811827542704095 1.503102059589155 1.4629533626541757 1.3521150906417545 1.307337736815227 
2.1218137527117715 2.0942286362469624 1.8329716959071711 1.8009678558144258 1.7126480533947455 1.67835137396101 1.8474986591596787 1.8157508846966894 1.5069648079490146 1.467870195922245 1.3580578224791497 1.314542136592361 
2.1232603858978294 2.0963765745502405 1.8346351861672663 1.8034540033843391 1.715674172540637 1.6822894942081161 1.8496126703510116 1.8186882927876893 1.5095425235226068 1.4714886021723035 1.3624867817057897 1.3202008583253535 
2.124788541036731 2.095046249637702 1.8364529315288753 1.8019577724577787 1.7185096087368845 1.6815967766741824 1.8542070283873375 1.8200483916975945 1.5152282764392304 1.473230862329798 1.36990241817474 1.3233008272199485 
2.1234719225895806 2.0907421437581175 1.8350652647865935 1.797090490678277 1.7180126792390942 1.6773900177616088 1.8632208986124783 1.82583181664859 1.5264087385187135 1.48053819359255 1.3834835297271488 1.3327026610186874 
2.1167496042770413 2.080942079911647 1.8265043672564845 1.7848835413961914 1.7093047709542644 1.6647563944154142 1.8707658002024226 1.8301518330310766 1.534683679331676 1.4849057371924355 1.3931470101920365 1.3381142121459626 
2.1083462802284165 2.06930872548129 1.8165302934311334 1.7710722376439083 1.6992524522721748 1.6505676176858068 1.8798629740896011 1.8359736831863904 1.5454912070125149 1.4917967807154566 1.405780801033006 1.3465267262676222 
2.0985161072302043 2.0565844100558115 1.8050053840098677 1.7560791609960555 1.6872436161694644 1.6347968080726762 1.8887504668707855 1.8420499204648635 1.556166093353987 1.4991405849634682 1.4178855715834795 1.3550531640805132 
2.0834268194824985 2.0384644709827446 1.7858279552462382 1.7331623043035986 1.666732365840107 1.6101760359224577 1.8874305391560666 1.8376790055553662 1.5527099580214458 1.4918372233789314 1.414115804076512 1.3469942815984632 
2.0613692004976305 2.013613973580895 1.7607814662700878 1.7046259489401892 1.6406586735699293 1.580240214967408 1.8683533832656605 1.8155281927307656 1.530311326482373 1.465350132152804 1.3904180188562862 1.3185827698708337 
2.0428328573398287 1.9928967498912755 1.7392625777113728 1.6803290412675755 1.6173262581888694 1.5537746291297236 1.8521352844290857 1.7969074780097083 1.5107194786019045 1.4424786708049482 1.3685697842007218 1.2928474878837064 
2.026975831627602 1.975233160019953 1.719901580324412 1.6586067829483906 1.5961807510436936 1.5299372550671513 1.8422526149261969 1.7851637772603413 1.497773387800174 1.4269688628846846 1.3539042304396607 1.2751359455534181 
2.032244541756971 1.9800780659107864 1.7262879256662256 1.664560383975601 1.6027987419202077 1.5361168824998312 1.8402767206322532 1.7825009615988991 1.495550244325145 1.4238545581979223 1.3511344633680988 1.2713204189743041 
2.0357469813657496 1.9833117248833478 1.729573482260803 1.6675383223361795 1.6058904722737977 1.5388774593383843 1.8381334591753016 1.7798860187269745 1.4919427844725683 1.4195608116807676 1.3466079795321872 1.265943393860784 
2.032131178210698 1.9796307042112675 1.7273889935553022 1.6653087805737408 1.6048588799816637 1.537840246662832 1.8305657042171417 1.7721036643086092 1.4850206756324977 1.4123268058972753 1.3405169512751416 1.2595103398765728 
2.030413392849902 1.9784885421362062 1.7238960044806213 1.6624246749144007 1.5999681255150837 1.533537207949077 1.8287195717398144 1.7708906339930341 1.4810314515445815 1.4090040901162248 1.3347414464473075 1.254341697610444 
2.0248550736758024 1.973673622915055 1.7180302465878299 1.6574008050530926 1.594383726394195 1.5288587140055288 1.8226529286154949 1.7656197774692715 1.474331562773666 1.403211693719319 1.328188652184109 1.248773236496779 
2.0271838689732515 1.9777084897995862 1.7215901450186568 1.6630481230034686 1.5986414533050743 1.5354188119940957 1.8180875408586246 1.7627531699660508 1.4696395799737296 1.4006059142476017 1.323488709368297 1.2463862947839888 
2.0318002404869824 1.9846093374875975 1.7272090428326734 1.6714404215654712 1.6044366793497835 1.54424061054065 1.8138704568526829 1.7608486702277855 1.4646381446087495 1.3984373063684192 1.3176231916002996 1.2436208748018667 
2.0330673732915026 1.9882180843867228 1.729543522534894 1.6765944658987781 1.607404942241503 1.5502899261371759 1.8088182728904554 1.7582581582584538 1.4593770576319234 1.396219754581065 1.3123304646095852 1.2417163343865658 
2.0424235330455924 2.0007464020855914 1.7398543752677809 1.6907352022887676 1.6182149813725122 1.5652833619055817 1.8064018888216542 1.759141853591813 1.4555710710021823 1.3964882455138818 1.3077513607480742 1.2416545005187392 
2.050307077994965 2.0115215403957896 1.749158025472899 1.7035297448169933 1.6282738105356391 1.5791565455888945 1.8036615169361048 1.7594472601008109 1.452236052326291 1.396942856768397 1.3041132449585235 1.242244399897319 
2.056265317686567 2.0188033747546195 1.7562859177026502 1.712273410971694 1.6356421958119813 1.5882900874590384 1.8033861757040948 1.7605515351504597 1.4520726106915727 1.39851881500416 1.3035720289729447 1.2436398368983843 
2.056722621713244 2.0197597531060474 1.7572031505398005 1.7137924115443506 1.6361491258033298 1.5894355851895983 1.7984225778906915 1.7560311176818593 1.4463674285142762 1.3933055141881123 1.2966108852955849 1.237142394984102 
2.055164818870973 2.0189385545689498 1.755655873776225 1.7131077028386044 1.6343402159663574 1.588546000569376 1.7952156895272946 1.7536276190585502 1.442714277438523 1.3906239393613788 1.2923485910252543 1.2339267948808632 
2.0406986088991586 2.0055230662754693 1.7388569038201391 1.6974378601182902 1.6164501636496438 1.5718088587875307 1.7710292065245452 1.7303804227287596 1.412698470999017 1.36139227519586 1.2589697254354293 1.2011147849239723 
2.0296342383687977 1.99603159430879 1.7261094308180147 1.6864699081450847 1.6025474447762507 1.5597709116017295 1.7589523882012528 1.7200699078464485 1.3978383774810628 1.3485841143506363 1.2420373082797835 1.1863320189048638 
2.0203416265645173 1.9870307597189731 1.7151159223881516 1.675748662320624 1.5897284316603764 1.5471740168673207 1.7522482363036807 1.7137341782404176 1.3893222163448478 1.340420520907286 1.2311905132957124 1.1757299996467556 
2.014450870879459 1.9823913897328675 1.7094094636414676 1.6715095049945154 1.5835371285786164 1.5425476162786709 1.7476760955013975 1.7106241684505132 1.3850776649657628 1.3380222153936794 1.2263560906959323 1.172950370683692 
2.0048962898252367 1.976057225273347 1.6985692605704954 1.6644310011397287 1.5718352117683962 1.5348807633021528 1.7425998025809024 1.7093411293697347 1.3791963137838645 1.3369276332528248 1.2197175377746274 1.1717098175550975 
1.9972011213396508 1.9684894962890604 1.6899190628785625 1.655887984436254 1.5624984093049052 1.5256276927875816 1.7372121522946928 1.704125770006533 1.3729239534950066 1.3308113164533728 1.2126396917800273 1.1647461526016556 
1.9968397287577313 1.9679579701673635 1.6890803457341068 1.6548359690148295 1.561145940117467 1.524029631058809 1.7373632162979766 1.7040893800928547 1.3726086322565694 1.3302421310969104 1.2117089953224123 1.1634983280371527 
1.9900337271051187 1.960096751718111 1.6824495156217585 1.6469309073837584 1.554120339682835 1.515597265534578 1.7328810415074343 1.698417423690622 1.3686777712872704 1.324773143861201 1.207448756351958 1.1574444005203404 
1.987844808240696 1.9570651590505335 1.6801554482992014 1.643623857690527 1.551956571315541 1.5123313970057919 1.7310463312255655 1.6956115286142315 1.3667175090886523 1.3215497738524609 1.2056382618553088 1.1541839860132743 
1.9882259504498376 1.9555023529012079 1.6801468925192702 1.6412923574434142 1.5514497255284039 1.5092856830309362 1.733907833894916 1.6962851760839508 1.3697764514117479 1.3218300000386434 1.2084660513403593 1.1538358719515354 
1.9880321390382727 1.9538636726212733 1.6792303535397073 1.6386354218034864 1.5501754270562702 1.5061060122013623 1.7373051999718099 1.6980991794324294 1.3732341942469575 1.3232851611006187 1.2120236906302988 1.1551246218435005 
1.9859017397497314 1.9503713395558833 1.6776080835347122 1.63539338514041 1.548466998014814 1.5026285922213145 1.740092041571655 1.6994301854918932 1.377854664012504 1.32613201354956 1.2173186259730893 1.158450378462975 
1.9879654506779263 1.9510098246367418 1.677975873810196 1.6340243987863492 1.5489349350728359 1.501210223729205 1.7482990021987344 1.7061600463699442 1.3856932564926085 1.3321330653613739 1.226271666919321 1.165407612738603 
1.9878504373283947 1.9495618012073097 1.6802070765196444 1.634728624428743 1.5506764842437928 1.501279259274133 1.7568239325517767 1.7133803388409388 1.3992772380006366 1.344328324601803 1.2407572395866526 1.1784398088687815 
1.9924362328890854 1.9532192132807955 1.6845989551609162 1.6380283247640286 1.555698125385915 1.5051444483268874 1.770493669892454 1.726241868374548 1.4151746650958847 1.3594051955650492 1.2589846505534728 1.1959538048475158 
2.0013036585433506 1.9611991280079135 1.692536538364534 1.6449211591134087 1.5633756853997058 1.511697463019304 1.7891043940192535 1.7441273516286018 1.4353947654561794 1.3789285038387595 1.2805552439075012 1.2169253956997528 
1.9991372897291997 1.9575188000338106 1.692233225293077 1.6428582525847475 1.563652197384639 1.5100788534662055 1.7864725840565843 1.7397741930738626 1.4347779198140072 1.376196798603241 1.2806024304153925 1.2146079754743133 
1.9991236607576957 1.9572218284346947 1.6932393182894288 1.643557502401802 1.5626485487790434 1.5086723838200427 1.7869909725013302 1.7399881064252276 1.4366282448153558 1.3777236981707364 1.2801217956902577 1.2136447942051456 
2.0025623512676853 1.9602983627893893 1.696717833086798 1.6466223323988896 1.5621609262540013 1.5076008954477174 1.7912905371030017 1.7439138421248797 1.4412901244075598 1.3819663248989678 1.280161152790835 1.2129823896309293 
1.9976152608952107 1.9549200610565742 1.6925825770583367 1.6419748763977604 1.5572602703984457 1.5021002843756606 1.789135226907525 1.7413358592533035 1.4406158092154342 1.380803977515071 1.2789048750245033 1.2111331033050994 
1.9885029980795828 1.9460696366758024 1.6818094635753151 1.631418379567758 1.5459892788022462 1.4910149924100327 1.7860584875001966 1.7386913982048366 1.4367824536691316 1.3774565969900794 1.2751249341031217 1.207885116636301 
1.9815578122921371 1.9391984337493677 1.6713139564594082 1.6208669109633895 1.53391956720553 1.4787928998531201 1.7871885278996171 1.7401040302970394 1.435535374644596 1.3764741239325933 1.2729417541490262 1.2059435772273925 
1.974973988619569 1.931885312668402 1.6651338649261473 1.6137934792605557 1.5280369238090714 1.471922364156442 1.7865288454777017 1.7387765587630544 1.4366049728870807 1.3767688454144689 1.2751705378198988 1.207360139355234 
1.9706737310772577 1.9229387981831247 1.6583641585484052 1.6013464177241477 1.5206960545611867 1.4583055775652647 1.7954709948528715 1.7429442792464596 1.4457983335714424 1.3800259014083611 1.2855651011745612 1.211121916471649 
1.9684660042336113 1.9138218117221466 1.655815135642696 1.5904651145571975 1.5184641704773412 1.4469239628340667 1.8022030161509108 1.7423522114152006 1.4542355603627082 1.3793681822571666 1.2956892909272035 1.21105997201767 
1.965868330562047 1.9043798706158417 1.6503394468735242 1.5765927465286684 1.5122332514221508 1.4313887680175534 1.806557909812694 1.7394470040811274 1.4569260373494632 1.3728284222024287 1.2984077152831501 1.203281759857935 
1.9521201885754882 1.8836809742214842 1.6369907113493343 1.5547409337391227 1.500983366811238 1.4108266546404629 1.7993992693796448 1.724911160797564 1.4514830653659037 1.3580441344242093 1.2961541449395593 1.1905865568886624 
1.9470245357570715 1.8721986837619664 1.6312880384653226 1.541208627370104 1.4966037772369944 1.3978720380206622 1.7966074065415738 1.715232212232513 1.4484454752734188 1.346186340548752 1.2948808811778942 1.179381136477958 
1.9470749864669439 1.8667279827616154 1.6319190199655282 1.5351651528175234 1.4998232870992667 1.3939305044460608 1.7959737339185253 1.7085356337007578 1.4483025711933435 1.3383395295758285 1.2976480811549984 1.173653654714733 
1.9451826960584577 1.8591977070890686 1.631420554070976 1.5278787311973585 1.5021495289901237 1.3890045357900205 1.7945747744368998 1.7009935373320058 1.4485495932985 1.3308554832307113 1.3012363764686454 1.1688013092246474 
1.9442047511735718 1.853828555920393 1.6305486166581757 1.5216560030262722 1.502959143851186 1.3840644451563267 1.7965157136206436 1.6982982392812782 1.4512840473476893 1.3277701556918238 1.306301183833916 1.167549135216968 
1.940795043309697 1.847168725215834 1.6283409562298337 1.5155332952513743 1.5030588875142215 1.3800481580783657 1.7973987965210976 1.6958742090778696 1.4544591102315285 1.326950715970827 1.3126854356377577 1.1698247527794452 
1.932983258169416 1.8362664145660486 1.6201416386116525 1.503432405551793 1.4963505946011617 1.3691293477474107 1.7904100735203794 1.6855320525766488 1.4470669936679679 1.3150866713122942 1.3069847194834567 1.159163114433534 
1.9245002984930921 1.826344075496181 1.6108842462759392 1.4922397053087686 1.4872680427212843 1.3578650573970892 1.781663505744 1.6751585390344403 1.4372096241328194 1.3028441145816334 1.2971467456305783 1.1464819941455686 
1.9186828441948425 1.8205071357804699 1.6043613559942191 1.4855563723492993 1.4811565969226919 1.3515647374164546 1.7740084195424806 1.6673356732906572 1.4281937461729797 1.2933057455325905 1.2882495412797978 1.1368769746228522 
1.9049459971686888 1.8073864263540904 1.5888055092203734 1.4704180997828509 1.465266064620692 1.335975704183654 1.761261259475439 1.6552545623465322 1.4133382178831118 1.2788085705722378 1.272881224674561 1.1216296421586809 
1.8937286291888311 1.7983238586498846 1.574825740267605 1.4587106264744252 1.4500379386103694 1.3230157228806505 1.7520159785257126 1.6484297281320215 1.401223743807323 1.2693260258063765 1.2593497891409717 1.110730602346676 
1.8832196127528409 1.7895564476419736 1.5632353755775106 1.4490345092153465 1.4375900281571796 1.3125019079974554 1.7409598633676078 1.6391880353690236 1.3885711992753413 1.2586207311565147 1.2454277277533852 1.0986748356529152 
1.8763020515777198 1.7842038378937424 1.5525449465811805 1.4398853279184285 1.4249201779590184 1.3012576454932974 1.735046826386758 1.6350111425170044 1.3785042300097452 1.2502591165653465 1.2329945719891717 1.0877267859875295 
1.8707056279757752 1.7790079623599888 1.5448691266706833 1.4324630543718184 1.416587452485811 1.2930776442813634 1.729669969601207 1.6300576638083206 1.3707075821415158 1.2426459911576748 1.2243115076402085 1.079012720657287 
1.8585680753988028 1.7665010448204126 1.5327944059434748 1.419756789507136 1.404229358364085 1.279887003352878 1.7189373958616438 1.6189491719481528 1.3601210133262445 1.2313325388990621 1.2133962958949602 1.0670432143786914 
1.8545052872333474 1.7568915216644538 1.52816420465094 1.408106457231285 1.3989829635761974 1.2667404196979113 1.718184545610989 1.6123387024122569 1.359505097002744 1.223001254004443 1.2124857132257023 1.0571658163677258 
1.8515804468494612 1.7500901835777636 1.5241300260657717 1.3990846421340097 1.3935282564610056 1.25554231352641 1.7172845486858752 1.6073368410682467 1.3578248805922102 1.2157935292866342 1.209395333030209 1.0474266423264447 
1.8440085974363025 1.7415608815137642 1.5158216770514268 1.3893818601158574 1.384378461916755 1.2446567086626736 1.7107525122059588 1.5997939725536534 1.3505635146926633 1.2069334711652502 1.201170336138468 1.0370519625452719 
1.8376082593251177 1.733688259659126 1.508087429408484 1.3795646275836047 1.374922541360018 1.2325919282876592 1.7066612843033293 1.5942282164984691 1.3454427967549902 1.1996196006567623 1.1942782838768735 1.0272154040316421 
1.833568412898807 1.7310807163677406 1.4989101019007944 1.37164092071513 1.3617535542014385 1.2202622931895626 1.7051023684753506 1.5943780633150502 1.3387055149584803 1.1944872446285268 1.1831203254869094 1.017074739820162 
1.8218868778989106 1.720241660564073 1.4894707771085138 1.363261812983933 1.3529939378505136 1.2126632552939993 1.6921333386764295 1.5821740772557993 1.3276169010148373 1.1842829943642017 1.1724487348537846 1.0072713689667945 
1.8221297909391636 1.718315053483499 1.48844692610385 1.3593836470356704 1.350941541528722 1.2072666220135468 1.6923907872084392 1.5800747528607626 1.326462910686914 1.1798107905202426 1.170073779822452 1.0007608596602888 
1.8212824292304284 1.7166070096628088 1.4882377508393914 1.3581316363384996 1.3500328881266153 1.2050969826630096 1.6909430660502707 1.5776433029121286 1.3255453099096577 1.1775993831619862 1.1682497869135222 0.9972349288023812 
1.816987730761273 1.711310115711644 1.4824407369392545 1.350839900557057 1.342513591490604 1.1956088999907117 1.687349217481965 1.5729861029700802 1.3203535536124404 1.1706713479610749 1.1610537073438936 0.9875138529342259 
1.8169728338302147 1.7102436523714977 1.4795014069871648 1.3462791259159446 1.3381741544645824 1.1892237549246147 1.687934993794785 1.5724718168784457 1.3178234622577487 1.16627687505026 1.156911548942701 0.9808095654493791 
1.810110406514188 1.7032657198719638 1.4734261864684501 1.3399996849592763 1.331914355418906 1.1826285464552933 1.6816348902692762 1.5660492753712956 1.3123951186174687 1.160601299366393 1.1512567352988472 0.9746827685411085 
1.8066455996392983 1.6987063330711523 1.4687623925931794 1.333753293985076 1.326304523514883 1.1750398173747307 1.6795477452862244 1.5628549235345037 1.309265164852422 1.1557725361056301 1.147168686417146 0.9683134195166564 
1.8036084308734783 1.6949786839951382 1.4646096498104506 1.328544614831542 1.32124394443944 1.168603837062796 1.6781549160068299 1.5608181474463612 1.3070126152864365 1.15248919465559 1.144065606037473 0.9637611105444597 
1.7993492894040446 1.6892868249053623 1.4578859807539273 1.3196452721844765 1.312692073747244 1.1572348905899963 1.6768130418382483 1.5581187659478464 1.3036393845227445 1.1469558650614418 1.1389488980980842 0.9556341894254518 
1.797059303302896 1.6861098660726381 1.4536545780850039 1.3140228206798734 1.3069762986326456 1.1496657714603364 1.6769569850737047 1.5574752231311706 1.3022573565111815 1.144298284306802 1.1361996459194528 0.9510488821651021 
1.795161724585281 1.6833904905921264 1.449168903273873 1.3081622363514396 1.300702472903008 1.1415011385960154 1.6780373733072813 1.5578855389970085 1.3012664289130031 1.1421437061140773 1.13359196001736 0.9466935397561347 
1.7908459647294515 1.6780990642830833 1.4438114327666753 1.3013372558824863 1.2947220386583986 1.1336632469775847 1.6764542605713286 1.5554375872878217 1.2992155601699664 1.138792462193072 1.13122711061385 0.9426356538704442 
1.7893817550102855 1.6752488495455504 1.4403189792416435 1.2957972081709739 1.2906243368090073 1.127068241724382 1.678227644023209 1.5559626177719341 1.2996459987102988 1.1373879569890346 1.131491112984848 0.94066135325296 
1.7876208288067024 1.6716762996416386 1.4381545623414613 1.2912017535550206 1.2876768782515124 1.1211713365866791 1.679667675935797 1.5556982113454914 1.301531336228045 1.1370563936690037 1.1330520803491604 0.9395320324414491 
1.7866231985534078 1.6688382718014378 1.4359390260067486 1.2864367882757435 1.2846711794109844 1.1150689498991575 1.6819273991493242 1.556238574200373 1.3033718612925516 1.136563650936106 1.1345648335856395 0.9382089774827408 
1.7824141905838384 1.662496820542716 1.431899476218439 1.2795434504207508 1.2803743019893206 1.1073633932520255 1.6809576547297793 1.5532269533183616 1.3034394501451305 1.1339531435269448 1.1348905865301027 0.9353459119035268 
1.7805359536459802 1.6592107933068663 1.4296549357890525 1.2753765756928421 1.2779689623093355 1.1026680565909217 1.6815888998878412 1.5525506119370154 1.3043566158938282 1.133145337468235 1.136062328671275 0.9345104542090474 
1.778237381994035 1.6538870724209074 1.4272636800258738 1.2689743393469388 1.2741353766068186 1.0939082317639812 1.6811803839924493 1.5490583414193928 1.3043469282062192 1.1289531304358922 1.1347511862611117 0.9278332373444056 
1.7752194382210893 1.648090211802133 1.4234381145093735 1.2613379238879643 1.2703409297657067 1.0856165852813782 1.6803026084125443 1.5453847897006103 1.303145758477539 1.1238265703559425 1.1339219020011917 0.9222668660631804 
1.7750090245370584 1.6445125197419448 1.4237786391107292 1.2573424368834452 1.2697087339968958 1.0797799125692236 1.6822075250063533 1.5438868312114074 1.306258294973854 1.1225306782391296 1.1363649894237327 0.9192876479035276 
1.774352513747198 1.6405422065405695 1.423115264987696 1.2523214227349941 1.2691388229193055 1.0741346471653355 1.6832483615441307 1.541550172729062 1.3077672809185128 1.1195120139779653 1.138293264251792 0.915840293850953 
1.773298329305591 1.636707556137626 1.4229883195297144 1.2486474350744488 1.2686416634802753 1.0694280386814254 1.6844900324780792 1.5400426387337465 1.3106545930633289 1.1189459870422702 1.141214868076122 0.9146562385497626 
1.77340142225442 1.6325440405863483 1.422376054513714 1.2423369432058275 1.267123433787727 1.061060430161261 1.6872132830362616 1.5384850023493892 1.3133505619041703 1.115857131739543 1.1433887591077674 0.9097171507968836 
1.7736967931419396 1.6298911110874863 1.4227970965678838 1.2389093179091035 1.267093730551138 1.056442730109872 1.6896147784634226 1.5379671061508438 1.3164913078338196 1.1152103315527526 1.1464398403762843 0.9082230054353392 
1.7721086429657749 1.6249842430848367 1.421743744868955 1.233515311568527 1.265828831111853 1.0500130368114482 1.6905803432768287 1.535664886905343 1.3187297413321657 1.1132173545512125 1.1489192679531492 0.9056601084700596 
1.7746323904983814 1.625062874047032 1.4247897868127775 1.233505232986873 1.269138633800894 1.04986765594812 1.6931485265049846 1.5356630997735148 1.3219144253717787 1.113088932298763 1.1524515969037483 0.90534739542675 
1.7762450946797859 1.6242394621403584 1.4268391417304196 1.2324679023706866 1.2709269201547353 1.0480278767160731 1.6960117424045156 1.536086919537433 1.325624053181746 1.1137263238219703 1.1561420459329383 0.9054124056881484 
1.7790695561776104 1.6232259342180313 1.43012637739397 1.2308677439587081 1.2738048299947682 1.0451567790135603 1.7003100145908687 1.5364986474182136 1.3308745678380063 1.1140022724922962 1.1612684465350809 0.9046095028895066 
1.7828113474737026 1.6247109462550562 1.4342421998675814 1.2322013009573558 1.2778221296725925 1.0459917558379703 1.7045001711589822 1.5383725789551113 1.335647865524817 1.1158963118860998 1.1660762959090625 0.9060923165334754 
1.784879052030417 1.624445373035671 1.4361948504214184 1.2311316696344872 1.279875019826936 1.0445619206045182 1.7068360191819836 1.5382843482194701 1.3379654757791772 1.1149803379329162 1.1685786376521694 0.9047682421355208 
1.7865046875410096 1.6240223302054686 1.4379245197874608 1.230234308985894 1.2814900899367112 1.0431042042892935 1.70938979522109 1.5387862107537875 1.3409106599643392 1.1152985826252986 1.17159349776533 0.904699317124756 
1.7890198626940952 1.6243285810186312 1.4407038565624788 1.2302352914438766 1.283117771490209 1.0412696507216561 1.7126906174537186 1.5398572729685047 1.344747070758661 1.1163314715235793 1.1743544173349032 0.9038581567447405 
1.7914795271958872 1.6246852846511535 1.4425170789845088 1.2292513579256277 1.2837601917655805 1.0383850960804473 1.7164042154346977 1.541507965779613 1.3481468976198403 1.11700646164738 1.1767262911832983 0.9027115498109018 
1.7906184442940378 1.62147318573142 1.4421748208334522 1.2258585125723114 1.2830907741255098 1.0340129658983972 1.7178564783025385 1.5407438979421595 1.3507718833489244 1.1168910241585792 1.1794229104295033 0.9021636662191623 
1.7914891752410897 1.620218891695193 1.4431162063416794 1.2240343855488702 1.2834419757067321 1.0309699787122804 1.7202492223529706 1.5410818209965362 1.3536647690643353 1.1171768432105995 1.1819675236680576 0.9015115190645099 
1.7921199139379596 1.6193348487366657 1.4437284931499412 1.222662475228957 1.2839385257608715 1.0291014062438162 1.7216869134465187 1.5410247870598968 1.3553095601865282 1.1168775986351416 1.1836427585775193 0.9008672190356358 
1.7927378950518673 1.6195579308425494 1.4441319774712422 1.2225284861118781 1.283983324017489 1.028431770879819 1.7226426588689252 1.5416084007149806 1.3561363272750275 1.1172128128315573 1.184145998665283 0.900699992869435 
1.7926448106406914 1.618927020318396 1.4427579378111215 1.2202047972029122 1.2815714717162676 1.0245851439080114 1.722468908374546 1.5408596367992122 1.354575280417076 1.1145507930628373 1.1814182833852709 0.8961575979240481 
1.7869080105741315 1.6132566348396031 1.436692844505742 1.2139370086845531 1.274284466143255 1.0165419972898317 1.7142793970803012 1.5324198454907847 1.34528805185135 1.1042448433449894 1.1702625832068632 0.8826501261847756 
1.7810829369588606 1.6077229498660521 1.4289463946299734 1.2059869211255982 1.2666566579487908 1.0084323201514318 1.7057096807270573 1.523798598938193 1.3338204096976474 1.09160136520893 1.1582781081096196 0.8684036106131756 
1.7772012475237575 1.6052207609547045 1.4247122131153362 1.203367901931907 1.2608861908197742 1.0040534863243094 1.6984360801042824 1.5175554472242523 1.325158758111646 1.083667454249688 1.1472030466312404 0.8569505513155354 
1.7723727761791537 1.6024682448463683 1.418830990125674 1.1998669078447828 1.2549641506198495 1.0007668246604702 1.690787431270117 1.5117411669135032 1.3154992430788397 1.0757032474344401 1.1368341564806188 0.8479334392161924 
1.7672645879734592 1.6001532913771106 1.4128048773645285 1.1971984186027813 1.248554619992654 0.998075684056575 1.6824274396552739 1.5059311145284833 1.305126655656454 1.0679990727079307 1.1252673481910866 0.8387449176626944 
1.7560444895280984 1.591550917565002 1.3987299291864745 1.185659094681941 1.2343062263482267 0.9863335817065138 1.668243535099717 1.494114642991628 1.286774905724385 1.0512524587376715 1.1058282432647488 0.819876928326441 
1.7544796408912815 1.5949890972360907 1.3947690304498448 1.1879276317612955 1.2292780345804606 0.9883905585860278 1.66163895040469 1.4922584935265069 1.2760195294359722 1.0459527950639071 1.09268919528931 0.8122567866764796 
1.746182056509 1.592144842806081 1.3870098191700015 1.1872529909307452 1.2229411361443363 0.9906353761470464 1.6491837785019596 1.485119712775371 1.262715961439468 1.039338744237893 1.0799261008393122 0.8074737204850695 
1.7377995620211786 1.5905622963471127 1.3765347278441618 1.1852379329742195 1.2129097559839315 0.9905004679256847 1.637674258746531 1.4805127755480532 1.24774897994789 1.0328691193762163 1.0645091526901025 0.8019481510428216 
1.7334122533064662 1.5904814825432583 1.3710988406066866 1.1852532797309614 1.209216416326292 0.9935379448783023 1.6298824548761177 1.4769665274179373 1.2376230474231644 1.0279222314518743 1.05546346138225 0.799322478548552 
1.7312656820883963 1.5909670612482836 1.3684191864984208 1.1859453604517367 1.2085856518993596 0.9972836136109927 1.6243957442621548 1.4739595862767065 1.2304274631106866 1.0236440152596995 1.0497904314562025 0.7974680419784856 
1.7304143948583528 1.5922386472300563 1.3667230544382427 1.186938009894788 1.2083420695866713 1.000490124355558 1.6202404580595435 1.4717571381627472 1.224245511134511 1.019640624599177 1.0444786839055165 0.7948746145984282 
1.728412046290467 1.5919250402459282 1.3649618732265016 1.1874081216506818 1.2090146851721861 1.0042577562369137 1.6142012970388793 1.4671274516421537 1.2171107348807668 1.0139899767561806 1.0392084172878895 0.7916888697979781 
1.723657189142029 1.5894725424747043 1.3585954635876714 1.1837273720249102 1.2032402759553056 1.00160671886774 1.6072213349383464 1.4623916291749623 1.2074551534036368 1.0066661835390123 1.0295404195469937 0.7844630858625536 
1.7183238330544683 1.587864445172509 1.3512161898241895 1.1808733601208048 1.1966419297530069 1.0003142551433524 1.6004978160069447 1.4595444357891265 1.197807019282739 1.0017077200675852 1.0202491714493083 0.7807592925114628 
1.7113295937609445 1.5849327823229602 1.3426398244063817 1.1773039726774048 1.1885459762592272 0.9980002423256218 1.5934514570836475 1.4568632372607937 1.1887473514931588 0.9982400571415675 1.0114742237358298 0.7787445353143737 
1.7050185166308311 1.5852848361900143 1.3318024915331854 1.1746223845364094 1.1762363414101777 0.9947722355665141 1.5876923322400975 1.4583575733180119 1.1778695497609233 0.9967028373863496 0.9986043914654091 0.7766920885743591 
1.6906059136306721 1.5759471234159474 1.314606969859433 1.1634657132047337 1.1575822282684716 0.9825770177461915 1.5736782570153913 1.4498014475103136 1.1603906181122803 0.9858840536305474 0.9789338673286363 0.7640500619743447 
1.67316845618784 1.5634966800035106 1.293001333635043 1.1475546324171237 1.1340080311805556 0.9648851747135511 1.5582808665904873 1.4398848720581794 1.1404380847647977 0.9724341678396538 0.9564103675630038 0.7481644049151229 
1.6600854763514439 1.5553478328634402 1.2759658572207173 1.136359081097608 1.114475638492381 0.9514615290136539 1.5469919527887015 1.4340178500956673 1.1248951871143373 0.9636453052824987 0.9377399756824918 0.7365998604350941 
1.6509121286189037 1.5500753588200156 1.260745148244085 1.1254781607925586 1.0945930208168697 0.9356049608787889 1.5406832070289465 1.4321059688518165 1.1125071760761815 0.9565014262514198 0.9199607433043 0.7235679172137196 
1.636383594626578 1.5404627550067544 1.2423952731570578 1.1130230211289434 1.0728945711312925 0.919987495329692 1.5293291757378462 1.4262264752005551 1.0975620591852655 0.9486393964847762 0.9012209605657207 0.712371708143298 
1.6244713912759436 1.534392365555173 1.2285095172093703 1.106656344252361 1.0575469950191339 0.9131584074376142 1.5203092471184934 1.423654746514758 1.08704578545432 0.9471648061842246 0.88929103924081 0.7115414133232161 
1.6164747186992563 1.5271990101469552 1.2168238704898258 1.0954481421746263 1.0426753221371647 0.8980635432940368 1.5171085111994593 1.4216063221419073 1.0813362337191148 0.9426740426859329 0.8807948376062613 0.7036660048303031 
1.6041468516741229 1.5159858823010195 1.2021238579015059 1.081678253149244 1.0253723312709389 0.8810871076891319 1.508886852529374 1.4148023209395721 1.0717062012212115 0.9346016559668616 0.868815762826619 0.6926520795724214 
1.5913973269127482 1.5060135194297029 1.185959628868133 1.0686587434279664 1.006714135445132 0.8654505295538504 1.4988863999199673 1.4079033022423948 1.0585911529315932 0.9252818476902268 0.852987888697747 0.6805289169940101 
1.5826757724824754 1.4979477353375852 1.1751246766207406 1.0582546114253413 0.9942532325333421 0.8529503545945685 1.4886109605276323 1.3981943387108247 1.044996649086972 0.9115935572408354 0.8364445477155076 0.6622871721564597 
1.5717755333402699 1.4850941349312137 1.1620474878450924 1.0418160233011824 0.9799722857341885 0.83388964690005 1.4790259624046802 1.3865583506896095 1.0331475375119907 0.895779044556798 0.8230341129425257 0.6421926607078985 
1.5638520446527415 1.475153303411059 1.1524553065366832 1.0288815697467617 0.9699425393107368 0.8192878496380622 1.4715726786144678 1.376942337007821 1.0237412585436618 0.8823209254259814 0.8128231421684303 0.6254002809757605 
1.5548655828213094 1.4647491377851192 1.1418621148992774 1.0157421648441352 0.9585181887905154 0.8041393997574365 1.4643509408752569 1.3682860570956097 1.01516786141123 0.8708896846571617 0.8034138507906434 0.6110293541575971 
1.551525720684965 1.4589915508141234 1.1365089115123561 1.0065171579993062 0.9511776227114472 0.7913047158629856 1.463164934088772 1.3646523028768172 1.0125571926301251 0.8641159365195161 0.7989733614752124 0.5998189024589008 
1.5483396029069334 1.4528349723660978 1.1333188836024926 0.9988921978522006 0.9479904313493888 0.7823425010377488 1.4608674155891082 1.3592304944085092 1.0105393470469124 0.857066918583374 0.797159919921969 0.5906249816338621 
1.5435586167734479 1.4454500008009825 1.1263044882337814 0.9875800228920997 0.9397958911463489 0.768094277036068 1.4598148174804777 1.3556591764656631 1.0084879266186382 0.8507645970158608 0.7947970904171454 0.5817687825378395 
1.5436508752043028 1.4436689806596976 1.1247795829045841 0.9830825048382308 0.9367579600510529 0.7608137596803899 1.4615769148556672 1.3555549340543194 1.0091967913340838 0.8484104341879642 0.7942698088426943 0.5763563398098523 
