2.022132875963338 2.1664492816892253 1.7169464343571583 1.8847774883343018 1.590947902620246 1.7707615172382078 1.8500091502616307 2.006742379612231 1.510436210652989 1.69879329776514 1.3655137190272972 1.5713398228682935 
2.012938561194216 2.1581164229722734 1.7072422555521052 1.8762251898699793 1.5816943659072193 1.7627540699435755 1.835439066257074 1.993585064626699 1.4938510748875335 1.684379968386777 1.3485814702651968 1.5569896678856414 
2.012025646232495 2.1573835798710643 1.706735859439676 1.8759008511905126 1.5822196139276272 1.7633705272282651 1.8292752398415308 1.9880403951372039 1.4869256860708573 1.6783934894705979 1.3421697391527236 1.551604433577479 
2.0021672288915453 2.1471224895304064 1.6960780881926543 1.8649778159128996 1.5717695982704494 1.7526896595368073 1.808992927251859 1.9682268119927768 1.4630320159337762 1.6558756149684821 1.316906021114358 1.5283006383062363 
1.9911985868501416 2.1359570525349993 1.6832053591508078 1.8521935641487368 1.5579667101302261 1.7391667510259046 1.7800900493722223 1.940660017075119 1.4272452671751972 1.6231049783282658 1.277148793787944 1.4928327968911992 
1.9792665073778442 2.122412080211496 1.6689851140221983 1.836477182495794 1.5420289213979386 1.7219147265261685 1.7566033507390593 1.9164530943458258 1.3977377205426238 1.5939911751410953 1.2433875578546256 1.4605306398797973 
1.970012644531664 2.1129426127404978 1.6574971716460454 1.8250680916433337 1.5295147754809821 1.7096760258992463 1.7404185660968572 1.9006928869058886 1.3767366631330191 1.574477851458902 1.2196402805805653 1.439131362709687 
1.9575399090841263 2.1022226415527663 1.6414841533371833 1.8115870844806468 1.5103987670999635 1.6937183870576271 1.7263867537887012 1.8888591166778663 1.35754151084123 1.558940823975397 1.1957228623962535 1.4202572663630662 
1.9441893172855904 2.090225615680616 1.625745740959333 1.797837655976593 1.4925371174772875 1.678343847382714 1.7191462902404233 1.8827201040641728 1.3485700130313627 1.551712635460384 1.1845922981546901 1.4115346031349747 
1.9332393033079895 2.079827783066367 1.6065043553799534 1.7802038218178164 1.4672982668342385 1.6556671184796659 1.7204510066417935 1.8836722298783193 1.3429049505660333 1.5465002779226262 1.1728178316579092 1.4013461633781854 
1.9186619610075273 2.06708580146477 1.593562766952482 1.769469491745266 1.4537218935605427 1.644654168455256 1.715531805772557 1.8800610007702543 1.342098337759663 1.5468703689117747 1.1726435945406646 1.4023811856329398 
1.9046149385568727 2.054609687744609 1.5763149190989723 1.7546029832910919 1.4334564465563646 1.6274705186190008 1.7107283820566022 1.8762874252027593 1.3355906023830806 1.5419679510203836 1.1635424002476231 1.3955980158964114 
1.8967660480829576 2.047452244971843 1.5661988115051806 1.745656888234409 1.4216377854996116 1.617217748925679 1.7076042997018483 1.8735665717129564 1.3308530047906268 1.538021122949955 1.1572575324275232 1.390533800610485 
1.8879869796259612 2.03975573449302 1.5558560031176278 1.7368927783824653 1.4100591794804782 1.607599300446837 1.7027801290939357 1.8696440274012485 1.3250106547636362 1.5335455182019084 1.1503183135276773 1.3854027730581313 
1.893792911577739 2.046017980449363 1.5616635560651628 1.7431382752731035 1.4161165392516573 1.6140396640485914 1.702904379271511 1.8707274813082984 1.32371628204162 1.5336110262129996 1.1483979213417663 1.385119406449166 
1.8866364594645677 2.0390853619162193 1.5532224383458408 1.7352152390931217 1.4070729461477822 1.6057167430094885 1.6973934390650272 1.8653730109500888 1.3169082351405508 1.5273242232024606 1.1408775712498689 1.3784315781282 
1.8814463492377347 2.0349000179517422 1.5472408723466426 1.7305871937177855 1.4008282510929024 1.6010301393352968 1.6941926434322632 1.863133497916883 1.313165132441461 1.5249197956154938 1.136999620518846 1.376134388444675 
1.8681811999950353 2.0245199598509496 1.5318110820903763 1.7190186918806 1.3845724634033747 1.5892202422052424 1.6881260874753667 1.8596638833495933 1.306182943700801 1.5214118292674372 1.1299157480161475 1.3730585091083665 
1.8558935170079236 2.0144501214356336 1.5176978890648956 1.7079447964591947 1.3694126545610856 1.577643674519706 1.6827148335567854 1.856124391400544 1.3002289594806138 1.517980201567873 1.1236011227620055 1.3697255302986946 
1.8379018360808093 1.9983115710842518 1.4976444747232938 1.6906522258374754 1.3483137862787022 1.5599089852710029 1.6741838969089415 1.8488530760255695 1.2914904313502327 1.5110637016119506 1.1148805442150338 1.3632038013185006 
1.8148369491157628 1.976851364664478 1.470152988051179 1.666030604273466 1.3187197369706005 1.534056684342469 1.664181699177049 1.839513222017121 1.2795379573407777 1.5005084306247032 1.1022201779480405 1.35247827589792 
1.8018339725628465 1.965536850273128 1.45471995843929 1.653160489057735 1.3016684409947141 1.5202204364438763 1.6595667674069667 1.835998720201517 1.2742709085126325 1.49682857848907 1.0963105951698222 1.3485645576618162 
1.7872389019383614 1.9535354643215055 1.4376421369039794 1.6397843856927776 1.2831622091543375 1.506181653308073 1.6538745695492871 1.8323152047510383 1.2680272524681162 1.4933087526569446 1.0897630266263578 1.3452365487013203 
1.768209308849891 1.937244888093245 1.415401850466294 1.6216399091177454 1.258732599364698 1.4868629234880428 1.6483491489679636 1.8284989782451095 1.2624789722222742 1.4900358223356276 1.0839273562851939 1.3421073393150824 
1.7573950113842507 1.9294789161683656 1.400576055071002 1.6112308797742956 1.241153232295775 1.4747586270092643 1.6450284160579873 1.8277226681141345 1.2566998645811378 1.4878663285182074 1.0761703441547952 1.3388779897878111 
1.7376850640864125 1.914305374894246 1.3743803934679073 1.5918345241729743 1.209944440852141 1.452233189384198 1.6398531552395172 1.825961132431082 1.2483951516843537 1.484421146827611 1.0646757904399817 1.3336229696390955 
1.7210048541691099 1.9002980680497572 1.3551407603912002 1.5766044271895345 1.1884262420838914 1.4358384213530575 1.6303726617168357 1.818623120779465 1.238007992087951 1.4771387300567407 1.052907517721115 1.3258541700479884 
1.7305640831949127 1.9102093688243311 1.3626040635651466 1.584530725717949 1.1933983501095726 1.4416127804456542 1.636038202807089 1.8250119966028306 1.2403462375660474 1.4807115099654795 1.0516504062873033 1.3266560834459888 
1.7458283239696966 1.923037301607756 1.3740639733195978 1.5931753605221366 1.2004187056085223 1.4460847123785106 1.6476782280454034 1.8343934882611308 1.2469878945582593 1.4849696076939891 1.0525835240848302 1.3259291088798224 
1.749448607628232 1.9256410818665977 1.3797070293117883 1.5972209090080056 1.2051076892677932 1.4490713192152966 1.6477981574004628 1.8337834967553721 1.2483027771868331 1.4851878564586907 1.0521182821015707 1.324566353555895 
1.7523179484682452 1.926007103186268 1.3841788397905668 1.598385507167767 1.2088279648171447 1.449189503661947 1.649399375143558 1.8328675532410845 1.251339748718932 1.4848354574578155 1.054118188214187 1.3228946759753628 
1.7547870445633027 1.9255481775606684 1.3867092095198656 1.5973167012547043 1.2104582982355114 1.4469511063291705 1.6493538546252622 1.8299798769678346 1.2506210448282127 1.480713074875484 1.0518078996505065 1.3171021486988814 
1.7632208104995697 1.9274598935642628 1.3897971672797294 1.5930129255278376 1.2088105830851912 1.4378376266111415 1.6583959156301487 1.832056502321574 1.2541393672868897 1.4761502522774435 1.0500249578837448 1.3071749794494845 
1.7525538694970264 1.912481587542479 1.381561742192147 1.5795105585873745 1.201891271908154 1.4250204864102831 1.6486181743172068 1.8177135753162543 1.247080457183497 1.4633353764223018 1.0445283379061576 1.2950599236672409 
1.7488314293161589 1.9022414925986657 1.3749143456099364 1.5654075462204722 1.1926226005589529 1.4079985778984292 1.6476024421455557 1.8096146372540203 1.243612438408365 1.4514417745689971 1.0385235223932099 1.2800946974985872 
1.743179037993447 1.8899471177945057 1.3671410334342833 1.549935984116686 1.1835868080118839 1.3907209215582255 1.6448392179479914 1.7996452435021075 1.239313317809407 1.4384451498961508 1.0332960013954182 1.2652776675733117 
1.735867673045166 1.8806749415258448 1.3580426981222793 1.5388247552217376 1.1733392695734852 1.3785596464728107 1.6428711752061511 1.7951956315909527 1.2369596153162157 1.4330983034262657 1.0307832757293067 1.259450602002016 
1.7300497959589605 1.8718247126100351 1.3498182338735982 1.5273063617813027 1.164127721728866 1.3659607647138479 1.6417933200307644 1.7905699550527592 1.2346749668222967 1.4265615065385857 1.028399903586946 1.2523026071751349 
1.7239617982659157 1.8625348770372732 1.3411656614603022 1.5151624394038583 1.154959939166831 1.3531165313380258 1.6406584038367797 1.7857076704713597 1.2322503997484642 1.419659442958152 1.0264736612696157 1.245246988986623 
1.7099013936120293 1.8490310811223158 1.3224102494598111 1.4979726402562763 1.1342808117377108 1.3348206332524082 1.6298345372081058 1.7752503434040958 1.2171140910680314 1.405887575077168 1.0095498019792584 1.230586837958362 
1.7029782612828739 1.838596242594344 1.3118483630366888 1.483660106790649 1.1226388630374595 1.3193252827419173 1.6279609885381283 1.7693383410422214 1.2128759826965163 1.3969142186555479 1.0052064656586925 1.2209591407913862 
1.699274547685641 1.8299347496815945 1.3064207225898707 1.4723662262128399 1.1175057496103722 1.3076491502280878 1.629376887405808 1.7652184683183665 1.2141129095814112 1.3911137109856404 1.0080447178633694 1.215434635384495 
1.6949949587778161 1.8224628431828755 1.3013548219767774 1.4635187997365153 1.1134686143229229 1.2992979872154848 1.6298499714643095 1.7620368424020567 1.215289015782752 1.3875483041617724 1.0115410887760368 1.2130862618883334 
1.6928933548423093 1.8158666624147406 1.2985171858967635 1.4552081318042616 1.1113378303959824 1.2909514313363029 1.6323533162490433 1.7595627791781825 1.2185386002376983 1.3843121559349427 1.016740483835108 1.2104730630085285 
1.6932209986251088 1.812382511708003 1.2992496616836235 1.4511315246885823 1.1132013728813894 1.2872258213479908 1.6367390672263584 1.759729465783025 1.2247314429641343 1.3848105018178516 1.0252486140371075 1.2119685388429065 
1.689804794693828 1.8071197458304333 1.2952895019146298 1.4449970329970403 1.1098088228925962 1.2813731521185583 1.6371422447576907 1.7579750456619827 1.225793367240274 1.3830440740519625 1.0278473178299634 1.2110787094034186 
1.6838782857733512 1.8005619602499106 1.2897982937261936 1.43880399287012 1.1053635038750829 1.2760900309535375 1.6313765945050824 1.7515612705523609 1.2204602206950461 1.3769896302075046 1.023607340487064 1.2059640454420688 
1.6745794169184811 1.792531621870878 1.277585655354286 1.4286981831748229 1.0916959604061196 1.2652088609423504 1.623894453333418 1.7452755047289927 1.210389226144648 1.3689395423491282 1.0122336894052875 1.1973180169892375 
1.6617084668724325 1.782406903749963 1.261730231101534 1.4169200816332337 1.0743451043661576 1.2529631857862105 1.6154692220514542 1.739379242447009 1.2001787177731198 1.3623979948075122 1.0013406921700176 1.1909586573242288 
1.6525100918011153 1.773614963238789 1.250647544556231 1.4067834641566306 1.0618682770968018 1.24196806409204 1.6095918758196222 1.7336973325885146 1.1933631818958261 1.3561106585469085 0.993760857100203 1.184263938243722 
1.6436929764303216 1.7651108555573416 1.2396132380570846 1.3966140166869192 1.0489143335689384 1.230492182342647 1.604170098626193 1.7283666963252822 1.1867080873266054 1.3498762225353738 0.9858277657513862 1.1771771809572127 
1.637098840283561 1.7581454122676485 1.2309091638531984 1.3878472709479885 1.0386761027662956 1.220586221566416 1.5993942182019352 1.7230915654827457 1.1802993781315738 1.343163913987336 0.9781703833268415 1.1695298100680374 
1.6328409642148405 1.7578942060368847 1.2251820699055507 1.3874773978764663 1.0311113394866966 1.2195134356037451 1.5975453312685841 1.7251589812704362 1.1777319624846945 1.3457618662519941 0.9742546204448044 1.1718338152903975 
1.626745192939681 1.7528915901995652 1.2180621006961672 1.3820290465081986 1.022436853576963 1.2131389548573404 1.5943141154591713 1.7228367604019716 1.1743989344138386 1.3437045290510707 0.9700075749974121 1.169291965161978 
1.6214240035877383 1.7480071478716814 1.2121648756709997 1.3769011857829487 1.01543699568732 1.2073216149023798 1.5907350829319413 1.7195788128697358 1.1707971602589793 1.3406264133122583 0.9656783092057571 1.165782049300164 
1.61516549328349 1.7401551031772138 1.2037054335233766 1.3668529486062866 1.00451678467495 1.1951711940612104 1.5873766248227608 1.7143934091840471 1.166152541065576 1.3339010313564121 0.9591970334783673 1.1573414195706035 
1.609082558027033 1.7324857065981294 1.1956939833196536 1.3572192699659182 0.9943753038701333 1.183698563810407 1.58376187773504 1.7089943623039896 1.1613953282869791 1.3271017871990152 0.9528574141847351 1.149041903842858 
1.6055599348502096 1.72937171215335 1.1911021563225421 1.3533765777477493 0.9883060604874432 1.178835308088543 1.582193825451297 1.7077005345482004 1.1594131893747845 1.325572615172858 0.9498755003137042 1.1468074295609574 
1.6033882395778791 1.7264090693623715 1.1883064638453542 1.3497061457875377 0.9843663633102514 1.1741429066245088 1.5808900704972026 1.7055344742797345 1.1577701931716198 1.3229006947449418 0.9472785785589422 1.143228381976519 
1.5997169111052432 1.7206825474549625 1.1834679536329236 1.3424792850230873 0.9779315512223234 1.1653344379688175 1.5789385665997584 1.7013821529968216 1.1552269035544922 1.3176507246368818 0.9435586469828465 1.1366429315031612 
1.5986552116593153 1.7185067156591183 1.182144639951258 1.339788339912499 0.9757312200424304 1.1617307174063574 1.579787047872431 1.7009685366359633 1.1565010076197468 1.31721730425374 0.9444998912787073 1.1356262107865818 
1.591099436436997 1.7132074371978803 1.1726154023507154 1.333607583987932 0.9635411911434455 1.1540770915628338 1.5746829231340924 1.6979719122088355 1.150241615318334 1.3139779601843136 0.9361840197365738 1.131336742552866 
1.5863109823959645 1.7113401749593942 1.1640862669364542 1.3294357819880018 0.9506663036365862 1.1472005415052984 1.5703516158204984 1.6965573550192903 1.1422427506051638 1.3103515417131582 0.9237900656047617 1.1250292204516512 
1.58262625313658 1.7103197492390512 1.1580800391670387 1.3272668023563048 0.9413389278666477 1.1430690113187085 1.5673596894641417 1.6962028722051883 1.137127924271113 1.3090254786203095 0.9154395207533538 1.121836576189745 
1.579537308648276 1.7084155740954363 1.153145992063381 1.3241946017907789 0.9336228192433172 1.13815518845711 1.5659415951470983 1.6958533969101925 1.1344516953188617 1.3079473664531915 0.9104320615025812 1.119210526671296 
1.5793002198212158 1.7111095231829376 1.1518640492381642 1.3268373690574664 0.9308548283848238 1.140261955660777 1.5683359044819896 1.7009950397597695 1.136784549898238 1.313767760636308 0.9121288486213666 1.1250269563380868 
1.576538596646552 1.7128072687831168 1.1476253180878677 1.3286378979979008 0.9242758217741498 1.1412802407806244 1.5685896768359404 1.705493584730321 1.1366809131309805 1.3191960777520073 0.9106510979932324 1.1302743983459416 
1.5723144700622234 1.7130215517987653 1.1415995625292827 1.3287285672126756 0.9157365612265626 1.1405452615863387 1.5682494134948848 1.709291159249076 1.1359942743372653 1.3239157962223465 0.9087391703492537 1.1349347663575426 
1.5634843890060688 1.7091454517347786 1.1281957111537342 1.3226943347522435 0.8982425566992915 1.1329317857601489 1.5603132683489174 1.7062450691227449 1.1237969671545123 1.3189444127428873 0.8927114603194473 1.1285515016629415 
1.5551491228060927 1.7050047270563682 1.1163820955947652 1.317141339600485 0.8822563644228133 1.1255792365198285 1.554655472754192 1.7045544767136545 1.1156943255948555 1.3165584503866739 0.8813859185195551 1.124897089730683 
1.5637035238740689 1.712528947386344 1.1282633640139965 1.3268628051295204 0.8972373412738571 1.1369351483863008 1.5649848017013392 1.713698956822983 1.1300384672904633 1.3283725466209317 0.8994684905855123 1.1386967333825893 
1.5757405771458066 1.7266390623589516 1.1452629368244656 1.3453442978151724 0.9197651996372768 1.1594361162495326 1.5784706285084305 1.7291308829188725 1.1490162544819806 1.3485408552445861 0.9244345196193182 1.1631436997481437 
1.5694080268322894 1.7347299803097944 1.1356975288718472 1.355011227623454 0.9091377670549278 1.1716561054275354 1.5732494036692404 1.7382060395838062 1.141000003744794 1.3594585534122103 0.915753029449327 1.176796567315532 
1.560245528248474 1.7398368667261193 1.1232448568408224 1.3617434497067942 0.8954383889578109 1.180879385381657 1.5650101778644634 1.7441109687228504 1.1298538652495551 1.367200047988355 0.9037149201044319 1.187167583460465 
1.5529287767213922 1.7452776272585975 1.1132250990565205 1.368822973144957 0.8846688288672772 1.1903970545197933 1.5589229320942712 1.7506132979185893 1.121571684650339 1.3756195892940024 0.8951490710543131 1.1982061884539739 
1.5445390571313664 1.7485042884717927 1.102528752914975 1.3737670831710336 0.8733048053252941 1.197634180709723 1.553754029634115 1.7566496327965488 1.1154014239744585 1.3841194617533017 0.889500966050206 1.2094950667134816 
1.5389985230998924 1.7529367144719314 1.0944495086131887 1.3791629337187286 0.8651957695826129 1.205335799909573 1.5539460325389844 1.7660744443209777 1.115370586327096 1.395823131948905 0.8915130608373889 1.2243635932531032 
1.535065283357128 1.757047068973481 1.0882658183404916 1.3838755253953658 0.8590640712824045 1.2119323648571731 1.5549605094240497 1.7744551739303815 1.1161537766223346 1.4059118861039266 0.89412965517776 1.2370354961310932 
1.5318139327009987 1.7604438568999865 1.0845830371238987 1.3888948892183672 0.8563905676832856 1.219062530511417 1.5557496686411025 1.781310102244104 1.1181339237662455 1.415249843793279 0.8985031505102807 1.2490062291105277 
1.5320293655770505 1.7650140099020233 1.0830863490001248 1.393282640942038 0.8539047849675162 1.2236477679260565 1.5582649629348726 1.7878339332472746 1.1198891717980042 1.4220802492371591 0.900127268507304 1.256339754075473 
1.531748160607415 1.769184913298833 1.0827986695245795 1.3986478429698448 0.8545288584501988 1.230439921265642 1.5608070093654114 1.794402783770745 1.12352972888313 1.430413185623021 0.9055858119936507 1.2664314007494444 
1.532217761889089 1.7719230444374299 1.083074290826077 1.4018095180902468 0.8543855388806683 1.2336914746436443 1.5638074445239125 1.7993092366540027 1.1273208829558732 1.4362703014086207 0.9098225666295653 1.2727125002562087 
1.5329575862687135 1.7746323703175257 1.0836892285608453 1.404899794497387 0.8554671512681243 1.2374106575340298 1.5681719304396442 1.805138302706693 1.132954803255099 1.4432420707209168 0.9170759450660562 1.28077686483587 
1.5367761194023448 1.7794905623085868 1.0887449820620667 1.4107698097653387 0.8614341244490666 1.2437743247652808 1.5778858844052475 1.8151114798781176 1.1460404264271526 1.4554430525394424 0.9327978204334153 1.2942247076861615 
1.5412353288582377 1.7848398891667454 1.0935560849452393 1.4163728329648093 0.8664845543463309 1.2494168935790646 1.5879087037108774 1.825294809711779 1.158409523148338 1.467024101492801 0.9470180543795138 1.3065566525645798 
1.5457312778480226 1.7902074805333823 1.0982621829589145 1.4218781461706484 0.8712069683592297 1.2548144172576596 1.597146291770945 1.8347844334846752 1.1695173861545112 1.4776090675674942 0.9594752084956025 1.3176305687701997 
1.548608356294257 1.7934166169700783 1.1021134629358267 1.4257662522392651 0.8749813307633483 1.2584703612022015 1.602765436482956 1.840383754879509 1.1769975736527243 1.4844118731755012 0.9676060832717 1.3245440170958456 
1.5507318640658836 1.7959737249996865 1.1048320226302504 1.42877783608553 0.8780719117642074 1.2616507396618328 1.6045645185374287 1.8426555838813856 1.1791996345611926 1.4870319716836118 0.9699836401451573 1.3272605504607036 
1.5548175604165428 1.800225952045923 1.110862035258947 1.4343536152635619 0.8852059628016803 1.2676535129204864 1.6077247466216504 1.846113402025902 1.1837802482300714 1.4915399787936123 0.975146558882125 1.3320160072385203 
1.5563441670037514 1.8009837854924182 1.1132267191217609 1.43548220386273 0.8884585584970184 1.2691312144954123 1.6048532101119406 1.8430651793809683 1.1800933810536351 1.487936765271495 0.9709301056237776 1.3281719389621962 
1.5615584309343182 1.8160608925754802 1.1212879667694868 1.45495674737844 0.8987072691494432 1.2912347532273323 1.6023053927831767 1.8512144673327426 1.177371879629393 1.4986050097547552 0.9677771407416326 1.3402257371286561 
1.563817292394687 1.8178076862893526 1.1251539667052906 1.4576939696426852 0.903622517200988 1.2943855352763525 1.5997475020241945 1.8488083542034988 1.1745803484788302 1.4961748745960979 0.9644693877115281 1.3375729737747581 
1.5648862695936372 1.8132861939480733 1.1271857323275034 1.452475631314581 0.9060310334434963 1.2884215218486108 1.6017348407532035 1.845180827041808 1.1778086170862778 1.4921028526488014 0.9682859582182787 1.3329349126205263 
1.56568701608476 1.8052529441649996 1.129304380730191 1.443222347532216 0.908323982033063 1.277738164263868 1.603607567360668 1.8382381755845458 1.1813169693593673 1.4842749550458634 0.9722313788889967 1.3239321033105889 
1.5668298203067268 1.7963980946333722 1.130891835589244 1.4321336433456235 0.9110954954352535 1.2657746364983025 1.6055286881530362 1.8302493811178873 1.1839269514976039 1.4743722240609425 0.9761463437837637 1.3133743232918822 
1.5709390991154846 1.7940843782190874 1.1359324844064325 1.4287168061480096 0.9165443606993444 1.2613257581488493 1.6106702996547027 1.8289745534669883 1.1902738215174564 1.4722910287133346 0.9830883613336951 1.310477710313979 
1.570790396443055 1.7867495452126831 1.137872154135837 1.421212337026994 0.9208122114512437 1.2541876241287546 1.6125637880275403 1.8235825833281394 1.1948776255574165 1.4672504925259797 0.9903911498280515 1.3061263711516318 
1.5717376241519638 1.7791919972770955 1.1391521729667464 1.4116772567321683 0.9231436438468609 1.243928933329738 1.6157862550829118 1.8182217208346347 1.1991971214587116 1.460561104546763 0.9962932550784733 1.2991401980213144 
1.570604156515861 1.7689232498853362 1.1401178453409542 1.4007714834279357 0.9258868538136287 1.2327037412066615 1.6164580169138016 1.8097592569081944 1.2025006466713022 1.4519985718880373 1.0017013377473847 1.290619083062427 
1.570133439601122 1.7588319920429154 1.1398774871685335 1.3883413282884185 0.9260933178431049 1.2189420787853908 1.6174114245712654 1.80116370005995 1.204168337041649 1.4415936813171906 1.0041660876237803 1.279265605577532 
1.5654095688605776 1.7436260479759584 1.139776892501449 1.3743420395157313 0.9299454237105852 1.206036138753835 1.614658683487089 1.7879729698908369 1.2065267964534645 1.4301858576633526 1.010650303992563 1.2693063908529965 
1.5663185171854286 1.731746908667072 1.1426618241973254 1.3606137228758057 0.9339432058096252 1.1907323671077223 1.6136869190019356 1.7747053645487074 1.20677579514919 1.4148856767095919 1.01137613525234 1.2523878573980027 
1.5685407932705002 1.7310272123088215 1.149416791835603 1.3628257228837624 0.9444326246766626 1.1950263478909784 1.6187797510698143 1.7766774811635482 1.217081190255461 1.4203596774316178 1.0257098248889156 1.260244275715486 
1.5744906240070946 1.7327966051346737 1.1594868528302724 1.3667381283794822 0.9575474498353854 1.2001918464838235 1.6278778844944881 1.781445973501933 1.231005866609193 1.427914140733346 1.0430066157154756 1.2694196115178975 
1.5812966524125953 1.736598741785586 1.1707091345553258 1.373257428442053 0.9720430919106826 1.2083641254072714 1.6392180772585692 1.7895004866865167 1.2478368000709388 1.4395738142420067 1.0636750323342556 1.283230556623119 
1.5897235199139659 1.7428959865429865 1.1817714695183879 1.3809595780860677 0.9849841940699606 1.2168234928319104 1.6505615877293551 1.7985602867370474 1.26242484579782 1.4505798983260627 1.0804288721094277 1.2952961429061889 
1.592213154502173 1.7486897814563223 1.1845011107507497 1.3877377647703328 0.9882383484614226 1.2244951023870043 1.6561090226219286 1.8070612378139708 1.2690930804356944 1.4606061992233772 1.088195478216005 1.3065001420626634 
1.5899368033012666 1.750606407263452 1.1824624090819336 1.3910216042721444 0.9862975105371857 1.2286197678500252 1.6563205413240067 1.8111105682072122 1.2703212373300896 1.466437792977203 1.090083242881868 1.313394545089879 
1.5874576115743058 1.7521584229815519 1.1815517632948631 1.3950276126389756 0.987386018811893 1.2348961984009827 1.6573998060290702 1.8157674927438257 1.273976851369443 1.474128382640128 1.0963045191119116 1.3236015523204856 
1.579631821783244 1.7505679121445847 1.1773966549936559 1.3983970129509897 0.986416318797621 1.2418810235406008 1.65246978065266 1.8165648071594502 1.2734530092509304 1.480180357054589 1.0992892419969595 1.333299726321974 
1.5802382417094265 1.7540624818862354 1.178771012097303 1.403240317536843 0.9894410631062872 1.2484293761206118 1.6544512721446043 1.82120600199453 1.2765411118725867 1.4863174291183228 1.104105850315494 1.3411308729952123 
1.579159555967949 1.7580059288878664 1.1774854692967085 1.4083010946544385 0.9895353847159232 1.2553964395380808 1.6571400899455935 1.8283744749106758 1.280172021606819 1.495219163769944 1.1097516173022188 1.3521792022157753 
1.5815311267338021 1.7642018592405717 1.1812953940602198 1.4165543771235503 0.9955293020438374 1.2657985963603726 1.6608575191532506 1.8356511635514765 1.2855605011542204 1.5046040334413204 1.1172670161281455 1.3636176445939272 
1.588394910192377 1.7756195325533706 1.1852796449467315 1.426434075022414 0.9997976208838717 1.2764880008778188 1.6820841034160718 1.859901412609026 1.3081652712731102 1.5300727795190168 1.1428052427973239 1.3913411359638046 
1.5849710281290477 1.7682903355807977 1.1817184862768502 1.418159416888119 0.9989528925872581 1.2698915042272114 1.683726359052578 1.8573238821133082 1.3112055037134531 1.5277360452213105 1.1492206810567107 1.391195789480564 
1.571981752531886 1.742157344384605 1.1678981756528348 1.3885142170655724 0.9868984482170493 1.240142785889278 1.6587087327717362 1.8207965955793137 1.2822535547126472 1.4859878064349046 1.1198913237333432 1.348385018929393 
1.561980798517962 1.7188134204266643 1.1553775438958513 1.3599385384048832 0.9769017365829635 1.2119705286180888 1.6511414536431486 1.8002232248359673 1.2733347375842732 1.4614776471909552 1.1139214909224122 1.324898730937127 
1.5531547266699477 1.6991315589256766 1.1441456911500387 1.335600169263691 0.9667031810112139 1.1871282532806637 1.644748282217434 1.7832429339316613 1.2656921701018773 1.4410881718400161 1.1078909454712587 1.30467651033396 
1.5437321791502079 1.6780407720803001 1.1337845296809488 1.3107933290812286 0.9580923538698397 1.1621758689474884 1.6374509819423144 1.7646409011705044 1.258413301369566 1.4199703619737456 1.10275910146498 1.2840519567696043 
1.5376340927926806 1.6568553204062113 1.1237776296573847 1.2820792137611348 0.947291316606655 1.1305802881522256 1.6328679973954936 1.7455969885280993 1.2509258389362536 1.39487146503123 1.0951256238981764 1.257040604578217 
1.5346220197855136 1.6458654505428352 1.118860641729152 1.2671454033734921 0.9412848705947472 1.113474537333733 1.6314686044452615 1.736518973397806 1.2483886411252587 1.3828530424345786 1.092081622998286 1.24356367306647 
1.5393255332521447 1.6525267057817854 1.1214194867764693 1.272361222814496 0.9420202934767381 1.1174630415910853 1.6368494308157975 1.7437309067519562 1.2519323572629633 1.3887606140591688 1.0941458747178092 1.248389607118707 
1.5384015673059943 1.6531718185746878 1.118397762108607 1.2716568852208288 0.9363277878443745 1.114902419824058 1.6371278035295658 1.7454183236489584 1.250728434589036 1.3894672707658644 1.0909710303621907 1.2476038908762428 
1.5364131223115156 1.6504189002586644 1.114349602418837 1.2669223734432271 0.9299176256050963 1.1081805152280109 1.6365129666003322 1.743987372021661 1.2487531556921168 1.386615198160982 1.0873620362377105 1.243251166004287 
1.5317496057299536 1.6458675892591934 1.1080159828512712 1.2610799677157152 0.9208602835685057 1.100275842038654 1.633169098717542 1.7406506173629068 1.2444612764589618 1.3825003201901505 1.08118828712018 1.2375747973055484 
1.5320190192961491 1.6474990339557516 1.1058157319757822 1.260951713780165 0.9159015835149183 1.0982014851952873 1.6344784175966152 1.7431840089299622 1.2438914161570274 1.3836316874765247 1.0785699480280058 1.23712728697945 
1.517469999876047 1.6355098426251706 1.082894555958155 1.2429150671400722 0.8839953156684768 1.0740693473532377 1.6058944699212991 1.71786911414223 1.2036787226348276 1.349451633858661 1.028411185335812 1.1957452951710954 
1.5345358695060451 1.657212995001148 1.104315972356044 1.2692786702693288 0.9080354171510464 1.1027614859073902 1.632067980372348 1.7479131753484425 1.2362683060552329 1.3856095772463017 1.0646003365379304 1.2348799344700176 
1.542285017771761 1.6703282455383557 1.112361927271534 1.2840180797182108 0.9137268292237246 1.1163557185069828 1.6433493054062613 1.764072082251528 1.248720513477392 1.403800659844282 1.0755698870734722 1.25227950305802 
1.5380646033529415 1.6709396511505856 1.1069602056475385 1.2852071780795655 0.9060939188004964 1.1168718742036798 1.6391959714443056 1.7644715997995664 1.2436565464786653 1.4046630198375838 1.0687969397407726 1.2524869229254414 
1.5368141419257548 1.6753483942102891 1.102857869366218 1.2889103984307808 0.8981761370816942 1.1188006562310349 1.640105398094584 1.7705762485753032 1.2427564081745843 1.4104743972220815 1.0653020150450268 1.2569259796897325 
1.5425028350543932 1.685849709490986 1.1079650838139443 1.3001387902031234 0.9009913305636412 1.128963960713911 1.6490664547471823 1.783870628440426 1.2520749989407347 1.4249442269129136 1.073261642737893 1.2706946134348887 
1.5408980090923792 1.6910608132781204 1.1072516891948545 1.3081767093955077 0.8995621223822501 1.1377750268857454 1.6494230346241856 1.7905072875944565 1.2538883426959748 1.4344183405578925 1.0749147337109386 1.280922200810361 
1.5384622856447394 1.694943396586221 1.106054605320748 1.315037529210188 0.8975627529879098 1.145244868502468 1.649379853203996 1.7962240432182273 1.2557645025064357 1.4432295032444549 1.0766645677067839 1.2904160199855066 
1.5363971343990162 1.6989428192348055 1.1043995078727211 1.3212073347622275 0.8954123471281311 1.1522386123670343 1.6495165252805166 1.8018865989882684 1.257015069747976 1.4511986197669529 1.0780314856132491 1.2992468712348353 
1.5351407850664187 1.7015494800605537 1.1026521451365978 1.3245584759814648 0.8932576091891639 1.1560806890067583 1.6508543946448884 1.806635999707285 1.2587711291248862 1.457092364484263 1.0800797001695481 1.3058275390871266 
1.5323441292957403 1.7044010309158817 1.1007567081726644 1.3298758115655462 0.8917691016104562 1.1628226322991482 1.6514332120273953 1.8122185291479391 1.2612765175753968 1.4655111044912352 1.0836997987390788 1.3157923838459926 
1.536089531748114 1.7104094601369988 1.1059938071915865 1.337591781271902 0.8966584821135303 1.1704383389679867 1.6568060670296145 1.8195977070567384 1.268328662352996 1.474648116509881 1.0906107131997833 1.3249004489115928 
1.5436822831137562 1.7213805841182535 1.1151378142630173 1.3504549118646278 0.9054259651673902 1.1832127038615246 1.6644458723849507 1.8304579171014284 1.2770894313630898 1.4869948015643162 1.0987362055103582 1.3369432947882645 
1.548485204476691 1.7282546457635286 1.1204984325215364 1.358151106984499 0.9080820260765102 1.1889788300063293 1.671082576697878 1.8389058350723726 1.2846117261426582 1.4964240639147781 1.1042298292218065 1.3447606507714374 
1.5515640064702227 1.7349286176652714 1.1244921252609685 1.3664219633751244 0.9119043224888945 1.1975791980465966 1.676945500800169 1.847910348170043 1.2920053739261033 1.507283758445612 1.1119194394621985 1.3560941272912914 
1.5552101642497196 1.737185271301147 1.127668654430742 1.367761165564237 0.9127544102252478 1.1967684091860213 1.6827360797777053 1.8522242645062286 1.2979054870774065 1.5111891560045156 1.116262815194361 1.35837280759946 
1.497512036192545 1.672749713101617 1.0476295636061166 1.285720423218649 0.8112860818117996 1.1016961517049706 1.6108608424775686 1.7749428041397677 1.2041005181576585 1.4161240630564618 1.0052439812441265 1.2514250940298193 
1.4959181098274097 1.6676657974275333 1.0451844272230666 1.2789639195495741 0.8070298027394093 1.0929937433991148 1.6105414837344643 1.7712092172946734 1.2035295453081365 1.4113190946875231 1.0036782263402997 1.2452743483383932 
1.4904822362151553 1.656768874403708 1.0380019135208423 1.2652247939370023 0.795826468819007 1.0754931776598724 1.6065705988573704 1.7619349862673508 1.1987409082503733 1.4001162708264374 0.9964294059856573 1.2313477850846728 
1.4901987659523175 1.6529697124163558 1.0369035066223908 1.25967670065212 0.7925953583297155 1.0676253603983985 1.608911496461446 1.7607420911552634 1.2012796191752402 1.3981020104290711 0.9980537277350403 1.2278956598855661 
1.4902127835726344 1.6496603685738769 1.036147082379379 1.2546895901549913 0.7905880168098299 1.0609781353276324 1.6120871306053217 1.7605312005140095 1.2048616321649968 1.3972604424312955 1.0015588792793462 1.2262811178450477 
1.4890880425552178 1.6467784984997011 1.0343400423849645 1.2507419989433994 0.7870703704758109 1.0554506112182276 1.614233181637935 1.760751257089124 1.2075698280020621 1.397397979868631 1.0039150035241677 1.2257004360531698 
1.514126098657985 1.66580634610907 1.0624583731315078 1.269311126059033 0.8189809195807006 1.0738075650400543 1.7129601242402726 1.8483953384861287 1.3305909736794588 1.5009348018275979 1.1455934231817368 1.3396705682134136 
1.5113067313625022 1.6578467125345484 1.05818400491673 1.2586346071285384 0.81309946517115 1.0609139579916977 1.7130976057661191 1.8436678369168373 1.3305670816917161 1.4949302474970563 1.145332314606381 1.3327392081279856 
1.5084135615663399 1.6507592026753175 1.0540067005087064 1.2492496136550333 0.80671921801656 1.0490425964741614 1.7113766344429417 1.8380708521211173 1.3283179728202317 1.4879929802983782 1.142057095296575 1.324382452850101 
1.4812550010761314 1.6245139934309738 1.020958120694992 1.2195428737248437 0.767565365433492 1.016900155793601 1.6174355719759135 1.7495791397170493 1.2100979032677688 1.3817620171842366 1.005553599512751 1.206676169538891 
1.4788086644801652 1.6191801861749697 1.0175543093818677 1.212553578899345 0.7641594067611875 1.0093606927662726 1.6168063477552312 1.746119175572392 1.2093818555533278 1.37748825102126 1.0055482578880093 1.2024960324681366 
1.4747056586120941 1.609281494836292 1.0122499183218197 1.1998666789366768 0.7589102020282307 0.9954771945265899 1.6155705726963865 1.739281008187731 1.208288621548068 1.3693033057151838 1.0056123460670767 1.1942723059011835 
1.4646216843295676 1.5918034073617193 1.0009096221979186 1.1792122291124612 0.7492310360685681 0.974714601762167 1.608614659142574 1.7252137638821399 1.2018088513604732 1.3539076499851752 1.0019339243724508 1.1800817761021394 
1.4574088219281232 1.5775648857634732 0.9916292983942739 1.1610336601468194 0.739502519694098 0.9547431440936981 1.60237979031 1.7123934965287388 1.1945330399758392 1.3384990392801632 0.9952107790784421 1.164094063791204 
1.4553672768038073 1.5721954566882992 0.988923285190176 1.1539817622611417 0.7391689235833241 0.9487230055349823 1.6016879912490227 1.708540039024936 1.1938508176951297 1.3337857468691625 0.996835597534182 1.160769508624055 
1.4545986941613003 1.5690336148393254 0.9879004534140878 1.149763640621741 0.7398805110663207 0.9452154749557162 1.6008731709463309 1.7055216307322991 1.1928473725736082 1.3299977359739228 0.9971763730934262 1.1577434268851454 
1.4484790338734386 1.5607149084092617 0.9791695215696462 1.138645013044421 0.731533233948349 0.9342806784531776 1.5947260109908943 1.6973186394695987 1.1848343726154005 1.319686327992728 0.990050711292573 1.1480156465357647 
1.4450986355694062 1.5547474568316744 0.9735952272502982 1.1299633863646026 0.7262680404124636 0.9254160440172625 1.5907578829113374 1.6909879449731626 1.1790200346239075 1.311113202604779 0.9847161225675956 1.1395593139650784 
1.4337830396293298 1.5442677239160054 0.9564400907159424 1.115260797091299 0.7047725658173138 0.9086987223104916 1.579797889835507 1.6807112694120665 1.1639610024088953 1.2976263767081495 0.9678491295283165 1.1250604143461453 
1.423661872427723 1.5352185122400037 0.9416795016375847 1.1031060860698803 0.6873710501646181 0.8958580880498932 1.5658788575443536 1.6679506437015486 1.1453924014521877 1.2814080172312057 0.9474399348266938 1.1080276095045691 
1.4196775800491637 1.5329415599083513 0.9347017017713458 1.0991326881201604 0.6796803596502182 0.892407298319691 1.556660535503566 1.6606075447239934 1.1319782960791474 1.2711413208586408 0.9325625892101023 1.0973141654030762 
1.41317689363781 1.525952111998214 0.9260588818816058 1.0904338439867913 0.6716542955358881 0.8846357488321451 1.543153049283126 1.6470525944582979 1.114377608134608 1.2543119105357368 0.9139868125480859 1.0802003559117215 
1.4092090034004041 1.521546494125224 0.921376815024537 1.0854349145779123 0.6681859436300348 0.8807418315174771 1.5309995855860838 1.6349903515265036 1.098646872777946 1.2394590229550793 0.8969738965347653 1.064798520652973 
1.4148640074539744 1.5369190800652845 0.9278399398542402 1.105064275537274 0.6784061234899933 0.9058228124024698 1.5322149757487429 1.645588900967894 1.0985124151818768 1.2518025504801946 0.8978181557023227 1.0799803423158776 
1.419985691503196 1.5493870129808789 0.9378442280431277 1.1241852818791973 0.6950146387478541 0.9312819658910023 1.541698406717024 1.6616481965788696 1.1135647306168646 1.2744674029545873 0.9184334277854929 1.1080436422785025 
1.4274354616246756 1.5614211621800347 0.9500284843643638 1.141498212746586 0.7116023644590076 0.9522825072968893 1.5532432713144615 1.6772086061321203 1.130286151327906 1.2953805743810003 0.9388133935365696 1.1321813620103671 
1.4361034316247456 1.5736907397847806 0.9623732443934474 1.157701057995703 0.7281707057581829 0.9717726353856492 1.562509243954854 1.6898356771012883 1.1424553963478705 1.3112260715850528 0.9535589377927144 1.1503843383862498 
1.431951059291648 1.5719948190495008 0.957096466092354 1.1561650056624584 0.7214049726793351 0.970107730882747 1.5640886406167882 1.6932386573128055 1.1453921096753168 1.3162852881569682 0.9572432157536936 1.156286490891627 
1.429257845327461 1.5692936849952899 0.9530467768321219 1.1524768284725277 0.717021233458324 0.9664492384838927 1.5665668175568177 1.6952982850242302 1.1487609691620344 1.318922456252109 0.9620151010613588 1.1599041925978613 
1.4232309301771877 1.5610312390464909 0.9495937559888561 1.1458449066427023 0.717811954632286 0.9625415580010158 1.5655395314117821 1.691787892461411 1.1519791861023456 1.3184416156504704 0.9698359376786482 1.1626753608290763 
1.4264220627842692 1.5598415074223821 0.9531855267458322 1.1432358791945474 0.7220021299121836 0.9590165288866139 1.5708223252544284 1.6928994077019843 1.1581733569365724 1.3190114297449167 0.9767752822004299 1.1629770328762858 
1.4258839640888024 1.5552365980729739 0.9549758976254831 1.1391201701249947 0.7277736811987618 0.9566976157520186 1.572865127239331 1.6910116810435099 1.1630729102191302 1.3184666819550643 0.9850960158713449 1.164486993240198 
1.4223320486761557 1.5466251418787003 0.9522390787461467 1.1295043762160952 0.7265492065175697 0.9470452060442047 1.575244269950318 1.6883173229020987 1.168385773797041 1.3168698452054062 0.9930960692759336 1.1641566370601983 
1.4202800203382706 1.5378180419451706 0.9496397486268561 1.1178124378141794 0.7227469046437199 0.9327658238443765 1.5799571530177892 1.6864025614698521 1.175110599633957 1.3147524159825978 1.000715922413588 1.1615168321346352 
1.4181343352959903 1.5288589462535123 0.9478789210365425 1.1066973992647673 0.7213292625045792 0.920119877809082 1.5825499151386664 1.682488905906782 1.1797600136915134 1.3107777746435127 1.006814355234072 1.1575749783488756 
1.4160263323985514 1.5169079655396016 0.9440612365975485 1.0895553314621027 0.7164494279752706 0.8995437647593877 1.589209830087296 1.679722324051655 1.1881535794862939 1.3067471562308803 1.016738458427777 1.153098562447067 
1.411843850846306 1.5051247625444633 0.9386664370118528 1.0738678557553192 0.7105022313635101 0.8814255002123134 1.5923435115239823 1.675605965119642 1.193042111365951 1.3020933035479934 1.0232635145907074 1.1485493946472336 
1.4037699064431088 1.4887014959740232 0.9261553143157438 1.050440793246004 0.6924083926667083 0.8515230919448364 1.5873151549819255 1.6628985522620718 1.1860704520538796 1.2854669622807482 1.0141148027887643 1.1287564073418561 
1.4002247097822762 1.4782992351688677 0.921405168362355 1.0362079304371588 0.6847713565014674 0.832857251574878 1.588757951232616 1.6579780512482243 1.1884906705586122 1.279550493267405 1.0160877916818307 1.1212376158606432 
1.399642260544721 1.4720672814728057 0.9212261941036721 1.02793060290213 0.6844210866876739 0.8224450422871648 1.590814514669368 1.654894088382316 1.191784403020419 1.2760617880662113 1.019864984438007 1.117187634268629 
1.408488001693754 1.4790104603975134 0.9346025812693138 1.0378417393636008 0.7023110414305503 0.8347899675758352 1.6130279106436018 1.6749604567168934 1.2212708849863179 1.3019739112460218 1.054163833811075 1.1466886585142733 
1.41702611363152 1.4856377848162217 0.9474416264412547 1.047283274226057 0.7183273517788737 0.8456658945905587 1.6257581782152135 1.6858962823951094 1.2380518094303041 1.3160276987182489 1.0729029926482871 1.1620143943143089 
1.424786574271775 1.4910738482332455 0.9584687136391569 1.0544888400002628 0.7301227895533052 0.8522697498357548 1.634549963404331 1.6926423194299203 1.2491593475874487 1.3242671612348849 1.083889334048961 1.1696582950268426 
1.427716084919517 1.4919767826939914 0.9647359576267039 1.0575145242018729 0.7379013733134758 0.8556400748550255 1.6374693420574058 1.6937908215414066 1.2544513123186223 1.3271283268538554 1.0896931053181504 1.1726263534212054 
1.4354257737996599 1.494632840438866 0.9765764445696776 1.061688149937802 0.7529647747991618 0.8604859834525792 1.6423946140280514 1.6943849160737805 1.2612352945379988 1.3282298911778612 1.0972551518167288 1.1736477511665724 
1.4401176497056163 1.4958395201630514 0.9840887458931882 1.0639678965465207 0.7625504538019946 0.8631802938445873 1.6480396703337052 1.696947783545984 1.2690652346485694 1.3319623098577633 1.1061550997005927 1.1777844156218182 
1.4430341818217145 1.4967847180492808 0.9874259951539989 1.0644373810543601 0.765658711114727 0.8626993127306088 1.6517929541276852 1.6989516784140346 1.2732173456664284 1.3338287939559055 1.110092597626822 1.1791193398404867 
1.4445210990244104 1.4966754587173166 0.9913114097631933 1.0658773542611222 0.7700694363021362 0.8639462714351454 1.6536209842363183 1.6993700546692854 1.2769179555111165 1.33563306649195 1.1139246342130558 1.18077276133331 
1.4436844776110775 1.4928582928969412 0.990288650694922 1.0606944062599601 0.7690057688308778 0.8577708809881398 1.6540963948256369 1.697184696829184 1.2776860428818844 1.332997612882772 1.114979768863619 1.177956237196938 
1.4454360515676343 1.4967049461612107 0.9917383243433888 1.065075218312506 0.7694517195844277 0.8619143028534987 1.6544214719748511 1.6993971647685637 1.2772509274733108 1.3349944750535234 1.1134994281684354 1.1792884690453955 
1.4472343288546883 1.4999139050490464 0.9931433263207685 1.0684513028488853 0.7706274136153478 0.8655178395385508 1.6536661555632926 1.699960668368383 1.2753267103199402 1.3348081277844694 1.1108515481627057 1.1786626667539277 
1.446312921646017 1.4980641718872518 0.9930380311550197 1.0670050267417852 0.7702246395177433 0.8634935964396249 1.649214813146013 1.6947816070727926 1.2705168097668906 1.3291306029402217 1.1051400037552876 1.1720535924915025 
1.4471620753734689 1.4986720024645974 0.9907886113592778 1.064613437342985 0.7674933696125625 0.8606891256262307 1.644558822541549 1.6900631406463034 1.2617280692761201 1.3204913552807704 1.0951446118203958 1.1623602795051307 
1.4431137342426044 1.493849165626046 0.9894422547878347 1.0620753529018712 0.7650947530597985 0.8569586109268253 1.6327774618482562 1.6777873284780862 1.2499523853009897 1.308200689956107 1.0810897146488971 1.147938609334852 
1.4421948626968994 1.491902670052349 0.9873667531314432 1.0586503956024993 0.764272012041085 0.8543765348541171 1.6235575786369048 1.667868929523339 1.2372979812273714 1.2948953043660822 1.0677663122375272 1.1340072541519868 
1.4403561046009319 1.4895348333158143 0.9817894418158969 1.052615228685758 0.7570966305968941 0.8469259823982082 1.6116176951625873 1.655717339089366 1.2192605937047136 1.2769826572671887 1.0468434435774867 1.1135391807032073 
1.4355156699938911 1.4859582939968436 0.9799520969914854 1.0524604149791144 0.7577324765364158 0.84942646456183 1.6081197200451245 1.6533045232799701 1.218872391843383 1.2778954261980944 1.0485715527316244 1.1166329360618061 
1.436604951319412 1.4864630618469634 0.9841905354937375 1.0556370864248044 0.7600495734854734 0.8505374784425729 1.609488629619809 1.6541439770937263 1.2228045113081036 1.281011132252741 1.050854517464454 1.1180491335158085 
1.4426682018328296 1.4924990278789363 0.9927209681373563 1.0638405558257167 0.7632812198525325 0.8537329958596951 1.6153039979705275 1.6599604855235468 1.230207456431463 1.2882826527977351 1.0538091316076028 1.1210599865750137 
1.4439818537264415 1.4945470012988051 0.9980267172231663 1.069880588426227 0.7699907679259862 0.8610882230591996 1.6152439320088003 1.6606023320142755 1.2328774044045296 1.2917328824069048 1.0567947523957764 1.1249010151525556 
1.4501129131831942 1.5014196388620504 1.0070133346588066 1.0795875727149928 0.7826781786792385 0.8740815764908044 1.6175136495067515 1.6636657949602287 1.2359606796094484 1.2957747769271672 1.0611823956043795 1.1302838350258089 
1.460766399838523 1.5136772853872122 1.01868335143812 1.0932045645244992 0.7965506801812424 0.8898727074684333 1.6222098249046577 1.670013522525252 1.2391295378680955 1.3010851090598186 1.064057905951175 1.1356054229428458 
1.461573785291242 1.518100354090786 1.0224168499445665 1.1017109286426137 0.8028399717568688 0.9016555747571074 1.6178061933465857 1.6690499197059894 1.2354898479674248 1.3018701623704916 1.0609669974276157 1.1375771291963328 
1.4703795045604993 1.5316497793332455 1.0318984863985312 1.117474673239434 0.8144575894615875 0.9204761399034632 1.6169709193091817 1.6728807826595355 1.2318252930880986 1.304349919228571 1.0563712564679049 1.1401120079148277 
1.4738911499734368 1.5409016328338485 1.0362706605757108 1.1295484062535877 0.8200627792858424 0.9351607787273908 1.6146315980464458 1.676024438219807 1.2282251248895781 1.3078836635993354 1.052227654744932 1.1442052951765342 
1.4837052309989238 1.556277792038931 1.0455981765925044 1.1462525465156317 0.8303113881511984 0.9539582563160561 1.6207981555436106 1.6874851153457828 1.2324289007539422 1.3189011899735212 1.0559462343384582 1.1556997029131617 
1.4873143624110137 1.5642179460912984 1.054277618388098 1.1602478471749387 0.8456628764667868 0.9745868205932604 1.6219029787980785 1.6927028808606903 1.2369181689319952 1.3283976538951277 1.0647116795800071 1.1697370349245508 
1.4909474287415 1.5711081540463374 1.058299767774183 1.168526848177178 0.8518207802530353 0.9854213505454862 1.625562421831561 1.6993851193037115 1.240776914062673 1.3360329138576226 1.0701063468977696 1.1792303380217495 
1.493518036077998 1.5756170324702257 1.0594144024366856 1.17231897750155 0.8534478004484399 0.9901242634186277 1.6298590381043019 1.705407104773016 1.2442681528072155 1.3417064302634463 1.0743451531469206 1.1858289999027178 
1.4944004758869291 1.5775449559144359 1.0598915774413344 1.1742169567550453 0.8547692141923924 0.9929983459860746 1.6313643499632693 1.7078539012254765 1.2455870166034488 1.3442106685825255 1.0764512388079082 1.1891856773149767 
1.4982038484224267 1.5806618444524339 1.0623152947349341 1.1757511983867037 0.8566525079796183 0.9938463736955374 1.633166355870635 1.709125343860938 1.2454442420067506 1.3435060308862665 1.0753934600636967 1.1875808136829131 
1.499477280904936 1.5807837343387803 1.0633015256031848 1.1751830636756386 0.8577126749384435 0.9930338018164638 1.6306632715340283 1.7057279395994134 1.2414671657075995 1.3385386891420288 1.070654763184688 1.1818403956245787 
1.5062622695697885 1.5855579002072204 1.0706306600922326 1.1795837573099799 0.8657052130659316 0.9973030362480252 1.6382135654332528 1.7114062978000082 1.2494669549730117 1.3439998146389494 1.0790566144413045 1.187236710748758 
1.514205523602777 1.5906518483782552 1.0800731803489798 1.1848683513155205 0.8752538500967362 1.001710655403625 1.648104612125444 1.7186051750036015 1.2609474690522045 1.3517926818669939 1.0906418967329101 1.194510226808109 
1.520038302644815 1.5940722221930004 1.0864373444922308 1.1878113956210936 0.8816993623153699 1.0039639304115113 1.6567751008230809 1.7249503015354761 1.2707216047220296 1.3584120158358914 1.1008092744464548 1.2009708017963343 
1.5280506467513832 1.599146758992845 1.0960575692167451 1.1931780138761023 0.8916073188558515 1.0086105238382752 1.6654796895901554 1.7309402572582684 1.2807130874779566 1.36475550564829 1.1107868510372816 1.2067224230109093 
1.5357865937055741 1.6041757048670728 1.1049157288254023 1.1981560826894675 0.9009456111252055 1.0131348502967263 1.6725744438636416 1.7355818911666974 1.288294832973326 1.3691029206548972 1.1182878891706596 1.2104986715175567 
1.5413396406383573 1.6064169920612705 1.1126708644532668 1.2012011143780963 0.9089095320235013 1.0153640736126033 1.6799667104151739 1.73986660772692 1.29792014889329 1.3745706156771942 1.1281297787502909 1.2155346405114007 
1.5521321211405847 1.6138487757148656 1.1228387096446086 1.2067147621854843 0.9178968865163287 1.0187877323939318 1.691091120069043 1.7479081571342272 1.308220861619463 1.3808821717208062 1.137193804580543 1.2200833982053727 
1.5569377924136274 1.615197088050192 1.1268984629707417 1.2061121380890834 0.9212835189266223 1.0166462836433428 1.6966646458171455 1.750279196061537 1.3132082000832237 1.3817822261723518 1.1416562324823618 1.219912003779707 
1.5597224189979606 1.6148240871267836 1.133388265478715 1.2080942713070244 0.9293125934392851 1.0190901355448643 1.6997749455809876 1.7504735569738978 1.3194960407764964 1.3841938482975749 1.1489659427610766 1.2227205509292993 
1.5647939492631036 1.6165566669654423 1.1399591759578147 1.210033998163035 0.936058364660249 1.020235568832228 1.7036880242610208 1.7513504040797834 1.3241902065830347 1.3849747496147429 1.1533334480584616 1.222641973870691 
1.571859643347968 1.6182089775384392 1.1479483490061737 1.210637422429193 0.9429499274012381 1.018337921412141 1.7105617433422275 1.7532481382810594 1.3315645502137703 1.3859731988700217 1.1594970051647395 1.2215935746335604 
1.5750326794846323 1.6171913654062529 1.1527160615886898 1.2096835493402975 0.9477454383137595 1.016268363546037 1.7140955325490295 1.7529128516855996 1.3364691810530238 1.3859039803696864 1.16430965344471 1.220736228676998 
1.5806937022568446 1.6187142880676781 1.159538442120161 1.2108562114447983 0.953429041488904 1.0152193374805516 1.7187438883482464 1.753774192926344 1.3416472606965102 1.3862397837944378 1.1681245269809422 1.2190809146953494 
1.592480473805139 1.6266290871156337 1.16881812659226 1.2149337186244524 0.9587285573355162 1.0144400298936551 1.7289436762748058 1.760447205493718 1.3488469110060786 1.3889982422345393 1.1715001591679959 1.217514168513303 
1.587804823076218 1.6188487787387986 1.1675859643658364 1.2094644254479336 0.9582316067549119 1.008838453085577 1.7263428112006316 1.7549378091613674 1.3499601215532628 1.3863403413390594 1.1736026404980948 1.2152737839779562 
1.5910648224357864 1.6180020942485274 1.1692666010763413 1.2056649170447897 0.957670621661028 1.0017866676057432 1.730341676072278 1.7551426790300042 1.3526933987983456 1.384277045591893 1.174618264098009 1.210855719791842 
1.5922006090561265 1.6158710693860137 1.170989248745991 1.2029764561614247 0.9577495193831737 0.9966045731776972 1.7324380889944377 1.754217280042213 1.3555274889867412 1.3832538837099644 1.17623258524779 1.2080809691401897 
1.5951107351511369 1.6162940105173935 1.1739688655984026 1.2025934343885303 0.959454854276323 0.9942744532745474 1.7357933364874978 1.7552796295845285 1.3589713562082169 1.3837742655629928 1.1786237173052305 1.2071379117708134 
1.5996300820614622 1.6191177894260689 1.1760219566980712 1.2023949680682966 0.9599429180091699 0.9920768228499041 1.740528121966422 1.7584550491712776 1.3614879311091816 1.3843321144710758 1.1798780232532342 1.2061667241123675 
1.5995057404133004 1.6162266426139313 1.1780823641898304 1.200686471771503 0.9622180522184668 0.9897643793828409 1.740536715514815 1.7559151473619392 1.363424915884663 1.383003054203099 1.1819107514762273 1.2044430128217358 
1.602751168548908 1.6177450550086345 1.1813796271668517 1.2016428663312948 0.9648991753985957 0.9896050593064335 1.7431158064755452 1.756912197437564 1.365759579862023 1.383324612918056 1.1834998205259222 1.2037273694258555 
1.6064245590003194 1.619805692667911 1.185243143898909 1.2033170523180374 0.9682607275725739 0.9903027086701166 1.7455684318580496 1.757890715755496 1.367921999493893 1.3836116561157505 1.1848789487113736 1.2029583290120112 
1.6101899544825076 1.6219263472785623 1.1891499018695582 1.2049941392373573 0.9723160847771573 0.9916309571591541 1.7476093279438571 1.758428772966474 1.3694904755843977 1.3832705986886225 1.1860966412212708 1.2019811266390084 
1.6116596398849232 1.6225564998834403 1.1903943859217416 1.2051064660493696 0.9736614982805883 0.991594430053941 1.7472604996033076 1.757316719875504 1.368397329971818 1.3812147020481647 1.1846894833136659 1.1994715387844768 
1.6169903483428374 1.6258797019933209 1.1951140053709897 1.2071141224233481 0.9778490195494856 0.9924795835451176 1.7501152789270455 1.75833174010307 1.3698697707205199 1.3803514796796827 1.1850883544841244 1.1971889686485964 
1.6182283877110488 1.6263710580780453 1.1971235496781023 1.2081078167754316 0.9807130016441609 0.9940913918518256 1.749142107701344 1.7566780629056367 1.3689192055537462 1.3785352716176325 1.1843280752113832 1.1954299199425702 
1.621945363361371 1.6287034648976007 1.1999429975334035 1.209062203598082 0.9836566234867988 0.994760558008534 1.7498174135061777 1.7560834819135023 1.3678513867410633 1.3758581435051542 1.1826810947205717 1.1919323750320108 
1.6252211953599702 1.630407014781061 1.2036412659290516 1.2106342953374856 0.9865513368534301 0.995071173458105 1.7500141460877652 1.754831220233812 1.367464030498532 1.3736233016032051 1.1808848876614901 1.1880118761642453 
1.6291406316711396 1.6329147651980613 1.2069534203778702 1.2120429000665942 0.9889057792134901 0.9951110856592041 1.7507804023811322 1.7542928632363068 1.3667001787377653 1.3711968535559873 1.1785870607476732 1.1837985016048296 
1.6177885906892655 1.617641252195418 1.193811228362491 1.1936115555759168 0.9740724068386086 0.9738276800360317 1.7352317295290447 1.7350943639480707 1.348693619753708 1.3485168803557335 1.1587088869791065 1.1585031641753767 
1.61589829252228 1.6150313093981863 1.1903089298902283 1.1891316946143602 0.9686226744075426 0.9671756427539003 1.7304210475709143 1.7296114709484383 1.3416650322179602 1.3406207134146555 1.1495475612067645 1.1483285392414575 
1.6198152119662785 1.6177132418687064 1.1953823529387408 1.1925325076145137 0.9723489797996192 0.9688433054510724 1.7336997446493898 1.731736012386807 1.3456791792241418 1.3431482663493857 1.1521180591403644 1.1491609261532347 
1.62338382909539 1.6202704503410565 1.1993339804109655 1.1951164262315241 0.9768556375270657 0.971672893647039 1.736242193580265 1.7333315408335506 1.3481705733209022 1.344420012662862 1.1547332309968437 1.1503521680113487 
1.6260360208839473 1.6217198109205242 1.2033359080539816 1.1974971029326544 0.98008548301263 0.9729077849067198 1.737700593661664 1.7336624115242565 1.3504175352875496 1.3452172774433506 1.1559315576677107 1.1498520643683257 
1.627798828603108 1.6222063339112107 1.2056966394585538 1.1981355306398562 0.9829576930883902 0.9736684188067568 1.738932836403307 1.7336988703063891 1.3519847519560455 1.3452461235408375 1.1577409941440486 1.1498645889415198 
1.6286197433636251 1.6219425516811006 1.208364256039461 1.1993496353248287 0.9859681546955763 0.9748992637979577 1.7381095431513514 1.7318545425276914 1.3523190048186853 1.3442700856873218 1.157910064553288 1.1484994950254874 
1.6320343297881974 1.6244429363961082 1.2117809311947478 1.2015372758292644 0.9887047672623056 0.9761229004624418 1.7402829884036706 1.7331657969528507 1.3540538583554238 1.3448942900195575 1.158700109142659 1.1479829018444525 
1.6333220245661906 1.6250067088886126 1.213623211681863 1.2024089437179848 0.9903764152750205 0.9766019721119755 1.7403973593444113 1.7325960107344702 1.354298132765825 1.3442579367119243 1.1584850350405913 1.146731679344824 
1.6326022008108771 1.6240495186331356 1.213838822122822 1.2023109327343404 0.9906566237059742 0.9764975365931652 1.737946463736015 1.7299146810442763 1.3522102835034646 1.3418716569376223 1.156057312944527 1.1439472906093706 
1.6295934714220968 1.6209258385199246 1.2096443257840381 1.1979420214607719 0.985334982481349 0.9709329119880118 1.735733437997183 1.727598408097646 1.3492349982792178 1.33875343975712 1.1524238427685884 1.1401343803523865 
1.6297274695039565 1.6206761572306077 1.2098199853101161 1.197599256268878 0.9848244355496922 0.9697725251912275 1.7351524914703518 1.726653917383495 1.3484831999901854 1.337530008043098 1.150922114070179 1.1380691079261267 
1.629240954746909 1.6198809667641076 1.2091245675382747 1.1964825438277902 0.983200219194758 0.967610938799588 1.7344645647647634 1.7256753994551293 1.3475620422172108 1.3362304125728541 1.1491840186952742 1.1358750664948236 
1.6263068671757648 1.616008441779637 1.2046570395855618 1.1907173639042348 0.9770708571148 0.9598316089309884 1.731549897982455 1.7218810373783233 1.3433501427412924 1.3308639538596914 1.1437038440099125 1.129011842490171 
1.6254359647515155 1.614725385019908 1.2025759998884438 1.1880593541686755 0.9741139540668177 0.9561349219789486 1.73154020144139 1.7214898962026148 1.342526882117334 1.329539176830713 1.1424042144563762 1.1271128527027319 
1.6258943698467898 1.614734712787054 1.2028339494292177 1.1877058561274714 0.9739858920433551 0.9552403931364555 1.7318977616763322 1.7214254406390914 1.3426640923550053 1.3291284947963045 1.1421846929894877 1.1262422313514489 
1.6248043996905905 1.6135116871823085 1.2018986167118673 1.1865879285893228 0.9720387402022103 0.9530424648849074 1.7311967484297963 1.7206024553027637 1.342241829691617 1.3285494935432025 1.1410136532811075 1.124874563848743 
1.625017310845103 1.6134523756176538 1.2015941207189098 1.1859071375053993 0.9709292875108104 0.9514467873645115 1.7312328594924054 1.7203820859408674 1.3417579454529978 1.327728018845068 1.139820000959033 1.1232706452259178 
1.6240340355962246 1.612097926360232 1.2018893323326236 1.1857112391197782 0.9718483963947052 0.9517680815067082 1.728629118537276 1.7174201014472144 1.3398544875675715 1.3253615443549582 1.138051574514512 1.1209525242645024 
1.624401842972622 1.6118821251483777 1.2028503063361002 1.1858884843748378 0.9728845622440774 0.9518334987658555 1.7284270581233245 1.7166661682379747 1.340010301174155 1.3248057386548604 1.1381050563339266 1.1201632725513053 
1.6230719766583057 1.6102141487123693 1.2013288747938677 1.1838995011036622 0.9713431368025927 0.9497022968875563 1.7269894262599004 1.7149109136376441 1.33840236939924 1.3227803542967742 1.136502233351743 1.1180627396141505 
1.6216028455908216 1.6083329704785168 1.1993991315772452 1.181396390686991 0.9690246461407728 0.946650896544365 1.7259154574393991 1.7134536239210707 1.3370664359814923 1.3209412588484963 1.1349877277875078 1.1159463684820388 
1.6234631428205262 1.610001344128849 1.200658551835908 1.1823927901068665 0.9697573202078446 0.9470485795864434 1.729438172279281 1.7168075441751474 1.3404867674604997 1.3241512473039851 1.1383115020664158 1.1190285196261531 
1.6249108311036549 1.6110963852227993 1.2037650230165229 1.1850513001882956 0.9728482575602271 0.9495946954769544 1.7373946719551003 1.7244815451543605 1.3517600629320168 1.3351223244249832 1.15092952405348 1.1313421775828787 
1.6248917697052438 1.6108919353624687 1.202840616563907 1.1838602590744567 0.9727680887322733 0.9491982504281389 1.744387829714436 1.7313545173117608 1.3599416112671308 1.3431830665310815 1.161418697824277 1.1417499532804194 
1.6236285914025226 1.6095796307482708 1.20125717497118 1.1821994693450593 0.968780820423144 0.9450465929888007 1.7502426126168165 1.7372178872898298 1.3675519005214172 1.3508423244478758 1.16863838642231 1.1490398004941953 
1.6194549606741921 1.6052300013992542 1.195044193346945 1.1756953737223983 0.9610954158938902 0.936927631246005 1.7512771335377646 1.7381313489469803 1.3683814719778435 1.3515164966038151 1.169633116516564 1.1498567802088442 
1.614429833044041 1.6001456047943292 1.1881578146957625 1.1686750033018634 0.9524346798718587 0.9280162122197059 1.7519659561254637 1.7388119455946378 1.3692041550559984 1.3523321666449446 1.1705267382775202 1.1507454608829053 
1.6102086835654967 1.5958522831232627 1.1811626603604306 1.161515275469819 0.9443684322496861 0.919676160803209 1.7558645266847126 1.742708449795814 1.3731108701302053 1.356247015329335 1.1756359841676034 1.155894663102884 
1.606835914778124 1.592715819040186 1.1750002157535335 1.1556156498684371 0.9369585673981801 0.9125313036936595 1.7606844160157864 1.7478076656202337 1.3779381200913379 1.3614461010267171 1.1815156845344248 1.1622397928142238 
1.5968473103978007 1.5826007608631718 1.1651200034008042 1.1455166772617018 0.9285646083739623 0.9038451568076747 1.757007494214151 1.7440697148579496 1.3764659909800494 1.3599126662711432 1.1829565646821905 1.16365375841987 
1.589130810417349 1.5750355443156514 1.1543946388552313 1.1349128669011115 0.9172343821606886 0.8925912530703515 1.753223008809119 1.7404571674872382 1.3715251248948013 1.3551684033571991 1.178886380368227 1.1598160763921581 
1.5813259977899592 1.566069506096843 1.1435869069233042 1.122396008691411 0.9066909264387782 0.8798126065966605 1.7497676272540905 1.7359920898513364 1.3670719994888383 1.3493952862028271 1.1760881234781728 1.1554934274267465 
1.5767318581003873 1.5590539798700684 1.1368512683498664 1.1122035632691976 0.9008863748268701 0.8695758852157182 1.7507931785190105 1.734889827553525 1.368073173462845 1.3476609988230348 1.1793174559670947 1.1555758831633256 
1.5755379693245763 1.5548587247667904 1.1336420364398148 1.1047216970728013 0.8980697972782573 0.8612752881532189 1.7568728768193247 1.7383521123476136 1.3745641779500184 1.350811770937539 1.1877759777430297 1.1602058155790334 
1.5744758680617494 1.5505717800310954 1.132515372394035 1.099040333485901 0.8994947238915856 0.8569651942925103 1.7660819184366277 1.7448048396737097 1.386600934742509 1.359397196609144 1.2038113813338032 1.172373842999237 
1.5763974274513646 1.550384055179645 1.1337149982580632 1.0972563814146994 0.9015589527453433 0.8552604366830493 1.7776903466338787 1.754663739237601 1.4001656389567914 1.3708120534177104 1.2198207509774868 1.1860120293636485 
1.5788764165273765 1.5499207470017071 1.136014951955444 1.0954147864559478 0.9062160467936605 0.8547696220539953 1.7881591535560615 1.7626448144099622 1.4125127931620052 1.3800710033061088 1.2352691784572016 1.1980373644283093 
1.5755103061647995 1.5447594202760182 1.13091557864922 1.0876667631823176 0.9009075908390939 0.845980749740501 1.7898791430684644 1.762871602951134 1.4143566268772174 1.3800194236645729 1.2381716800151343 1.198798586457083 
1.5807501666660673 1.549223312674709 1.1348372365298909 1.0904940790920414 0.9056292494253926 0.8494033909367209 1.8002440521481524 1.7726252932909425 1.4247677394209908 1.3897067656217263 1.2499087547876444 1.2097907581126581 
1.5802202642774235 1.5492970519667975 1.1362355678436624 1.0928204505924155 0.9092460874994238 0.854373290332165 1.8042861234441196 1.7772657895917001 1.4315668329676439 1.3973578170436554 1.2589999123324074 1.2199614956436164 
1.5788410229969103 1.5491381614168345 1.1360210138452238 1.094364569582701 0.911104007179164 0.8586038546139484 1.806955313818781 1.7810608000284351 1.4362772274661775 1.403560594131201 1.2658827126309646 1.228637094262553 
1.5794159880243521 1.5495628344687866 1.1384307590832832 1.0966379110567628 0.916109340213787 0.8636240142370637 1.8106442626388377 1.7846632064809709 1.4421866646959887 1.4094298459188879 1.2740228042805748 1.236820205432843 
1.5840659933917023 1.5546247540226679 1.142693346887099 1.1015176527954693 0.9202821190374395 0.8686266361446903 1.8167689727150342 1.7911567643899962 1.4481479599198557 1.415883317304092 1.2799623460946186 1.2433409274290137 
1.5836692725464903 1.5551244743517896 1.1444003970673595 1.1045614671569572 0.9236114836921042 0.8737630907333693 1.8166833042519903 1.7918543450481486 1.4498214138120356 1.4185858796237647 1.2827267970803176 1.247313834553249 
1.5839924988554746 1.5561464913916074 1.147710131884532 1.1089626743359806 0.9296701228018517 0.8813887924579085 1.8168710247099022 1.7926460851686286 1.4523176755897484 1.4218953186048577 1.2869633332890296 1.252531152295387 
1.5881360659165984 1.559564884352379 1.152834895318948 1.1131463338236578 0.9352657953036934 0.8858829338603662 1.8192226232061457 1.7943348119637679 1.4547931415789155 1.4235482251841876 1.2892311262085825 1.253867361974563 
1.590007268909476 1.5613740399740768 1.1570211005789695 1.1173466806255656 0.9400768794013444 0.8907919603953383 1.8192283007871692 1.7942567786983474 1.4560790920774085 1.4247568564161992 1.2904313365634648 1.2549815982336037 
1.5894702520759962 1.5615251318485177 1.1566581509826186 1.1179459438606725 0.9393182603540347 0.891214816637678 1.818127458506287 1.793748173667232 1.4550016671380586 1.4244209021685024 1.2889881952037148 1.2543666220585312 
1.5817479292836139 1.5542464653307082 1.146314800651636 1.1080582951239524 0.9261289395073453 0.8783338635126168 1.8126639577685104 1.7887163517430593 1.4483997149243713 1.4183149499998229 1.2812255557055519 1.247114464591362 
1.57601077444284 1.5481779491130598 1.1385037619436837 1.099652589193478 0.9157985317524374 0.8670247699575371 1.808016889213129 1.7838077454254762 1.442673187690102 1.4122149012950969 1.2742849215461665 1.239696358887901 
1.5712022192935446 1.5425921065249102 1.131621786072078 1.0915502095244909 0.9069589844711612 0.8564394857273688 1.8047915827355134 1.779940069303728 1.4384589357757 1.4071524804060718 1.269319046856605 1.2337280234772006 
1.5680194075423939 1.538787154102087 1.1281144665456604 1.0871169637300302 0.9029205706093976 0.8511442886077543 1.802200415589121 1.7768250845678648 1.4359260862417675 1.403946141541619 1.2666913721777693 1.2303203142066703 
1.5682322991047595 1.5379040656150824 1.1275916437945963 1.0850157999934378 0.9012431449699909 0.8473697996951508 1.8028197933557861 1.776500936784273 1.4360604369299363 1.4028777386484539 1.2661144773342574 1.2283493968718346 
1.565905068790152 1.5343302426344498 1.1260457097572416 1.0817067761009405 0.9006204508352507 0.8445281555180325 1.8015100994062425 1.774133379220032 1.4357433246450044 1.4012385604395456 1.2666874714240646 1.2274395134843468 
1.5662820257045664 1.533353320016362 1.1259674887159044 1.0796924588072292 0.9005732103750367 0.8420006693614918 1.803695049648138 1.7751757242834298 1.4380122508953808 1.4020742682487257 1.269294510870192 1.2284305333575847 
1.5695534086533436 1.5356565874098707 1.12866509532958 1.081031058413832 0.902434026516803 0.8420988208371568 1.807736016473459 1.7783848731630985 1.4416298068697562 1.4046493341383572 1.272320232824791 1.2302609587787992 
