1.9624801867581771 2.219391991563998 1.6493316012913868 1.9479905184108084 1.521048144740465 1.8406411348816505 1.965252495303952 2.2218437611808826 1.6526293044413831 1.9507834187060362 1.524623345452381 1.8435966680102267 
1.960235894478134 2.2189795010771256 1.646031839789404 1.9469889783459202 1.5167871812487375 1.8390183841931789 1.9632676011080328 2.2216581505174218 1.6496410910135846 1.9500412799119125 1.5207032138982577 1.842249583786217 
1.9612305515310127 2.2206487692245793 1.6467394026556357 1.9484882191736854 1.5175136125447575 1.8405714450296786 1.9641563875767736 2.2232332299735535 1.65022292398895 1.951433160233432 1.5212930693520694 1.8436887706059935 
1.9649650168056456 2.223150133677438 1.651071471399712 1.9512421693039566 1.5220900137869673 1.8433846613417424 1.969849003794456 2.2274680912080447 1.6568809806832867 1.9561604187157071 1.5283898686362751 1.8485898923639095 
1.9682967185816396 2.224580844199475 1.6548910411200037 1.952749937390666 1.526076100192664 1.844851274108363 1.9789142734790839 2.2339806762322834 1.6675053485309275 1.9634515648162167 1.5397460806831915 1.856175086832934 
1.971310888188976 2.2241407392277157 1.6586460509380565 1.9523939490513715 1.5298605513877432 1.844236621665563 1.986404105440887 2.2375291462040017 1.6765564036179663 1.9676322787839218 1.5492604554794553 1.8603610856262311 
1.9720799680214518 2.223697839426816 1.6596572336092443 1.9519720320413125 1.5315339976218256 1.8442692500476958 1.992126053042701 2.2414947896462953 1.6834277364982109 1.9722225089506231 1.5572614413808266 1.8656891160135685 
1.973463012891858 2.2268343726582387 1.6617306668808307 1.9559099849564168 1.5337756795738449 1.8484325509069055 1.9977186092721393 2.2483582236450244 1.690465080335057 1.980380581563102 1.5648614040330249 1.874306878243851 
1.9745138897994512 2.2283503339939528 1.6643089400141309 1.9587660293692457 1.5370699771353806 1.851870466477329 2.0021889516354245 2.2529093874479194 1.6970503071067045 1.9866604780009494 1.572462912647214 1.881350504730833 
1.9839892381595319 2.2361670541202505 1.6716018663344567 1.9643020634140869 1.543035392313747 1.8561217682934597 2.0140497331230027 2.2628800507965154 1.7071718805945812 1.9946592758395705 1.581499684569314 1.8882190151284992 
1.9819306344643874 2.2350426948558297 1.6745870554343867 1.9676403670966933 1.5479409073438202 1.8610448303650318 2.0130584619847505 2.262691136538173 1.7113144473674058 1.9989907317865208 1.58760082645746 1.8941602868206295 
1.9842868391605182 2.2375767893115177 1.6780042085959261 1.971053969851064 1.5513929186591127 1.8644504863539926 2.0181941855791874 2.2677000239682585 1.7179672973329965 2.005185094375489 1.5945323761860843 1.9004970735851292 
1.9860520890200741 2.2387743030285567 1.6804444651046937 1.9727141404422992 1.5544138124389528 1.8665234474554557 2.021571383924149 2.2703432207269896 1.7222780148109074 2.0084693275977603 1.5995468921857214 1.9042735465003444 
1.985215650818933 2.238145484649387 1.680728474518249 1.9730844470666835 1.5556352881882178 1.8676764120308529 2.02251166715459 2.2712920274540744 1.7246218334975467 2.0106055055073435 1.602957707918846 1.9072722520858 
1.9872449204778861 2.2403437820488983 1.682628404718392 1.9751547372712752 1.5580711930990703 1.8701828067237598 2.0248921889239337 2.2738043593425448 1.7269291679640946 2.013028126719833 1.605811896071629 1.910138668622035 
1.985631291831847 2.2372719068324733 1.6813910231417943 1.9722397751545857 1.5574567211649286 1.8677059180454 2.025705106974312 2.2729133591982364 1.728532708982335 2.0125802552996017 1.6082353657415354 1.9102552053644064 
1.9853935937684999 2.2370466506483497 1.6814732132796524 1.9722936297562286 1.55793713986701 1.868089432221327 2.02778267824168 2.274751104006106 1.7313194491418964 2.0149583196624685 1.611608823436072 1.913079453336165 
1.9848497341977325 2.2378177163801367 1.6808879035036244 1.973216614704227 1.5573667971755432 1.8691150326678156 2.0293630597960557 2.277391949767279 1.7332253475139374 2.017986563301354 1.6137153720730337 1.9163185973279102 
1.9843380297303177 2.2377204421093357 1.6803202124101226 1.9731374450438064 1.5563330672558493 1.8686808119724458 2.031242079426773 2.279416536316695 1.735460453376567 2.02030154829273 1.6157102417308618 1.9184146960534887 
1.9836304174710973 2.236005537944072 1.6802712952129366 1.9718627635098138 1.5562097859596433 1.867276099165991 2.0321118821552515 2.279124795660948 1.7372393887995285 2.020626592568889 1.6175530799317095 1.9186998459885694 
1.982674757191416 2.232593036315405 1.6784356783636483 1.9673888277115024 1.5534634659379796 1.8619133204862248 2.033940699333203 2.278242138448861 1.7386954598215412 2.0190429354038115 1.6183832412639598 1.9164124787226886 
1.9832647247113557 2.2322406949709546 1.6779483048903532 1.9659781448135203 1.5511957128242746 1.8589695240870439 2.0358443814408824 2.279083565261355 1.7397798398200877 2.0190080344179937 1.6178787088791329 1.9149650306583696 
1.986564406567834 2.2340415961754627 1.6809108709988791 1.9672226788653615 1.5529272008185735 1.8590552985433784 2.0405753638771125 2.2822032178713205 1.7444113707672884 2.0217504154722485 1.6214476757707017 1.9166627969630468 
1.9905414472054483 2.2364128817467406 1.6856343032350642 1.9699366306667736 1.557150562868845 1.8611838168334585 2.0446668363141125 2.2847209449126957 1.7492198897573628 2.0246129376556796 1.625769077674551 1.9189612863533128 
1.9955513932091353 2.240490195367728 1.6895820296567197 1.9728807332271558 1.559750463035328 1.862898939700949 2.051167187874972 2.2901654493103596 1.754921338583277 2.029117999825274 1.6303014986851114 1.9223563481349966 
2.0056581573342855 2.249470774222586 1.6991872198441118 1.9810833723196917 1.5676357268452266 1.869474763692081 2.0625592088547573 2.300348801819316 1.7659906721247316 2.0386704427227964 1.6398071892852408 1.9303941923947974 
2.0094110004567547 2.2520864024181253 1.70456195122284 1.9848657487993024 1.5731280947070445 1.8732038323569102 2.0686862741437175 2.305129821947262 1.7740523604534946 2.044852653085453 1.6481693888768278 1.9366525061638227 
2.0132197263333746 2.2529848938459014 1.7056895258216922 1.982993702435242 1.5720597477506473 1.8692937478892473 2.0790723052957607 2.312018364124262 1.782937111243083 2.049817554819899 1.6555542379057926 1.9400379120130176 
2.020053817138244 2.254872817507628 1.7091746692877205 1.9811895540646254 1.573135936953571 1.8650980336525984 2.091814909094681 2.319380006146209 1.7934185902657498 2.0543087009772383 1.6642802846608469 1.9425917906011003 
2.0153223963018325 2.2479105237165826 1.7062752500800569 1.975589175571622 1.5706362077310456 1.8596976793650521 2.0924139570256552 2.317277180044666 1.7966766641651915 2.0541724360811973 1.6684033995277523 1.942973819987228 
2.011361847726606 2.239016688747582 1.704305068962182 1.9678097006799686 1.5696229399732242 1.8523864131682104 2.0927758365515854 2.3124294480165632 1.799663854072251 2.0509532509675075 1.6726776118709152 1.9404818069887149 
2.0123830334393125 2.2342380537163913 1.70657255786984 1.9632941966690598 1.572786163874291 1.8481857386838612 2.102023269577292 2.3153047387427015 1.8114100164911335 2.0550767516675403 1.6859634248240407 1.9454066097462528 
2.0224813851854493 2.2341097483833807 1.7135581210515314 1.9588509000487133 1.5777294555853532 1.8412076605917254 2.119285133631068 2.322107855382616 1.8268059443820666 2.0586489192743995 1.7000496343429665 1.9470449850041096 
2.0171919221599057 2.221154955744235 1.7124786868242114 1.9486018935193448 1.5794509346058125 1.8327933166146082 2.121769715372235 2.3165432894014253 1.8345099419383846 2.0566703220669025 1.710996414102255 1.9472993646768273 
2.0212229908554495 2.2153122350500953 1.716470852989543 1.9412722913498375 1.583408702629441 1.824677790614729 2.1331635149376265 2.317898294028676 1.8469749299492533 2.0575670856283272 1.7240148845822212 1.9479459033199686 
2.0254495236368784 2.2099471235757786 1.7213589575683679 1.9350703286963133 1.5890592275937538 1.818386577436398 2.1436563387708065 2.318767563804587 1.85900333156029 2.0584736828417936 1.7372178777436806 1.9491912350901481 
2.0288562996196147 2.2088787728859627 1.726193604699715 1.9345883049647015 1.5951904329283688 1.8186588646874369 2.153161351833205 2.3235729719180753 1.870719188822362 2.0645769136140695 1.750565177257961 1.9563655048656416 
2.0328558439769675 2.207685044654538 1.7308030016126357 1.9331449517279633 1.6009691747161499 1.817820858168183 2.1626166489180902 2.327720160194887 1.8815118703260179 2.069168260963257 1.7628131455652665 1.961856406615354 
2.036945504590257 2.206716503058437 1.7355867655264188 1.9320228147903575 1.6074520001139867 1.8177878503473546 2.1708380689043705 2.3308772292002975 1.8909395425037936 2.0727042938162827 1.7740611222290106 1.9666579777898485 
2.028125970318452 2.198591829485446 1.725243422094448 1.9227521802562495 1.5976397527227975 1.809133455740665 2.1642515657233936 2.324757174617633 1.883389166830945 2.06583296394848 1.7672415419902738 1.960523845541329 
2.0312180934039 2.196471103787021 1.727840646058361 1.9193935669818671 1.6011184757448071 1.8061613272826365 2.173178083613806 2.3283774071012147 1.8926936725998147 2.069040286002033 1.777761630112253 1.964452794113255 
2.0372019969489528 2.195472530543892 1.734108999911136 1.9175613887364338 1.6084026084201681 1.8046790869217721 2.1814108425321446 2.329905774900951 1.9014455845794802 2.0701214860767956 1.7875458702692923 1.9660182843292178 
2.0431538328358942 2.1967233905596775 1.7411087641592082 1.9190038558147833 1.616852928572047 1.8070222640111564 2.189346823345631 2.333314291494741 1.9105553268339561 2.0739666648462807 1.7980476414415734 1.970809831235273 
2.0516967404334885 2.1992603155391586 1.750812774772163 1.9216221775118543 1.6278504691480113 1.8102993041774613 2.1983093064674497 2.336632240576467 1.9205336926233292 2.0774349773943346 1.8091438422915411 1.9749146469914594 
2.0622369583259363 2.2046532742101217 1.7631953929968764 1.927831108029282 1.641648560284877 1.8173290243336262 2.209285471704689 2.3427797768218444 1.9331267462547326 2.0843833151043523 1.8229456982272976 1.9826259873928338 
2.067791683386115 2.2076664926298952 1.7699660890200077 1.9315301843566366 1.649655584260176 1.8219199882214319 2.214667449215973 2.345800675124974 1.939528143909436 2.0880130070995206 1.8303969546021384 1.9870535745713507 
2.069312156439221 2.2086396030106723 1.772980443204927 1.9337775847255907 1.6537780332278995 1.825107634740247 2.2159404633949755 2.3465779834710667 1.9421119917530862 2.08993662193645 1.8339359639069024 1.9898133618284755 
2.0682661093862853 2.209410974906181 1.7714782351572602 1.9344010169651693 1.6523049524939037 1.8258926071474963 2.2153590521438913 2.3476771257385205 1.9411919452531945 2.0909324056783567 1.8330855644829789 1.9909733407345969 
2.065791886240521 2.210199405903723 1.7689971221167007 1.9356745890405156 1.6500823006314471 1.8276369703683413 2.213278454835986 2.348635096229546 1.939189578004474 2.0923531050090873 1.8313593312731309 1.9928277137879153 
2.0671648061756542 2.212084545375974 1.770873294025078 1.9380763461461548 1.651947151421991 1.8300483849044074 2.2146899235358504 2.3505316754749828 1.9410495472839508 2.0947126401994214 1.8331968013858277 1.995183754096657 
2.0683898351195524 2.2137834325484254 1.7725338397971104 1.9402259634964913 1.653536161209028 1.8321523988538422 2.2164442595657325 2.3527060445287016 1.943261397486681 2.097347237622299 1.8353665797768817 1.997791545272401 
2.0691904643383925 2.2144836268775916 1.7735262366564901 1.9410780170072848 1.6546623119261927 1.833110995687095 2.212167898172499 2.3486326587410242 1.938435695117311 2.0928261992112325 1.8303128143858176 1.993096473958281 
2.072910322287484 2.2230204318102884 1.7780192997394602 1.9509523997899076 1.659206453774213 1.8433200189457064 2.216419678906953 2.3574093469412563 1.9434278013463737 2.1028015253575405 1.83535420152242 2.0033441244693835 
2.0762213139085754 2.227644448094949 1.782745963711109 1.9570099677641528 1.6643310601945307 1.849784506565089 2.219852358452753 2.3620858020250344 1.9481357037250382 2.1087763188466075 1.84039328050508 2.0096647157494334 
2.076887540757739 2.2288546900044266 1.7843567615683613 1.9591478823087167 1.6660843220421737 1.8520713648114993 2.221261103725253 2.3639653684271114 1.9505045722896242 2.111586952678655 1.8429259350616154 2.0126369206398675 
2.077983964851764 2.228316470697342 1.7855663970239408 1.9584749918191597 1.6668765275751702 1.8509063438167415 2.223295975840162 2.3644073108470667 1.9527608650797612 2.112025551831004 1.8448590721751776 2.012680285486758 
2.0776060246290298 2.2262106423640238 1.7850064771800804 1.9559691086964641 1.6657161143408683 1.847749226538829 2.2239718469294614 2.3633911666363736 1.9534206167476682 2.1107863787069596 1.8450512610588468 2.0109155095465447 
2.078370497890449 2.2274509086624987 1.7857941606191325 1.9572875128864924 1.6660193641435839 1.848657390026987 2.225496736285945 2.365322250184822 1.9550633188772664 2.112862088452389 1.8463023366771196 2.012646502101 
2.0787202598028953 2.2269295421532798 1.7861127524641374 1.9566134088559797 1.6658349529635332 1.847469447031538 2.2263656239982277 2.365341657968467 1.9559715585153625 2.1128090318154684 1.8467896641797128 2.0121553943274404 
2.076477875139471 2.2223126554883614 1.7833751913559108 1.951240694005671 1.6623312847756107 1.8412654542851046 2.225536020742359 2.3621862230615376 1.9549110687756956 2.1091681914019405 1.8451546043683527 2.007861720044917 
2.076554575379475 2.220857958836952 1.783374556432112 1.9495014689221017 1.6618028500786222 1.8389453176561374 2.2259707053794378 2.3611600432853828 1.9553238824316117 2.107942753968293 1.8451166329550637 2.0061372231249366 
2.0709432945695045 2.2182140983508316 1.7775265647866962 1.9471179587591483 1.6554004131092854 1.836305580376641 2.22687552302422 2.3644539013997274 1.956979599853916 2.1122113556754667 1.8467590512691128 2.0105190002196927 
2.063737676323572 2.214866495723256 1.768067126971546 1.942339250151069 1.6441000013008384 1.830214526080868 2.221449831010238 2.362511322490416 1.9498429476487118 2.1091486238990877 1.8381759897505507 2.0063677047080417 
2.057978194656789 2.212589821924257 1.761100956584493 1.9395246968478685 1.6359110577543075 1.8266046258790696 2.217245472534518 2.3614522980307724 1.9448341356205203 2.107761676631117 1.8322413118022465 2.0043422100716275 
2.05411932894312 2.210231575545362 1.7564052390999445 1.9366664049179283 1.6302180315337373 1.8229997889022733 2.214923308714713 2.3604242549778487 1.9420191579610468 2.1064557460074336 1.8286852862884124 2.0024503180572877 
2.0515814876089156 2.2107376489080766 1.7533026015778366 1.9371227025409645 1.6267303848823904 1.8233557242347445 2.212786091383352 2.361100725979222 1.9394601564919065 2.10710228764994 1.825838829420497 2.0030131759475798 
2.046987001834159 2.211120005444752 1.7480234797273175 1.9376485693948735 1.6207061379775174 1.8236184574844596 2.2068344684814942 2.35987590014348 1.9327567542963082 2.105812091350508 1.8184199106031587 2.0013862356072103 
2.0411772127353984 2.209925446930337 1.7415567484840249 1.9365913289566927 1.6136550196960466 1.822429309956973 2.1998742761781296 2.357289311516567 1.925113587659245 2.103194806143798 1.8102278695761618 1.9985722421244245 
2.0300531185257817 2.204980157560664 1.7279044464426412 1.9304081452470745 1.5987069425120572 1.815677757542965 2.1862256560191247 2.349554096043811 1.908958022334763 2.0940254445054505 1.7928554997646213 1.9887565648505727 
2.0201907553127474 2.2000494306835674 1.7165070461408216 1.924952791382451 1.5861492083190312 1.8096729319551337 2.1700472217191704 2.338407952879713 1.8905900391388635 2.0816766092962395 1.7730774285662454 1.9755633063233105 
2.0334576692737643 2.210393442156461 1.7321015687101866 1.9367666149353902 1.6030123879522233 1.822234285795405 2.176409477122421 2.3425727925740727 1.8978893444319374 2.0863540064208395 1.7808584545966277 1.980491330884407 
2.0521319866997443 2.2291963275665605 1.7538159900161248 1.9580452249210791 1.6267044485204556 1.8450577060992537 2.1858239506044947 2.3528486817124983 1.9085206781788453 2.097742061130548 1.7924140188684756 1.9926912934612426 
2.04617165259247 2.239067071990698 1.745835606657454 1.968386366157061 1.6183388950009823 1.8562391279339523 2.171861675676653 2.3544821212472606 1.8915883991695974 2.09874000125623 1.7745944566218503 1.9939379143977878 
2.0374877018228332 2.2459455325272892 1.7354641935457182 1.9760443231565656 1.607835128077282 1.8649528141696479 2.1536888135242034 2.351869619153938 1.8705227444485377 2.095655157104644 1.752755878466619 1.991247942748288 
2.0314143346380718 2.253399566382545 1.7280897958650874 1.984303341067852 1.60050959577662 1.8742455476732602 2.1393365353803127 2.3511542310986404 1.8537559049705115 2.0946542344771464 1.735438728049204 1.990706654837181 
2.027299421032179 2.2612391160860033 1.723763171934419 1.9936446199153472 1.596840281091822 1.8849823025475356 2.1317485597362107 2.3553367741232694 1.8454724198257229 2.0997685229418526 1.7275149384990593 1.996889396120228 
2.0287030342160106 2.2719931220928573 1.7251086642403861 2.005571402178753 1.5993137671630446 1.8984523358876435 2.1370431787723074 2.3692341154341943 1.8513015557540187 2.1150967344632847 1.7346821244070194 2.013812011717392 
2.028273825026651 2.2792132913986443 1.7242615877204481 2.0134538835762394 1.5993851495147253 1.9076035685876245 2.139735497833375 2.3789465145497157 1.8540904277537924 2.125692788878073 1.7385643927931573 2.0257158404594264 
2.0245062826139635 2.281719608090225 1.7203574751613135 2.0167420568688033 1.596199234539163 1.9119285232307746 2.1391014384931375 2.383982727656266 1.8538498100340841 2.131754629351936 1.7392473292097963 2.032879719453025 
2.0178549600432363 2.2797149656417774 1.7116289778369291 2.0137118568879435 1.586733801168643 1.9086869414786414 2.1347900861047417 2.383839423394766 1.8480432434689105 2.130874354468393 1.7330072786145736 2.0319143467506424 
2.0116700609224565 2.2780632075980156 1.7046998409138658 2.012152352932491 1.5801116230228038 1.9077495341400978 2.131795643801666 2.3848077932470284 1.8449221611037576 2.1322507648800975 1.730459180140277 2.0340217594538563 
2.0053888785779206 2.2738014876246364 1.6971041360871202 2.0071749050653285 1.5717208477092903 1.9023393687573231 2.128405541240675 2.3830020559756155 1.840838950691779 2.130088423794658 1.7259293197532772 2.0316054409220334 
2.0011088959028216 2.271290697040212 1.6916655122279374 2.00401018521898 1.5659009921643865 1.8990446373009273 2.131478463555616 2.3869489013804652 1.8440433380485965 2.134202532516867 1.7293957166020189 2.0359602554572156 
1.9985374877059474 2.2690243925453952 1.6884917319803492 2.001330540706857 1.5623299549602188 1.896099810760499 2.135206680995074 2.3902776354988555 1.8482315357568164 2.137821183814493 1.7337330731591873 2.039644570302875 
1.9971977763427462 2.268310501370659 1.6861775534706924 1.9999070764984082 1.5595071419613344 1.8943326261848552 2.1421501626422947 2.396923213644611 1.8555869969657606 2.144676356961211 1.7412842637859018 2.046583606918713 
1.99446606661685 2.266448139333016 1.682296511821293 1.9972515693036994 1.5550804919637082 1.891340163451855 2.1463424474873736 2.4011826626240014 1.859842080577297 2.1489310929124947 1.7456134587834986 2.0508677736231777 
1.9898953934827932 2.2623425283108745 1.677230630832874 1.9928905206769487 1.5495139563760116 1.8866646600294499 2.145515851119269 2.4003642027417507 1.859208750894864 2.1482940249891405 1.7448633446215898 2.0501361247010017 
1.985979331989447 2.2591447809490317 1.672858015221032 1.9894911845216228 1.5450779822032448 1.883318137036133 2.1407683376276965 2.3963535443646977 1.8539765660302319 2.144026665316747 1.7395519938734947 2.0458891401024766 
1.982089310595524 2.2552183695547177 1.6686530554842849 1.985380285682579 1.5405019714291313 1.8789566741085435 2.1313030797840646 2.3874221824170605 1.843414712509651 2.1343639946122215 1.7282711322871303 2.0357438360208877 
1.9771540348824723 2.2495264887642556 1.662985425808669 1.9790785412539948 1.5345752817154459 1.8724723339083118 2.1161020482320887 2.3725764949800965 1.8259984466948596 2.117900298251086 1.7098745849131862 2.0186387596922932 
1.9767119936028237 2.2594261136078893 1.6620232417307677 1.9899591235131564 1.53258549074864 1.8831979034751631 2.0990106442448666 2.367163226702639 1.8057620649059083 2.111490632764742 1.687386637808078 2.011191120369531 
1.976150792047077 2.257937057029777 1.660452507995423 1.9875136054649514 1.529427471215386 1.8794297513629739 2.086965629800426 2.3555324961817634 1.7909092993137006 2.09772827577079 1.6701502856833843 1.995622654052687 
1.977205995341631 2.2526306264487506 1.660979159416183 1.9808717674839253 1.5287334326215574 1.8713703800196504 2.0870025702894783 2.3495916495414453 1.7902759419695304 2.0904758165534685 1.6683111485555953 1.9870237239637805 
1.9783271828522828 2.243991244192421 1.6622119790244112 1.9709558404013647 1.5290161555759474 1.8600023294641999 2.0869140960308474 2.340283894276985 1.790078396331359 2.0799276253303263 1.6671299906762667 1.9751052294529143 
1.9816478143099219 2.236146145035984 1.6652774741643779 1.961267597233812 1.5318577192282872 1.8493267947983911 2.088461291146975 2.3313283952758117 1.7910587848028021 2.0691334158577814 1.6677321657326425 1.9633522604513156 
1.9852717225054632 2.232719487660689 1.6684154585054076 1.956359537656565 1.533992983093407 1.8430591337718412 2.0931403657948526 2.329156304183944 1.7954227694110958 2.0657384682770976 1.6712472141846069 1.9587750634822287 
1.984900688307022 2.224467289406992 1.669123873665969 1.9479215807731303 1.535542180743235 1.834751691112912 2.0972970010329224 2.3253126004349802 1.8013324162246371 2.06233422435397 1.6783068125172136 1.9557959341765927 
1.9853166931044652 2.2157028365553106 1.6684060830383143 1.9368622940000795 1.5339143861113143 1.822292520952454 2.10035847769357 2.319345257355888 1.8037744373449942 2.054618920583389 1.6801537747537427 1.9469908563779261 
1.9807452846987392 2.201465627361983 1.6639830243293618 1.9214417844046927 1.5292657086511452 1.8060322902031098 2.09993561087865 2.309291795212612 1.8042220462671132 2.044093006160994 1.6807829409642072 1.9360088636770985 
1.9766670069359709 2.187466239535872 1.6587004106556462 1.9050152611223905 1.5230522408339149 1.7881510621614747 2.099646158220287 2.299197704097934 1.8034934393363369 2.0323347850512254 1.6795802040180186 1.9232227521868626 
1.9697658012485268 2.1692137375943963 1.6539797323329721 1.8871035696453573 1.5193562709806578 1.770297829679585 2.096099537991517 2.28454463750837 1.8025828459097935 2.0186173099347604 1.6799105451089502 1.909871819564928 
1.9658815936218133 2.151664434418397 1.6496946374832646 1.8672069502711905 1.5141155417408012 1.74857521197718 2.0910644717705478 2.2666098083483712 1.7970399500014016 1.9985799909188122 1.673441381913642 1.8882201823148272 
1.9693389740002634 2.1516543296999195 1.654714888225887 1.8679940367454093 1.5191517396614498 1.7490404135171975 2.0979437885359107 2.26995341358725 1.805866414399584 2.0031160392389675 1.6825261226668697 1.8926739057366457 
1.9758332636237703 2.153292657824793 1.6623893955515237 1.8698370749993594 1.526518338979968 1.7501458293074208 2.109169948468392 2.276257906328314 1.8188510902001187 2.0102167726198488 1.6955645151754504 1.899392326435526 
1.982068557192319 2.1559114083399717 1.6699452356920093 1.8729856714375686 1.5339770321000377 1.752838774733843 2.119347968477673 2.2827601815982423 1.8307804719000145 2.017700515807646 1.7076667066762297 1.9066944737661669 
1.9924447241939836 2.163750052101314 1.6810094653417154 1.8808963638564566 1.5446672088733029 1.760106557901663 2.1325245742566343 2.2933903655523715 1.844889672421752 2.0286932277721146 1.7215754026496892 1.9172376420278316 
1.9967747598396872 2.171837662794538 1.6848303206948885 1.8890268927500318 1.5478594824895575 1.7679475019165136 2.139193313810802 2.30345771088875 1.8514026579468985 2.0389853343888573 1.7276885048679465 1.9273497248431175 
1.9969845552371106 2.176842712980329 1.685359054046217 1.8950282383794599 1.5482797189963962 1.774222920451531 2.1399287616496867 2.30867754096053 1.8525072016420232 2.0451111987702673 1.7287330272010075 1.9337049316107047 
1.9977833564935314 2.182257813981327 1.68717869696205 1.9020207103716198 1.550751189418393 1.7821167410365015 2.141881702569626 2.314901305672136 1.8555567476643122 2.052852082104933 1.732439938295859 1.9422818968941042 
1.9925841889547253 2.1839852844908 1.684833361751945 1.907370815985282 1.5500526583546639 1.7894309756099451 2.137916364031194 2.3173446770802917 1.8544427967430972 2.0587272911175876 1.732904461645927 1.9499635499137824 
1.9946882670001445 2.189289742018639 1.687239361118641 1.913370051429686 1.553034565265062 1.796141601574898 2.1399458511999874 2.322407487515496 1.856707738247471 2.0643575071358256 1.7356564534688423 1.9561982559209177 
1.9979564360188862 2.1985034414867966 1.6901795424833688 1.9230949918891915 1.556137838184423 1.806419783281087 2.1437324470953203 2.3317753465394753 1.8602327194007986 2.0741391545239414 1.739345812634535 1.966446367925983 
2.0032957140010157 2.2079941648326065 1.6963683606265594 1.9338330148011333 1.5631823924721133 1.8181264274892546 2.148814524060846 2.3408221574939945 1.8659784982723784 2.084207348181759 1.745780436714434 1.977319864719626 
2.017096630838235 2.2270430788691447 1.7079129708913623 1.9514119947204793 1.5741895102366041 1.8355148245489492 2.176491109556609 2.3723734122138027 1.8935156318285202 2.1157607390673836 1.773839718232445 2.009365422957945 
2.0203893573712985 2.2264915713694515 1.7113658223124621 1.9504011227896711 1.5788273117029645 1.8352076836639524 2.1820238011211543 2.374135512277934 1.8994809004196935 2.1173850035029553 1.7809970223049811 2.0117758213725527 
2.011532990580358 2.204101253389499 1.7020111706428838 1.9257827987582505 1.569885969678422 1.8100661095090311 2.1550727613965055 2.3358373166625195 1.8694693524401944 2.075262157587123 1.7500330261206958 1.968352853406411 
2.0072685932558327 2.185866299998984 1.6961804284542519 1.9041828488543977 1.5650097016540343 1.7883343206098938 2.150018108754261 2.3176415046273333 1.8629220886476303 2.0541088053876915 1.7443354117747105 1.9472006329013067 
2.003255887155967 2.170699051279343 1.6909721312384307 1.8863422198596522 1.5602580773144679 1.7701145413856811 2.145189801874193 2.3023334918870986 1.8569307701863955 2.036441039427619 1.7387381644356463 1.9292772289811124 
1.9976575995484913 2.1529924784898435 1.6861263387521828 1.8675552890433633 1.557409212581536 1.7522169337253422 2.138577227727313 2.2843496418792464 1.8509183407578629 2.0175825711860815 1.7344740209509741 1.9113191404770267 
1.993387759526189 2.132878158692812 1.6806877594094747 1.8439863949142468 1.5529826301117602 1.7283892875821814 2.1326398296545155 2.263565135583432 1.8437107223826734 1.9937010076309938 1.7280951746442785 1.887296323482044 
1.9916363225233766 2.1230326144443565 1.679385540843567 1.8332997669760502 1.5528812022799554 1.7181653788836626 2.129157972212123 2.2525465392382995 1.8403896935797157 1.9818391622516798 1.7257283847217786 1.8758439963478943 
1.9958903613068555 2.1304224403525254 1.6836328122122146 1.8411248970011813 1.5580187926843534 1.727004342310004 2.1313804096119515 2.257853823983654 1.842233308372642 1.9871952602795757 1.7281859490453018 1.8819532710664233 
1.9944497792837503 2.131868624959099 1.6819754915232863 1.8428443955160727 1.5562824891660896 1.7288866643262073 2.128219569801246 2.257510232376589 1.838621812468513 1.9868477750660718 1.7243850501802085 1.8816316624900313 
1.9921383610417625 2.129733856221044 1.6794004714582405 1.8405262813483974 1.5536790651656989 1.7265774486926904 2.124637520654796 2.2541596312094137 1.8346267435568904 1.983180863404586 1.72028718014585 1.8779081529654638 
1.9872705983700882 2.1261858201827537 1.6745557844235017 1.8372693830645002 1.5485061831152658 1.7231636921506353 2.1179736936482967 2.248829535066233 1.8277596152082498 1.9779097355001338 1.7130205880216995 1.872394521938742 
1.9858868189086833 2.127502381083333 1.6722222270724816 1.8381640570730489 1.5457066396684882 1.72387033732681 2.1145751029261763 2.2480987055543737 1.8231863824401635 1.9764939942016648 1.7078906359352317 1.8706710957074337 
1.9829604380937609 2.1286797703377087 1.6689887588132521 1.839746977887177 1.5419975794549743 1.7253701054107204 2.109718184745299 2.247233028558676 1.8177739675341926 1.9757144689061221 1.7019210484170526 1.86967396105444 
1.9821579739874822 2.1334740645815593 1.668102649671824 1.8453530286213964 1.5415848292721879 1.7318328834625356 2.106513902048159 2.249480422213574 1.8141160479754763 1.9783271685750465 1.6985094558235936 1.8728843322325488 
1.9804431977674188 2.1391240837275523 1.665665529805801 1.8515232224261298 1.5380408755241974 1.7376036144020994 2.102349805741956 2.2524589434001325 1.8089115797360689 1.9813777250446822 1.6921256398102476 1.8753628360675274 
1.9740760926372722 2.139554185460616 1.6590778710844287 1.8529044970861397 1.5310223594454917 1.739179449660684 2.0942981878524463 2.250955484375922 1.8004576813804984 1.9804957852623772 1.6831927831481575 1.8745275773490344 
1.9711086027520146 2.145351610026431 1.654947043818321 1.85906270056795 1.5258956162998174 1.7451710055587675 2.089729288028236 2.2548243621273474 1.7945888362638946 1.9843924758078981 1.6763224049218575 1.8781164000250357 
1.969655763731582 2.151221372476817 1.651991517290885 1.8647481167710132 1.5213596677975398 1.7500699427740138 2.086158265866001 2.2583768233049684 1.7892983138205436 1.9874098776148417 1.6694453334688861 1.8802279881017196 
1.9670450826514398 2.1583066819576895 1.649950587982322 1.8738618729733552 1.518872479302726 1.7595439706308025 2.0817742095537666 2.263361490297829 1.7851763064647732 1.9939598344408072 1.6647795982541382 1.8869320302976498 
1.9643813346226848 2.164817642346348 1.647991190939442 1.8824230029974665 1.5161554745519998 1.7681540712884722 2.0778148392034357 2.2682495239311744 1.78168331743158 2.0005091452962667 1.6604962816019793 1.893380389148995 
1.9630723615550218 2.1725886640368004 1.6466422841349637 1.8915388492709342 1.5139654576975032 1.7772393799095296 2.0750025407168082 2.274230408375811 1.7785986785054153 2.0074614979075465 1.6565246313837927 1.9001479576025677 
1.962492765985648 2.178470162785343 1.6453722277180929 1.8977892826512641 1.5119538878371919 1.7833560924689158 2.0732777044443416 2.278779241906947 1.7760496476579701 2.0121398421943737 1.6532111607855784 1.9045895977207268 
1.959767461944812 2.18447862312672 1.6430839616092692 1.9055139083453603 1.5095566583926585 1.7916527718555317 2.069973164849634 2.2838667328015463 1.7730835578724455 2.0186836436642595 1.650109603389305 1.9115752805468087 
1.9614899295246049 2.1910945690285577 1.6455086750383419 1.9134135638764662 1.5116473582242782 1.7995917321510564 2.069596260845685 2.2883796340875 1.7729875179781835 2.024089278096804 1.6495040693815943 1.916850631036868 
1.964979427710654 2.201359313225828 1.6499319495440077 1.9253867436767322 1.5162760978549026 1.8121622111516646 2.070020059715869 2.2956092268123705 1.773728934878746 2.0324746023077607 1.650130934570372 1.9255572637099345 
1.9651848197971735 2.2066362427824955 1.6507182201578954 1.931880631499071 1.516303343253338 1.8183695886043765 2.0690670561538718 2.2996370615515067 1.7731209065546687 2.0374616269420267 1.6487155411596173 1.9301696991874184 
1.9648153735492704 2.212962310419127 1.6512038000609008 1.9398909053180182 1.5173673933940848 1.8273222325948864 2.0684711382989027 2.305488144661681 1.7732871699686883 2.0448105345913006 1.6493869177289964 1.9383446390091625 
1.9656038238330251 2.214396268301365 1.6517248173551822 1.9411716341083831 1.5170093711862858 1.827914077047116 2.0689520610702923 2.3066241722064325 1.7734596445949962 2.045754518950651 1.648721222950384 1.9386165458406182 
1.963072620190155 2.209740020441373 1.6498970101616162 1.936867829755102 1.515367340330469 1.823632370281971 2.0665837609011253 2.30218706594843 1.771799783502707 2.0417079415578123 1.6472560532049167 1.9346186576739715 
1.9594189756187137 2.203017421677525 1.6459307347560799 1.9295209306495458 1.5109931717961829 1.8157817609544076 2.063318571373478 2.2959195467556546 1.7683463429358768 2.034947622612113 1.6434905445954624 1.927439806680014 
1.957540269249859 2.197607570822145 1.6450848321393063 1.9245309128550807 1.5101739714797133 1.810563601129441 2.0616756561144163 2.2908560933884106 1.7677235955360244 2.0303600271416915 1.6429144924233914 1.9226760410986583 
1.957255558611601 2.1951885468715457 1.6451268254198552 1.9220940940328624 1.510164633977372 1.8079271711869396 2.0622180586533543 2.2892677335855693 1.7687103413040843 2.0288764639662045 1.6439255522790592 1.9210660207384882 
1.9573917047053742 2.1932282426709286 1.6453933261227875 1.9199445399410398 1.5105688033483975 1.8057369543899273 2.0634916690961975 2.288419914969587 1.7702922867225654 2.0280045905346 1.6457319625107274 1.9202347594055813 
1.95692934626547 2.192749718019592 1.6449328027232601 1.9194746117297306 1.509695235693284 1.804926193581056 2.0642881255471583 2.289074993283313 1.7713037358045063 2.0288163505046484 1.6464788804217927 1.9207997197196276 
1.9793225700923436 2.2093284451337154 1.666789799727896 1.9343222530067115 1.531120712575256 1.818720698314329 2.1486293012609132 2.3622070646403883 1.8646925414761972 2.1072476399884663 1.7444829246045832 2.0016580667628925 
1.9790200265225109 2.2048979637110553 1.666409129048794 1.9292418589635565 1.5306830192359095 1.8132967959981507 2.148780103988577 2.3584551512159733 1.864847193551568 2.103023970452348 1.7446278042313668 1.9971932656348406 
1.9796718694925177 2.2016322823895913 1.6673981450331534 1.9256948278634392 1.5315285035741255 1.8093268232301205 2.149331369812482 2.3553575807634815 1.8656744626166701 2.0997202662402437 1.745309194286216 1.9935366010334499 
1.9619371399395675 2.1856534946496553 1.6502663370117716 1.9108277893819343 1.5152962169405195 1.7955518602018294 2.0749208142659925 2.287614531138113 1.7831090901776734 2.026662745765622 1.6589821184914109 1.9183601140229771 
1.9653488546165436 2.186064736448251 1.654417848653284 1.9113820469865674 1.5203887119886677 1.7966259341172164 2.0791151202428786 2.2888867588464397 1.7880777334396176 2.028177727030489 1.6648439561780437 1.9204135778583113 
1.9672559338837943 2.180705969864117 1.65686312886762 1.9054075798634267 1.523711464221819 1.7908319976482998 2.0826278658466566 2.285327426256684 1.7923276335539213 2.0243075269338404 1.670011839599049 1.9168521492282602 
1.9651958407347498 2.1692154095988623 1.6552926729860071 1.8930120533269617 1.5234226774080661 1.7788528480009693 2.082098794880099 2.2756617043051808 1.7925218359733197 2.014109066868316 1.6715134917915442 1.9072121418555301 
1.9666575310959482 2.1606387277415005 1.6571452546522316 1.8832812488357678 1.5260295100083778 1.7690064817903888 2.084518560070025 2.2684434078187645 1.7954403854420813 2.0060468700597225 1.6751841236342977 1.8991734294888418 
1.974201504626121 2.1627701908589456 1.665999073249454 1.8856447782305235 1.5369321140727197 1.7726431228163326 2.0925955117862696 2.2713562674199834 1.8047263801330218 2.009263702142663 1.6863109791340505 1.9036144662058123 
1.9805611698554628 2.1648824429837386 1.6732422754458602 1.887811737631494 1.5453940588533528 1.7754819744337704 2.098459311042089 2.2732410616780703 1.8112560958901534 2.0111544170697684 1.6938570570444367 1.9061073354088012 
1.982645085916539 2.1651270966640737 1.675219761317601 1.887658617628993 1.548395117761936 1.776069043902573 2.099893650714007 2.2729819955971933 1.812466015214906 2.0104543924966314 1.6959360979438465 1.9060674322565296 
1.9850779590384882 2.1649636282072753 1.6776793804122438 1.8870985961153197 1.5519928168198491 1.7762924059569725 2.1013288811084307 2.2720290655228004 1.8137410693316758 2.0090270467518376 1.6981549595311995 1.9053249787320823 
1.9707004687561123 2.156697924503003 1.660391796160039 1.8773882168468938 1.5339570971691352 1.7665531342010519 2.0869438865373358 2.2634090186167324 1.7968236877210741 1.9990650226432254 1.6806840345393776 1.895358653119657 
1.9577471402528597 2.1504186302132546 1.6447731309722475 1.8699746181080237 1.5177466717368384 1.759284337328179 2.0706565443521168 2.2536958412057846 1.7776735672975086 1.9878756832026114 1.6608430446819018 1.8841247408460644 
1.9489754670077326 2.148825501570104 1.6333706701780861 1.8673096720678148 1.505791951565026 1.7568025121219544 2.057484436222546 2.2477072475075595 1.761430265579086 1.9802985243891917 1.6438206215089315 1.876457273933518 
1.9387868333298017 2.1435668607004077 1.6210375083547575 1.8611144792013734 1.4932009717024028 1.7508950976837532 2.041239266987827 2.2366587236976945 1.7422760870461949 1.967615426015206 1.6240112382286644 1.8637051813774088 
1.931762322386996 2.141571968903684 1.6126915161288595 1.8588702897173865 1.4846932956654717 1.7489822783533286 2.0272126204209564 2.2280520272637263 1.7258792728328365 1.9578774456523067 1.6069223753479818 1.8538674030776852 
1.9359401530354288 2.1657926971746027 1.6161034739566769 1.8853604879531236 1.4886294773834219 1.7773045467603015 2.027246188398153 2.247781314846896 1.7244283895757573 1.9790015163649675 1.6055779498905807 1.8763459926609594 
1.9395256974655015 2.1859177216741346 1.621221202158743 1.9091449764564872 1.4950777777523951 1.8032564754712626 2.033524594886681 2.269735366250665 1.7325762705315573 2.004569003055031 1.6151532151498942 1.9039948170121264 
1.944433615325319 2.203059002252797 1.6272951595844836 1.9289210505894456 1.5013989038250595 1.823964240715012 2.0409737821116396 2.2887159854964727 1.7415055071021424 2.026200462507866 1.624484706996988 1.9265506601870324 
1.9504306806392684 2.2198558219801034 1.6336304578389078 1.9473901774372184 1.507852189565993 1.8431490053652635 2.0467634265588583 2.3049556513518783 1.7475151378740499 2.043866235226503 1.630545586574923 1.9448030595150143 
1.9483136683616937 2.2257581024731774 1.6311377784617092 1.9541451923347457 1.5047047664990632 1.8499214617720938 2.0480087153928324 2.313528188444005 1.7490065752663708 2.053557153021313 1.6317322030054442 1.9546413898014645 
1.9476084048139555 2.2293475945894934 1.6294285248828684 1.9575110514890997 1.5023971701590628 1.8531080529483326 2.0501371077520547 2.3194556170752567 1.7506915718600922 2.05954683821028 1.6331199952795754 1.960584891807024 
1.9448922293587914 2.227087339423447 1.6283517467120578 1.9567426107232933 1.5026099687610919 1.8534154827831264 2.0497781904440804 2.3192461843496064 1.752288291697519 2.0610255919857496 1.6360994971028533 1.9631947937024001 
1.949673402156115 2.228887174370879 1.6325159665605111 1.957503522876779 1.5059322916635396 1.853252203040644 2.054994561276258 2.32157582427863 1.756953230133062 2.06242486260106 1.6400025423379685 1.9637515117435302 
1.9519946804520243 2.2280480004957255 1.6359682813896486 1.9571169811007723 1.5104114945646434 1.8534447774112397 2.057886994884073 2.3213818177355057 1.7609678784444083 2.0627463559325467 1.6449797974786802 1.964655998925257 
1.953252604726611 2.2232088111266766 1.6382896775208253 1.9522947388832683 1.513332110632458 1.8486848723001141 2.061855419468419 2.319204486627104 1.766364939753756 2.0609480295221636 1.651128738164075 1.9630811980127794 
1.9554334576542896 2.2158526691352494 1.641086348890213 1.9440801034200752 1.516092319653988 1.839787750180387 2.0672309933855506 2.315108425973568 1.7728193301106037 2.0564949358590234 1.6577876505794733 1.9581989016475854 
1.9580375084159676 2.2067772398146146 1.6450504370273302 1.9344626753090404 1.5208362819067047 1.8299994257277268 2.071929883380181 2.3084298437344395 1.779093448260605 2.0496654359782256 1.664910073740864 1.951379116277462 
1.9619833743850226 2.195007320024979 1.6489722477237874 1.9203613845740704 1.5247187629734344 1.8147852985307213 2.079502983100346 2.300654478691496 1.787194272910262 2.040279819711806 1.6732367440153948 1.9412366097730693 
1.9655030545708265 2.184883430283467 1.6531115147887783 1.9087406913269411 1.5291436241005125 1.8024410030642473 2.0859096469231955 2.2938030433163283 1.794601481646343 2.0325126873717787 1.6810999437056826 1.9330313932078935 
1.9647228986754242 2.1725023147466516 1.6522563108003434 1.8946190001104601 1.5278212475874133 1.787139615021602 2.086923819256362 2.283611452585479 1.7958468407354677 2.0210631148926446 1.682067990117986 1.9206725286679038 
1.9629242773275795 2.1615633172595246 1.6503169480199857 1.8822407616779528 1.5249873505449152 1.7733783226717303 2.087844275735621 2.275604969172374 1.797099894308049 2.0121760077393827 1.682738369599386 1.9107309272951019 
1.9634504093625589 2.1537496990193636 1.6509922255498357 1.8733060574358904 1.5252961770180897 1.7635273413321382 2.0890782294174626 2.26886493750201 1.798578790997492 2.0045912110517694 1.6839354994256757 1.9024034856533458 
1.973874170428561 2.1609056633007007 1.663360671497628 1.8815160824412425 1.5386596395190977 1.77223235815314 2.1078341289306994 2.283921793776013 1.820317059713785 2.0216053627958748 1.7071200779924767 1.9203106534321575 
1.9852984319776714 2.1678296853795964 1.677061541629585 1.8896060687913234 1.5531667279506731 1.7805624295747116 2.121187131776214 2.2929261934944614 1.8359086029574023 2.031904544808392 1.723470878434852 1.9309136566954515 
1.9922884985096914 2.171275299793649 1.6847949317629136 1.8930813316638035 1.5600083278284127 1.7829326821543205 2.1279729882905003 2.29640850135467 1.8432551477465078 2.0353900132146663 1.7299368660428045 1.933366112947571 
1.9992719589260386 2.1731581522631895 1.6937291173466789 1.895849759856503 1.5690089229025945 1.7853058531097579 2.1334841425396065 2.2972336788990275 1.850239050411584 2.0368879528997073 1.7367945246539558 1.934420639330536 
2.015402661825423 2.1746516810958485 1.712537850470173 1.8973792278016008 1.5886232685230948 1.786333097183445 2.1461992345756253 2.2963956974556887 1.8647008217118908 2.0357728751737016 1.751584184243795 1.932694802417857 
2.017990825626591 2.1708541366736482 1.7154330297371245 1.8928896401832545 1.5911300093685277 1.7810152770577492 2.1485108525704706 2.2926882897622805 1.8672231764877734 2.031463290638817 1.7537122392265758 1.9276481339739082 
2.0187847369502006 2.168796828230595 1.7155453196412767 1.889784011929165 1.5903648617040964 1.7769210059378244 2.148841957390792 2.2903514197264774 1.8668491335517956 2.0281305568042436 1.7525097252349529 1.9234027672443155 
2.0165732776807515 2.1650849806545907 1.7137391270132363 1.8862467984482014 1.5879191813993838 1.772713320268139 2.146025093664119 2.2861427977788464 1.864338411833026 2.0240511117647424 1.7493836757658652 1.9186892490020602 
2.0118683060818467 2.1559857638251323 1.7080599570906867 1.8756677077288075 1.581636833478735 1.761316441136186 2.141607902202604 2.2775304475630263 1.8591232188256481 2.0141995123563703 1.7436872995972184 1.9081682136480105 
2.0115623862558305 2.162631639969981 1.7067418968898755 1.8824346679232322 1.5791782962665268 1.767596240038785 2.1391619218982116 2.2817988746818267 1.8554240477312054 2.018214749054037 1.7388026298862245 1.9115509310764518 
2.012235275858974 2.1681474826245655 1.7064144844120495 1.8877561001387972 1.5780673178959257 1.7725882660142034 2.1373263064986685 2.2847180223063064 1.852275176006859 2.0205682439975248 1.7347534103875513 1.9134111152209918 
2.008343173437271 2.164210462984617 1.7023918903390283 1.8837470037380524 1.5734204759987362 1.7680544731687682 2.1302761915658004 2.2778150228128906 1.8446605374301501 2.013240453634908 1.7263505855857002 1.9054267160276959 
2.005944224045686 2.1631388255917026 1.6975684463320615 1.8807168789539401 1.5683319259589945 1.7649425992882177 2.1234180002962795 2.27250112272409 1.8348924774989541 2.0055392673249384 1.716029371538334 1.8973966777619935 
1.9992969622022037 2.1566603689201878 1.6925477595243685 1.8758234250778936 1.562754866724452 1.7596017666707884 2.1107106710184036 2.260330759103844 1.822808029374174 1.9941476163391114 1.7029720981715935 1.8852346196033425 
1.9942785423760543 2.1511430195553154 1.6862981043046807 1.8691898465863654 1.5570186924316483 1.753447060672651 2.0987092954245856 2.2482993779080136 1.8086003148019079 1.9802283920552093 1.688709865755974 1.8713659173720034 
1.9907495331095169 2.1476886388803567 1.6804205734207611 1.8636781078222064 1.550658861121865 1.7475770911681576 2.0876990505759587 2.2378494390319825 1.7942176361232658 1.966901042700359 1.673304074511193 1.8572639316413162 
1.986338476587535 2.1473147357972677 1.678449184566542 1.8661756873810378 1.5501917000074827 1.751717539380162 2.0827868662280564 2.236832841571334 1.791550237010419 1.9685203282496446 1.6719912958302412 1.860369566600166 
1.9874014544268706 2.1472034574436676 1.6813214081364811 1.867500956909538 1.551826644267342 1.7518230733889881 2.083041546416691 2.2360188350499284 1.793359757688914 1.9689736836987028 1.6725619500927433 1.8596186769061125 
1.9929325914732692 2.152751543340838 1.687748469694569 1.8737806142012357 1.555027137948518 1.7551832647778862 2.0875917275742304 2.2406691219893133 1.7985421329055264 1.9741612641920518 1.674624825635987 1.861968635567302 
1.9962503690675302 2.1572221387706576 1.6936553406175208 1.880707375644135 1.561337890913511 1.7624891005626815 2.0891190320329405 2.243437128604733 1.8021851200146588 1.9790055651266496 1.678445353177234 1.8670218594334267 
2.005289111793798 2.165990779130595 1.7041559478752992 1.8906292941977707 1.5730134924655794 1.773331069168631 2.095150085611711 2.249441156073828 1.8090375767348668 1.9856859236643545 1.6860726279845597 1.8743458966366802 
2.0183421093656944 2.180717991038447 1.71703039228744 1.905260993680068 1.586058569422567 1.7881297133146579 2.1041186259141287 2.2603409649693917 1.8170865938415703 1.9959032480355254 1.6938689757825898 1.8844145491687225 
2.02457337437312 2.193319288161338 1.7257225085802643 1.9209035187173145 1.5960628198854079 1.8053167801304457 2.1063412744236296 2.2690142608499753 1.8209597449533474 2.0068997345010935 1.698585511871734 1.8965613337671312 
2.0216247323858823 2.205533130241822 1.7204558876630023 1.9332300151286421 1.5901881788625802 1.818270682322709 2.097553134472233 2.2753327189521735 1.809069112757799 2.0124961825390604 1.6856633820351823 1.9023330064776487 
2.009601692821613 2.214181933760523 1.706331808468532 1.9431085694297914 1.575367207158855 1.8291759099090197 2.0819797879594057 2.280075110489014 1.7910078487464791 2.017873084778002 1.6667101460876426 1.9084091236083236 
2.0022697988580584 2.2272235714941346 1.6953762427906938 1.9559501769265724 1.563254292115998 1.8426080624536216 2.072644067677586 2.2906972565747505 1.7779397313967338 2.027932488639375 1.6524324693248709 1.918846933884798 
1.9894597645806484 2.2324213881087256 1.6829738271539725 1.9642189292655974 1.552771319571974 1.8538753653051463 2.0586194864241643 2.294268791812609 1.764189598054951 2.03423696679745 1.6404459167815588 1.927905056034993 
1.9790264031938154 2.2376032496710065 1.6704151092881825 1.9699262513450218 1.5403096604703388 1.8608806110382927 2.0482845000971546 2.299085077098768 1.7519162440420062 2.039493398993547 1.6283358802588153 1.9343734224131208 
1.9673950065358 2.2390974652171796 1.6562601862455066 1.9713224372339497 1.5264350681709329 1.863576766420423 2.03707678101293 2.3005643131071127 1.7384580824805642 2.040870121184099 1.6152531434242747 1.9369969190326557 
1.9541784393607073 2.2374433603696544 1.6410635978115686 1.9698804913147017 1.5114526030485538 1.8632843017806622 2.0239080877999993 2.2985959553306126 1.7235081395404692 2.0390732515194863 1.6005872504372416 1.9362900000418972 
1.9452370929955456 2.235814381465009 1.6296159596560658 1.9673756063257875 1.4995965203899884 1.8611040605956883 2.013388478830094 2.2953543881252325 1.7103900124491374 2.0347856386080965 1.5870020613363298 1.9322251791873948 
1.9362733157109329 2.231714622691309 1.6196557375980274 1.9633340297397717 1.4900664225242475 1.8578734476638097 2.0018576373843895 2.2888490130094232 1.6975171149517785 2.028043431377694 1.5743498946403909 1.9261291220357502 
1.9306572307888212 2.229126899527517 1.6126674594587564 1.96016982075461 1.4831476146348885 1.8550731085855243 1.9965444920855533 2.286429377933454 1.6909905088075332 2.0250971068759047 1.5679538937344937 1.9235510921930719 
1.9288586974513815 2.2262111223183303 1.610361983509869 1.956728341986654 1.4804752889304973 1.851304180175111 1.9956901253385606 2.2843596833191224 1.6898369505883815 2.0226391190654454 1.5665536322685667 1.920835851699421 
1.9294643860243417 2.224683207635705 1.6108257860291069 1.95477422490074 1.4811835162923903 1.8494018401462375 1.997610633390874 2.2840382658870424 1.6918555312544539 2.0220676784015637 1.568923208648623 1.920391260143695 
1.9338570428491373 2.2242826647207434 1.615975059887129 1.954227649117986 1.4866626134322507 1.848728221393618 2.0021641796509124 2.2839202509451177 1.6971251380723844 2.0218466916849085 1.5744916850454338 1.9200662427836208 
1.941562739949961 2.2244218584077076 1.6245411468971784 1.9538476575623802 1.495749953288316 1.8481489804022835 2.0094765242624755 2.283940155205911 1.7051287242791964 2.021348732248347 1.5829080678175849 1.9193709079180084 
1.9459934772248955 2.223780869150969 1.6311098917613858 1.9541827497964053 1.5033029849640556 1.8488457494344517 2.01454985994436 2.2840144217587244 1.712320064649667 2.022461555729018 1.5910500901611613 1.9208724918645277 
1.9531007459430658 2.2252113310432695 1.6376519624765697 1.95419213339 1.5097419172174296 1.8483191284524867 2.0216998674885844 2.285658176150441 1.7188867852780068 2.0227542422655698 1.5974944403669642 1.9206643202296856 
1.9540162402569765 2.2226635150620546 1.6383213866601418 1.9509358267221424 1.5109708087147182 1.845287624948482 2.0228611150813123 2.2834230280235 1.7198501649004223 2.019885695703598 1.5990060689403307 1.9180391139150446 
1.9520557971051955 2.2188814913401753 1.6389680518582417 1.9491355808696327 1.5129866869909994 1.84446251049242 2.021111513255021 2.279869510873813 1.720635402696341 2.0182912145208385 1.6010929482737721 1.9173971593313681 
1.9406382717727821 2.213339131644595 1.625874643959137 1.9432605506388614 1.4988766906818087 1.8383211209332417 2.00966991669509 2.2741078215135824 1.7076781400689214 2.0122022363244834 1.5872389883282385 1.9110522797320983 
1.933925153177912 2.2098946149294565 1.6176130547489442 1.9391337514194864 1.4891621710526395 1.8333498527815715 2.003160972381953 2.2707315103891546 1.6997821560641853 2.0081900032303244 1.5780340157532124 1.906242132016342 
1.9315058186203558 2.2059216322807775 1.615841971408185 1.9355414738424723 1.4874866539785458 1.8297519138299294 2.0010525835430437 2.267065716406185 1.6983645048411398 2.00494825661519 1.5767413422956507 1.9030209617616642 
1.9302382535676805 2.2043411852378956 1.6148731340684348 1.9341963665915645 1.4860590441621118 1.8280240228552824 1.9995356489835359 2.2652688928593023 1.6970970317445049 2.0033568530234476 1.575022088339084 1.9010510051432101 
1.9395984460828382 2.2083261846128983 1.6224229628697198 1.9356959151806257 1.4917618070077272 1.8275709820543113 2.008253431419192 2.2688640881302167 1.703906095771407 2.0044845693611513 1.5799977853171059 1.9002777184419544 
1.9370797626345282 2.2026119822629315 1.624286260733692 1.933268577929161 1.4957111040599518 1.8265741825636976 2.0066322195181256 2.264021731787979 1.706634323576155 2.002953382385182 1.5847544176963948 1.9001758081841376 
1.9333396013533577 2.199780039495122 1.6189517422582922 1.9293094494562453 1.489449224834858 1.8220014273762684 2.003517735863888 2.261705888465863 1.7021416061894379 1.9996290294755075 1.5794746902439303 1.8963044336606818 
1.9311374368723968 2.1975779772490642 1.6173000277283403 1.9276193985561803 1.4872734245222328 1.8199009328230176 2.0018474896580134 2.259966932910765 1.7011058025443597 1.998453931780788 1.5779999401299387 1.894766734205055 
1.9318702244531047 2.1977314577828864 1.6184511917659086 1.9280262592943307 1.4883454021592197 1.820184889655029 2.002804719743912 2.2603379707089135 1.702494769868175 1.9990971556751538 1.5793277739052427 1.895303989820232 
1.9338721020439795 2.1994350257882136 1.6185644696038524 1.9280570706968194 1.487915352923008 1.8197651560198638 2.005048880367758 2.2622718975101113 1.7029711236142553 1.999440865208071 1.5793200445330895 1.8952321569306487 
1.9333076070649386 2.1973708313198204 1.6205901797601885 1.927971160970817 1.4911313952617187 1.8205035305472932 2.004451788059558 2.260218404812942 1.7048346541102337 1.9993052454928335 1.582283636095362 1.8958854849001716 
1.9346413987889564 2.199535548498385 1.6223414480028826 1.93057272877975 1.4932087214813907 1.8234011004461113 2.005546090123109 2.262152604668414 1.7062735863887977 2.0016215523440213 1.5839981261378089 1.8984649985733448 
1.936194552304001 2.2018432015862732 1.6243643966707995 1.9333452441743793 1.495592231181912 1.8264885058416573 2.006705453411559 2.264096048481974 1.7077989125045403 2.003956403106537 1.5858163684209121 1.9010727746069296 
1.9376331738692671 2.2032373803289307 1.626109599159506 1.934958672964022 1.4979979374080226 1.8286143546627565 2.0076097225503493 2.265023054116379 1.7088905494731632 2.005028565302422 1.5874735594896345 1.9026047775822201 
1.9387685085436812 2.204345223262611 1.6274119532929239 1.9361777292698854 1.4998339647176584 1.8302503805000805 2.0080715306733197 2.2655387451775546 1.7093851550486479 2.0055702784746012 1.5884048175136871 1.9035084443996275 
1.9413480843558788 2.2067295605561275 1.6296808749667036 1.9382163767320304 1.502377663516148 1.8324741778896203 2.009779743084361 2.2671650986446137 1.7106261968391108 2.0067548315906056 1.5898178747618357 1.9048212104321602 
1.942317434308741 2.207747994953158 1.631662693947401 1.9400714781728248 1.505423793494606 1.8351716518134455 2.0099794558053796 2.2675033861848344 1.7116493636138477 2.0078091885335345 1.5917666899265388 1.9066398162106262 
1.9443174343452794 2.2102039734601444 1.6330857911019279 1.942060895002783 1.5073582310449662 1.8375962982926937 2.010812171690586 2.2689197668976773 1.7117139087531565 2.0086303353825485 1.5922073172231719 1.9078143148165678 
1.9448921536118655 2.2110802918892385 1.6337797556528235 1.9430663544977047 1.5076438474590077 1.838276513145125 2.0102890798044446 2.268817478860078 1.7111087005742796 2.0085227290675602 1.591114912877445 1.9073324917226675 
1.9465483916230903 2.2129303142960555 1.6348069657700997 1.9443774711537982 1.5082101013222393 1.839213865957529 2.0108297438347282 2.269679755756402 1.7108417323324914 2.0087282962338233 1.5903091924183925 1.9071164784801264 
1.9473227810934788 2.214014567830492 1.6363886357970225 1.9461660412630883 1.5096873851780175 1.8409102351189317 2.0106933276374197 2.269952015044732 1.7113121899307677 2.0095730651572836 1.5905903448108945 1.9078186857785098 
1.9477202523698853 2.2139980138861484 1.6366317238437638 1.9459538595485275 1.509701658438451 1.8404814917547554 2.010230625722285 2.269184918113068 1.7105485630615138 2.008519208419927 1.5895320332071983 1.9065112400906032 
1.9497987697642263 2.215927055517417 1.6389781077775536 1.9480417630466986 1.510684994621344 1.8414088697989075 2.0129317476591426 2.271675965786954 1.7136009500271907 2.011229894550618 1.5913353295688781 1.908131443044239 
1.951137314381702 2.217317577698928 1.6401677998219084 1.9492846976192675 1.5120125672667672 1.8427540325210632 2.0144999782706976 2.273273099135394 1.7150579449256635 2.012705685204034 1.592939216182664 1.9097161483457794 
1.9517799993580218 2.218564310425551 1.641000337201062 1.9507599904380855 1.5115704176431872 1.8432112090300448 2.0152258448853817 2.274580761259973 1.7159755670445893 2.014237965160522 1.5926503594618624 1.9102663691469834 
1.9520031404543925 2.2187510624096185 1.641041237612209 1.950783524675101 1.51137106851488 1.8430362240997356 2.0159294843728564 2.2751948713382357 1.7165872448447852 2.014748566388325 1.593078131280387 1.9106119304986584 
1.9519625574203545 2.2187272628178096 1.6418320812954685 1.951462380977663 1.5117256565829034 1.843341341686615 2.015705294146694 2.2750078404372607 1.7171262593213727 2.015220938669259 1.593180613756962 1.9107112050885684 
1.9543867298365618 2.22168214867952 1.6438999970074974 1.9541369655582614 1.5130875819202436 1.8454479430645694 2.0182741178445633 2.278085708387911 1.7193632906286123 2.018032260683969 1.594752944992186 1.912977008633729 
1.956039029133151 2.2227340019651836 1.645830459887093 1.9553044935999508 1.5146784483487445 1.8462688216758034 2.019907190257057 2.2791408068068457 1.7212478834996892 2.019195888578461 1.5963042240287908 1.9138037871349716 
1.9576916108807945 2.2246243899393536 1.6486213826446146 1.9581495592301015 1.517672429516014 1.8492503444133896 2.021272999956473 2.2807765724316442 1.7236416565960107 2.021716546243078 1.5988488672645205 1.9164328669048234 
1.958436350636193 2.225212976524541 1.649538666989413 1.9588460034656143 1.518704648143677 1.8500172052424835 2.023007495120374 2.2822487105294216 1.7257068695793065 2.023404075095533 1.6011090512870163 1.918241393963025 
1.9598300538631532 2.226914379320689 1.6514709425313088 1.961012515723765 1.5206382567939194 1.8521756182460802 2.024590033321623 2.2841144051525197 1.7278273168998253 2.0257346938395586 1.6032378710051887 1.9205690520846288 
1.9606929060850808 2.2281837627027894 1.6528393470547464 1.9627440270122742 1.5220326745416342 1.8539335669792376 2.0258830831941808 2.285757746387915 1.7296715011736652 2.0278682675095934 1.6051383296066293 1.9227468022525378 
1.9608816594700689 2.2283488816713803 1.6533432386670623 1.9631672676687766 1.5228838324856202 1.854631236458097 2.0266107659306685 2.2864017697216057 1.7307912002856065 2.028822327111492 1.6066329641165995 1.9239935907861259 
1.9616830611181817 2.2290406187591105 1.6543137587162842 1.9639693633246929 1.524424347836914 1.8558801793429445 2.0284638552554983 2.288031306577338 1.732979859109159 2.030674971500363 1.6094516992062857 1.9263323752348658 
1.9615778953222862 2.228542037794443 1.6542408559266724 1.9634471177541324 1.5244014495588127 1.8553736966490093 2.028784984949615 2.287920516529587 1.7334051705117908 2.030592342139852 1.609962873844304 1.9262897575279296 
1.9646376808370647 2.2314052935235322 1.658236434820089 1.9670069752710184 1.528209086010432 1.858706910076153 2.032654011563414 2.2915171170481883 1.738283402533902 2.0349441158235377 1.6147148740024784 1.9304591400298634 
1.9677325761267053 2.234274017740492 1.6616230566377683 1.9700254002297128 1.5315805409935974 1.8616519139598144 2.036128679064818 2.2947393954238553 1.742079128200048 2.038344569524554 1.6185139666095687 1.933803597915321 
1.96947959438721 2.235916109273246 1.664981373922126 1.9729759122978694 1.535700491081386 1.8651667414222275 2.037319624282751 2.295896824007475 1.7447017952325292 2.0406997156092346 1.6217883268440458 1.9366642331823063 
1.9721318201338265 2.2384047984188116 1.6686472688930873 1.9762428579464517 1.5397894336513547 1.868717106890275 2.0400873439106375 2.298501358795413 1.7484382067389055 2.0440617134480945 1.6259163431075903 1.9402979359841517 
1.9740739650454462 2.240464992377754 1.6711818175980284 1.9787784186386939 1.5427952927949482 1.871612320452676 2.0421680147505614 2.300688062965132 1.7510941860648874 2.0467159575940794 1.6290179546187482 1.9432999920419518 
1.9790700749325905 2.2444267524456416 1.6773592130172028 1.9834986803861732 1.5497862747791031 1.876851241599528 2.0477170574944403 2.3051850756834447 1.7578284090188352 2.051997514899492 1.636540339726977 1.9491016826101428 
1.9855000874772684 2.2502352671159165 1.6843067571473551 1.9895319580675852 1.557070270402797 1.8830337190215793 2.0555969385879713 2.3123206814653194 1.7663967359379489 2.059491585011272 1.6455199796818754 1.9568045798015294 
1.9939809853394415 2.257690952609601 1.6954832109741604 1.9989676301269235 1.5690872976017778 1.8929456450451103 2.0689604948851126 2.3241785208962003 1.7830593591339716 2.0737668494301014 1.6633316888087144 1.9717709234582117 
2.0019531787016622 2.264631749162254 1.7045863910385093 2.006577981069684 1.5799724425804678 1.9018552386850294 2.082214294805818 2.335884585995997 1.7981697929544056 2.086661216847069 1.680509672418963 1.9861654484694093 
2.010460353131302 2.2715484054082666 1.71482872320032 2.0146014187706807 1.589966272696638 1.9094433940059181 2.0959769108253172 2.3475733294857566 1.814333466899853 2.0999493459873837 1.696809101670792 1.9992854858956086 
2.017919620460203 2.2770056288551968 1.7232739209534418 2.020501929184491 1.5991947782050346 1.9157711183328372 2.1072013483856376 2.3564915789873404 1.8270114763291034 2.109674376257684 1.7104741642709047 2.0095962046735285 
2.025593134121006 2.282057325703752 1.7320639187391902 2.0260314685113263 1.6084591422221952 1.9214314728863378 2.118876919804017 2.3652478715936223 1.8402872805293635 2.1192959603788615 1.7244572098136155 2.019532312511528 
2.0330081161837894 2.286060588626023 1.7397287863541142 2.029681567258559 1.616942726156112 1.9254752125304442 2.131923564987535 2.3744576436207825 1.8543549650887123 2.1287515944677904 1.7396780926795508 2.029638115662287 
2.0420640443767284 2.290355165326164 1.7487942352764778 2.0332197371007985 1.6263760307309747 1.928937587206035 2.146365749767788 2.383817768575492 1.869529793230437 2.1379529624798206 1.7555510142904536 2.0390342286916714 
2.047229151390877 2.2892915504375173 1.7571439858772562 2.0340264481330155 1.6374086526901617 1.9315319568944778 2.155452047470463 2.3865628283254163 1.8821214938851876 2.1429162191613114 1.7708566928310745 2.045884168555153 
2.0550233887380966 2.289357982723674 1.766161224311249 2.034051207580726 1.6483117096776962 1.932607134691531 2.165258172657619 2.3888034241143847 1.8932900718750443 2.145363871482087 1.7838591082988056 2.0494370356418883 
2.0570935859225172 2.2860505976997887 1.7683447692244747 2.0301321476306806 1.6521352076762847 1.9297523308558433 2.169830828503356 2.3880031696636332 1.898308464376525 2.144287373446843 1.790553698586993 2.0495062482274995 
2.0558377170268596 2.2803070163357853 1.7665220764966991 2.0233466378132565 1.651529525848754 1.9237674352036969 2.1723769666313 2.3859071765578412 1.9008822196943738 2.14165463675874 1.7945201980335048 2.047836446386823 
2.0535276249746435 2.2730550444575686 1.762729184796689 2.0142039885607415 1.6480331827162948 1.9146323145538937 2.175445615071542 2.3837716234434034 1.9033659912202907 2.1383651758139908 1.7976655108595703 2.0448483605230976 
2.0513307224427977 2.265904841787865 1.7602121863109828 2.0061689759433747 1.6466994348810866 1.9073505309820975 2.181077641102602 2.3840022432283257 1.9098400154247712 2.1386575003299826 1.8057577280791823 2.046247294858979 
2.0512013664233457 2.2599507424758176 1.7590495381361493 1.9985508726117032 1.6456918027434544 1.8995398975586169 2.1884000735736144 2.3851719424010085 1.9172697029935566 2.139129128130651 1.8138272646580766 2.046929324333647 
2.0531597617053476 2.2540324269375454 1.760135166822696 1.9907970715484689 1.6473326694647807 1.891798641104798 2.1968457194181754 2.385650496096601 1.9258094177062175 2.1386769480045276 1.8232857789512757 2.046843473821572 
2.0546254827661925 2.2469331619859565 1.761585533442021 1.982525246152545 1.6494873230286464 1.8836218274463188 2.2039650075607393 2.3842576443312935 1.9336906349652239 2.136909504811144 1.8321529163670294 2.045484556028769 
2.062080190253289 2.2431746661004888 1.7679255524583155 1.976162602276199 1.6559502187671706 1.876653670402464 2.2156457128690588 2.385108759900697 1.9448578284684566 2.13591428773606 1.8436600394202398 2.0441967157186807 
2.074105626124882 2.2488261872636777 1.782716048708512 1.983275468139232 1.6721246581289595 1.884490897967642 2.2306896778491825 2.3940095052156516 1.9626866282886042 2.1464957193208862 1.8628105547432592 2.055570051120343 
2.0859170404052527 2.2542486475216106 1.7970913787153424 1.9900061529686308 1.6881311997155346 1.892187626228702 2.245045526249526 2.402252376486078 1.9795749389535648 2.156224479114596 1.8812140927956633 2.0662897977614394 
2.0972488168407106 2.2590303861036842 1.810375709553064 1.995551526606056 1.7024188144342625 1.8981558169285682 2.258452851839011 2.409434574662645 1.9948977151673117 2.1643434523152187 1.8974684461091205 2.07488606665035 
2.1108284911948676 2.2678927108750098 1.8241424755868167 2.003805429686226 1.7158329473582212 1.9057342763459968 2.273016571703779 2.419575327209302 2.0096027436386525 2.173992551974362 1.9118289984305605 2.0839459081367733 
2.1234098928792835 2.273953411127328 1.8396258269489507 2.011521246712947 1.732437240761584 1.9139836300181903 2.2856862626260868 2.426181409943949 2.0247753705430167 2.18213424059053 1.9279084291422168 2.0925643249270998 
2.1309246115402325 2.2719909973562595 1.8497696398384016 2.0106593725611233 1.7439315986780817 1.913740006601704 2.2931865946860692 2.4248315714803557 2.03457926325024 2.181883628988469 1.9388559716616112 2.0929084716842947 
2.136076158299605 2.275690417182443 1.8551774036075366 2.0143556586799662 1.7491102662942666 1.917115605396816 2.297509885692769 2.4278585617074153 2.0389736436884123 2.184801830934788 1.9429660430527345 2.0954862359977455 
2.1446090075145845 2.2830368967479897 1.8660128035768377 2.0235892517783074 1.7604351084640097 1.9266658890198607 2.3048545432874263 2.4341865463667096 2.0481724667890373 2.1926969992483434 1.9524698311914297 2.1035798341191354 
2.155128831880129 2.2904428538605823 1.8782832135759 2.0321161421535456 1.7732269168950179 1.9354280879435974 2.3147748695328905 2.441256004891951 2.059502426563516 2.2007040759313847 1.9641629549049666 2.1117491087297773 
2.1637792102498836 2.3012033786064214 1.8884351423095287 2.0444519573004425 1.7838161852359145 1.9482291194080867 2.324231224815984 2.4526816559451023 2.070337557600115 2.2135704464528816 1.9753760397477766 2.125019298126398 
2.1678323791661196 2.310623516577514 1.893410786110885 2.055355982831451 1.7890295877265527 1.9596200338231489 2.328729011499844 2.46220685975022 2.0756892806489704 2.224403246041742 1.980936256067075 2.1362566001772914 
2.1703401912830995 2.3184724557127607 1.8965230538801159 2.064397654498464 1.792578623630986 1.9693339239191405 2.3322215645643016 2.470666996626368 2.0798270539202917 2.2339692379750353 1.9855022040327128 2.1464288910231244 
2.1721179213748525 2.3241455325254075 1.899654047545976 2.0717725966808738 1.7966470594854764 1.9777504514871964 2.334338419389487 2.4764272749745366 2.083200684580775 2.241267785035472 1.989718635445175 2.1546545988250205 
2.1718259247988567 2.3288752831417163 1.8992175120371046 2.0769832437524403 1.7960769439053577 1.9831098369047562 2.334520181422386 2.481293355141308 2.083310775632961 2.246556481521978 1.9897359167156854 2.160065104358757 
2.1684054883774047 2.3312842214164387 1.8966062084748245 2.0808697386009656 1.7942870054774542 1.9880567439148333 2.3318298786629463 2.4840157692786997 2.081481042677365 2.2506592567568395 1.988696577918625 2.1651369097646573 
2.1642301922404212 2.331324205554648 1.8918012540975357 2.080887361537142 1.7895802762114388 1.9884108708727706 2.3291866457810997 2.485214408715073 2.078492263850171 2.2519569972104283 1.9859042451450193 2.166793921277473 
2.1629338073450697 2.33343552200532 1.8897480740448553 2.0827353321428625 1.7872124081250778 1.9901675487647363 2.328839803764149 2.4879978922813097 2.077585127015555 2.2545506515481613 1.984777158372254 2.1693268653654383 
