1.9516187529753268 2.150633183061437 1.6271630242126847 1.8612003756943982 1.486885919553 1.73989570632408 2.0984611151234063 2.284720197924676 1.800661767818979 2.0146439221869876 1.6749785170219258 1.9031448614346123 
1.9476612988389665 2.1484849177955825 1.6224610747241641 1.858758415178016 1.4817900738617091 1.7373268920946023 2.099509340240022 2.2870379045295883 1.8019253241339082 2.017309540143775 1.6763820440923034 1.9060062079529252 
1.943812969910688 2.1456396801870086 1.617799999379716 1.855434615714876 1.477131116046578 1.7341502556563573 2.099812429240529 2.2879189262718667 1.802243106240945 2.0182767375147073 1.6771164867095576 1.9073752869304483 
1.9462300936910568 2.147318252394996 1.6207718028114568 1.8574351499497095 1.4804602041219144 1.7363543749674775 2.113352917349277 2.299874921109559 1.8180622135858553 2.0318745807624787 1.6941698237392555 1.9218156756434004 
1.955641743824574 2.154980334316121 1.6320011969938073 1.8662351186517792 1.4926797056934953 1.7457085423658842 2.1445067306187733 2.327727374236343 1.8541311697043497 2.0633002703361476 1.7327628779695219 1.9549610743872166 
1.9623514532153867 2.158826573612744 1.6400868354866276 1.8707201225561616 1.5010905735286395 1.7501376685668302 2.1667371740560832 2.3461583344771384 1.8798434997192026 2.084111449140026 1.7598862649150202 1.9765901483202177 
1.968963448665305 2.1640084421323245 1.6476714467939202 1.8764159112574081 1.5095021864773732 1.756334912942281 2.184537906848945 2.361847019156823 1.900055262580531 2.101505526116924 1.7815683133857005 1.9950190802846897 
1.9757426006542376 2.171767747030048 1.6558979934887204 1.8854746054614393 1.5181449158891156 1.7657237350842772 2.1980529951572985 2.37580581961573 1.9156921230510842 2.117284258978933 1.7979549858436308 2.011382224769815 
1.9861220380428413 2.181800500503987 1.669200484303623 1.8978416506124662 1.5327167003720712 1.7789865535184493 2.206957945920005 2.3845829926969304 1.9267103783027302 2.127859383478958 1.8097522230016596 2.0225666324399425 
2.0054209978502393 2.199159778837966 1.6876915910848906 1.9138686634298212 1.5503413671248825 1.793919928218272 2.2194814817336614 2.3959733725562664 1.9371854778927726 2.137119072489563 1.8187751438148283 2.0304022699944584 
2.010090348760284 2.204263002152701 1.6982249367440228 1.9241310008051011 1.5630608245936048 1.805954405254806 2.2165277190189254 2.3940148916953796 1.9381692017930838 2.1388810222308394 1.8209039130001452 2.0332248357865494 
2.0233298650631957 2.216893857228318 1.713970372805974 1.9386719862361061 1.5793489591780057 1.8207409937211412 2.2247386657125934 2.402127549085737 1.9476377555173474 2.148033393147474 1.8302845469261468 2.0422282326117838 
2.0287225726862332 2.2216655549309507 1.7203330994103 1.9441266764196847 1.5862517671941772 1.8265478997186604 2.2278085509052725 2.4048312831728236 1.9511436737171997 2.1510565302954383 1.834014812232074 2.045407757031993 
2.0319016516123214 2.224867278671894 1.724837344048673 1.9484542461409968 1.5915053644348423 1.8314746547263165 2.2292295404253193 2.4064235765519086 1.953433870266634 2.1534423538569314 1.836771446616285 2.0482039529756015 
2.0263036729177712 2.2204402075174303 1.7173086465979404 1.9425748706189037 1.583238112376041 1.8251276834128756 2.228942588130087 2.4067889814979733 1.9522877538877434 2.1531083610120625 1.8354621779759044 2.0477718493670265 
2.0265847851923198 2.2196695845942926 1.717593708527427 1.9416527291905212 1.5834967393629202 1.8241022714675292 2.2296241429202817 2.4064727282670377 1.9530248525538532 2.1527176423983243 1.8362025625439586 2.047321915061967 
2.0297077294221944 2.2228359987358943 1.7212829070423605 1.945276652940707 1.5875036205553044 1.8279644842491334 2.232431446534518 2.4093643505863116 1.956234020427055 2.1559540702612843 1.8396207331611045 2.0507293464219503 
2.036353224227354 2.2303223726450714 1.7290706283495594 1.953788286872746 1.5958970962506134 1.836978762512278 2.2349588790984813 2.413015669936924 1.9590793693112947 2.159998936888891 1.8426052966550217 2.0549446978838968 
2.0432916423411367 2.2373182500621454 1.7373649057296916 1.9618840516353508 1.6045718730119696 1.8453192439415844 2.2379439489498254 2.416390973133516 1.962597564107614 2.1638718573522646 1.846077809476388 2.058775241506741 
2.053398636186447 2.2461075987878143 1.7499984460256988 1.972573939636322 1.6181775066698834 1.8566237716167378 2.242409269846243 2.420114195597464 1.968361738983046 2.1686404316373795 1.852147892985968 2.0637357398010923 
2.0679118012651263 2.2579358377756398 1.7669399110925024 1.9859737357557325 1.6364135666180417 1.8707924499290618 2.2486727144943925 2.4245708912324218 1.9754357515524466 2.173559623799536 1.8596018713992464 2.0688485081831343 
2.076738095239978 2.265865116974303 1.7773390274849001 1.995053290195771 1.6472865570449395 1.8801214357378542 2.2514522765674982 2.427002465132858 1.9786688090888203 2.1763349623072665 1.862726291879988 2.071485662649146 
2.0855870964037466 2.273436841411217 1.787763519340802 2.003731503042713 1.6581982949833862 1.8890376175941572 2.2551445808120176 2.4299215245694272 1.9829528347305212 2.1796659101719715 1.8669828947169842 2.0747208642045822 
2.100456044914011 2.2864428964038903 1.8059293021089753 2.019229101938611 1.6778238321754195 1.905517864968946 2.259472987432204 2.4333359206726493 1.988638536420284 2.184167747778501 1.8730711134753562 2.079495351770667 
2.1147767595137625 2.2998274705941597 1.8214076244980226 2.0333350403953427 1.6936477575279725 1.9197313297697494 2.271011153134112 2.4442621196548315 2.000684045435343 2.195372929955075 1.8851136946241545 2.0905930482950357 
2.143179108758643 2.326665967168362 1.8529957528876018 2.062462385300515 1.7261639053750053 1.9493074818456655 2.289849345791004 2.4624312897986593 2.0208380920844426 2.2144851376741026 1.9052126291885347 2.109500650149103 
2.1599681100872625 2.3420038257086473 1.8737963692445185 2.081017183118376 1.7487610214646083 1.9691837885870227 2.304001234091236 2.4754679092514893 2.0381541363434565 2.230155144050283 1.9238306994883776 2.1261806704355912 
2.1609702131231057 2.341343720670957 1.8723053474274223 2.0778896675053082 1.7455470105400543 1.9644420384234602 2.317525046251997 2.4865680156242096 2.0510137473954972 2.2402579200452166 1.935991850190832 2.1354537223562864 
2.1639198273654503 2.341016458392662 1.8716545475234792 2.0738610812842118 1.7425413829419718 1.9581265307597768 2.3320931584277074 2.497292041148836 2.0637829889756625 2.2487795055952726 1.9474496018088168 2.1425146419068692 
2.1577933565525083 2.3336142463530987 1.8670063689184728 2.0677030886425984 1.7381097185109289 1.9521036536982712 2.3347347434434904 2.4981332237176908 2.068967601061491 2.2517349345431716 1.9534429979505776 2.1460714870297632 
2.1517386050203333 2.3239101529178896 1.8621886347883367 2.058719477256396 1.7336363859629995 1.9432124158812 2.3357432067106285 2.495250629134246 2.072067521799145 2.2503429048469146 1.9573483139428327 2.1451787330184984 
2.1518612186162236 2.319548952508763 1.8630683841943376 2.0544645149246312 1.7349648135292253 1.9390470708790182 2.3493639017156327 2.50385929748149 2.0880679688852326 2.2604929731331835 1.9746156442924534 2.1561325519514103 
2.161793091885893 2.3214482061949107 1.8697802644496946 2.052279376509341 1.739512984293469 1.934341703124236 2.369615220259519 2.5161177822203733 2.1066098730627774 2.2701492372100933 1.9918916492835574 2.164117544036268 
2.1593927750823307 2.312738081568635 1.8717304493643763 2.046742570998554 1.7442289394106985 1.930832688230073 2.3785470629015877 2.5185842069102575 2.120821503200533 2.2767661551634526 2.009189778601755 2.1731598752272623 
2.165352253544566 2.310727026096014 1.8779318163156324 2.0438534472731966 1.7505674941374099 1.927484256415738 2.3936803527560926 2.525948265180926 2.1371904819108964 2.2843581512474196 2.0261889844657954 2.180860107382069 
2.1724391967345023 2.310060664806976 1.8860610092752699 2.0430649383434805 1.7596482256145543 1.926979524927146 2.408372194862839 2.5332084084355255 2.153599474412187 2.2923522652001918 2.0438019579666835 2.1895238420643994 
2.180221554731053 2.3139490924724098 1.8955041321278858 2.0479087601145443 1.7702845765904105 1.9325894175830234 2.423420213812266 2.5443977494790175 2.1708374927464953 2.3051094973458177 2.062403206726049 2.203293299121542 
2.1882374084997083 2.3176150794378083 1.904502251497099 2.051849294280045 1.7804835904769019 1.9372863795622781 2.4379384178681627 2.554701632245441 2.1868446673958166 2.316300131631806 2.07973137431677 2.215454646296674 
2.195386551633657 2.3205502521716523 1.9124968255905472 2.054963617598599 1.7899978169522777 1.9414745804295042 2.44960939811512 2.5623851320779085 2.199660928446455 2.3245944940771754 2.0940287192237648 2.224901714389631 
2.191853713251295 2.316663733301294 1.9080955170780862 2.0502528271394946 1.78612774019483 1.937255909061446 2.447894401279085 2.560252947017831 2.197451433323041 2.3219605842290885 2.092418840436467 2.222819101212127 
2.198627561116991 2.3191636232019617 1.9149455520466503 2.052211788774066 1.7940542082398878 1.9398936209965871 2.462352246585214 2.5705515643424177 2.2127430716337697 2.3325498193486136 2.1089916870066725 2.234368522545744 
2.205218721632802 2.3204471825576656 1.9222016576415206 2.0533739867446967 1.802667938096146 1.941931309763507 2.471579915875635 2.574916075789619 2.222740849257918 2.337105560251785 2.120219178613336 2.239824743626119 
2.210309119407668 2.3220063582679313 1.9284226678134384 2.0554953442507964 1.8105063071242529 1.9452969471617179 2.4791516950111583 2.5792324926955885 2.2314884515221447 2.342175875927489 2.130413061281004 2.2460870277388407 
2.2168143230295607 2.3240578597765182 1.93558156479881 2.057536193312042 1.8186127034608028 1.947904350318313 2.4857830217677908 2.5818784681136733 2.2385994466427013 2.3448468340829876 2.1382711833883485 2.249262733988408 
2.224850673095747 2.3284488970244976 1.944762797251788 2.0624781419580187 1.8287589883783482 1.9534772038738002 2.4942620925585586 2.5870943420862336 2.2479958199192898 2.350574175569578 2.1484278685528637 2.2555389721427117 
2.229590749991657 2.331326873102174 1.9500656761371808 2.0656152153894394 1.8346671224089564 1.9570420350233564 2.4983412666343967 2.589540337853103 2.2524187695382847 2.353168160197728 2.153285309049491 2.2584613565364275 
2.2311514856107038 2.332398148413527 1.9525191246548268 2.067456191343084 1.8375908664724177 1.9592815937283876 2.4988656515272787 2.589666718974249 2.2535801571683334 2.353862293287959 2.154769775447681 2.259441735509648 
2.231843152234397 2.3341749068687143 1.9527480165591182 2.068930510156291 1.8376321329840666 1.9606479785661601 2.498933424578488 2.5907367485245523 2.253168706616433 2.3545738170963273 2.1541671848943316 2.260018783142204 
2.230185461850664 2.334657834473836 1.950863726827187 2.069485271865944 1.8356408818312093 1.9612438545142876 2.496604762462425 2.5903542903954393 2.250594904986248 2.3541617268509953 2.151484509065789 2.259598548983881 
2.231402425832351 2.336089954948332 1.9523302629448995 2.071171877756769 1.8368847011204867 1.9627289412474918 2.496361906256883 2.590363344901734 2.250390951948239 2.354234255168865 2.1510024142735173 2.2594182609270246 
2.232832593057153 2.3377292378285235 1.9541109484925185 2.073158508121926 1.8385384764584967 1.9646018248485697 2.497029480830839 2.5912531387184714 2.2512584122082315 2.355334591797592 2.151705967119655 2.2603705823865097 
2.232464133227963 2.337235103636192 1.9536729308022056 2.0725852802886737 1.8380548563493093 1.9639800096918705 2.4876733032915075 2.582109658288989 2.2408615035983996 2.3452573636659326 2.1408101299996876 2.2498532921569088 
2.2353512037518177 2.3437243248545037 1.9570049049797245 2.079931947183537 1.8412385484001523 1.9713974989622716 2.4900619659307073 2.5877900419034576 2.2435422412280763 2.3515378999656162 2.1433088863191654 2.256107641265084 
2.2388837501993377 2.3482219824425994 1.9618174410751503 2.0857309759474374 1.8463968634360952 1.9775559181036195 2.492125675945467 2.5907984129659045 2.246512321334261 2.3554964745944007 2.146455523673074 2.2602693085176044 
2.2396232295691747 2.349341885917386 1.963432026637505 2.087716553971314 1.8481501984486703 1.979685389784412 2.4926061139309317 2.591636611430287 2.247718477035294 2.3570603383252324 2.147750494076502 2.2619299881530064 
2.2403912452142505 2.3489573376825432 1.9644010109019645 2.087371307231337 1.8488887829268315 1.979049613893664 2.493536189256667 2.591518931004105 2.248831057934913 2.3570084365043455 2.148664591585355 2.2616381606598037 
2.240157528573571 2.3474675044108384 1.9642641589218213 2.0858167746628298 1.8484919094291028 1.9771748204609654 2.493565446112223 2.590398920144318 2.2489767822823006 2.3558850775631757 2.1486007587369156 2.260261744109485 
2.2405010180204203 2.3483567177391387 1.9647416953255052 2.0868982704843426 1.8487016868468908 1.9780375094902878 2.4938399663993156 2.5911719819437957 2.2493561068916006 2.3568066016562623 2.1487416999747873 2.2609788489082643 
2.2400996768725765 2.3475743186328777 1.9643702592751244 2.0860990232260357 1.8480099969222623 1.9769166820846598 2.4931725593116534 2.590167567877534 2.2486914781055716 2.355774179093705 2.1477904452959606 2.25965980096222 
2.2374443716290715 2.3433564915596197 1.9614230146846472 2.081428012911955 1.8445743923557572 1.9717040902058833 2.491619213486405 2.587146813656815 2.2470401045407735 2.352520257471678 2.145801406890817 2.256019948540928 
2.2365960829564377 2.3417337863335534 1.9605452992206225 2.079685783491362 1.8433479601790002 1.9695905132935831 2.490293142410363 2.5851334632656937 2.2456481841855993 2.3503810020709577 2.1440917888784705 2.2535493531085757 
2.2332736828973023 2.3406023086551206 1.957523653579103 2.0791360414560853 1.8401743520443055 1.9690478588601343 2.4953311419612585 2.5918304984318863 2.2519025333352416 2.3583835235605086 2.1506761288584757 2.2619274161214102 
2.2280940040989767 2.3384636986666716 1.9510425103266742 2.0761927790987547 1.8326718590903857 1.965374193883142 2.4903713237591316 2.5895866289973406 2.2459103535541685 2.355445370854907 2.1438825952467195 2.2583715728554967 
2.222836147658754 2.3360143147117935 1.945101505664527 2.073495166750675 1.8260244454383434 1.962225169173612 2.4857527183166086 2.587456070316636 2.240844908649059 2.3531570801411474 2.138301034143324 2.2557246400698845 
2.218752391640007 2.3333188295662146 1.9405774239149156 2.070592988302687 1.820966122971059 1.9589364987176716 2.4822390654222346 2.585154804437879 2.2370715993700894 2.3507453978915387 2.1341429716652653 2.253015936141653 
2.2152863399410583 2.332483174286462 1.936619099443525 2.069656427219129 1.8167530995513534 1.9579519951034166 2.4778253477615104 2.5831381388554213 2.23217795491521 2.3485320123024613 2.1290177807640425 2.2507111989789914 
2.2113392175537974 2.3323810921655665 1.9321764741067105 2.06961019302946 1.811701608734573 1.957611591478616 2.4706597493648212 2.5795619824170615 2.224285141147924 2.3446587839452118 2.120471924155432 2.246415278867966 
2.2068543222776666 2.331574150704974 1.927178849758273 2.0688282527642596 1.8061222987814585 1.9565555904792533 2.4618346430895026 2.574230337478684 2.2145975095072283 2.3389044763725644 2.110095156222965 2.240208380663643 
2.1985761158970796 2.3277386306871075 1.9170425204968953 2.0638997603549183 1.7950039313029624 1.9510687606522457 2.4477112767467264 2.5643558040398937 2.1983188081607024 2.327495602082438 2.0927476365565654 2.2280536047665214 
2.191085560455826 2.3238466957090824 1.9086133648379444 2.0596632026518367 1.7857774608382815 1.9463834852253603 2.4290514662555056 2.5494506383999713 2.177668493806626 2.3112004674709676 2.07085398618976 2.2108468431888313 
2.201821724456621 2.3332340416145843 1.9209307822743455 2.070250529996099 1.7989381185269073 1.957585385353377 2.428136372490048 2.547902751297453 2.1766493533431444 2.3094944455592716 2.0697839721596862 2.2090649329680487 
2.2167354942747273 2.349339977733623 1.937929899551947 2.0883137635368443 1.8173883293279451 1.9769629280736196 2.428061229392171 2.549698690645116 2.1764965834288414 2.3114107071391317 2.0698950267289935 2.2113225683010205 
2.2136030937563875 2.358387160834253 1.933472431530341 2.097681335948778 1.8128838656372475 1.9870831019330442 2.4113896018536387 2.5449461989652846 2.1570991629333713 2.305434480185427 2.049709507595613 2.2052801203538404 
2.209188399517771 2.3657771003549533 1.9281767130021796 2.1057666871151444 1.807770861742132 1.9961020496367137 2.3912050940360365 2.5365822883840945 2.1342946970237944 2.2959968984612957 2.0261746977355855 2.195853321545838 
2.206897698526386 2.373812132490914 1.9253599438445426 2.1146152136880745 1.8053561573720185 2.005965464199486 2.3750249156337415 2.530875330489643 2.115976562129425 2.2895290782344437 2.0074004964334 2.1895760643743483 
2.2086951325148636 2.384389514327483 1.9278634282528548 2.126884238889096 1.8088956541478147 2.019673898240716 2.369800832803223 2.5343510322752945 2.1105163341596884 2.293743308305192 2.0024298455513616 2.194699171639441 
2.216859011226578 2.399484774158086 1.936902621521402 2.143514653790937 1.819384614328834 2.0379459464412886 2.380755114911334 2.5516775311423032 2.1225274572491353 2.3126145620350314 2.0158599694364883 2.2151195728755773 
2.2218000994855367 2.4099880269358063 1.9421965821393932 2.1549418023635676 1.8258233663949917 2.0506773449701785 2.3881678170040606 2.5641747463996953 2.1305110663345403 2.3260963031813495 2.02498908771725 2.2298491907019047 
2.2207118423360472 2.4136433330489324 1.9413760343353268 2.159410558270835 1.8257981067718194 2.0561254288519364 2.3903147515947687 2.5705481252393545 2.133303642637766 2.333473266221741 2.0286897869540232 2.238234863496581 
2.2134605911503935 2.4101057876566023 1.9323248701436957 2.154781084680263 1.816168026085651 2.0512602024355298 2.386164942013827 2.5696274534678856 2.127969629880993 2.3318355140995366 2.0230772701248587 2.236524929442069 
2.2065176191666818 2.4068402897602077 1.9248254355377272 2.151537388476668 1.8090748991937842 2.048636660711948 2.3836967908551205 2.570247180224696 2.12561599173816 2.332895951613145 2.0213961457203284 2.238348175475165 
2.1997668794287293 2.401927203412212 1.917081750742938 2.1460387707801574 1.8008322060179869 2.042859907309263 2.3807056348972693 2.5686648840772537 2.122259982950159 2.331151518432813 2.0178656125796905 2.2365289171150033 
2.1951005994592685 2.398883016352911 1.9116107878295834 2.1425286202397484 1.7952891930122123 2.039420596872171 2.38633336904684 2.5750262197939735 2.128468019639111 2.3380652674864404 2.024644065762286 2.24396004363412 
2.1929134495646925 2.396934864121618 1.9090674923851487 2.1403191435021363 1.7925474341511076 2.0370698685223636 2.392735961029073 2.581010020275342 2.1356157595414302 2.344628332585299 2.032127526904185 2.2507708970843123 
2.1902015710064977 2.394735223351285 1.9052613578297675 2.137239974817833 1.7881640757042765 2.033544843360807 2.4016225519592647 2.5895105233227627 2.1449542657314 2.3534236062382248 2.0416509794965765 2.259670903118268 
2.1858529222288583 2.3910281008420706 1.8995553472369369 2.1324570097932662 1.781739362762253 2.0282153579480755 2.4073978490512196 2.5951159482798527 2.150795648874258 2.3590218957475657 2.0474878663416884 2.265230439539527 
2.178879144968167 2.384385133311565 1.8916165278346482 2.1250861685958076 1.772959065623685 2.0201886010858514 2.4064238978985415 2.5939649403870537 2.149784811644461 2.357827998806785 2.046153830086392 2.263741069989501 
2.172318196672681 2.3784228097996474 1.884052921654604 2.1183918726655016 1.7648842669124936 2.0131431121942747 2.39979105541196 2.5878419241165505 2.142355286509511 2.351088022217639 2.038344239238125 2.256717960272229 
2.166377594782705 2.372402142179209 1.8773299916574335 2.1117452352536517 1.7574305767160476 2.0059068455480427 2.3872710612028327 2.5756869298687097 2.128435842128322 2.3378064879490132 2.023470649269838 2.2426621478716986 
2.159298697776401 2.3647408105623033 1.8692043409480035 2.1031769072379194 1.7487987849432136 1.9969289985221959 2.3670657775648865 2.5558616218877854 2.1057906822186436 2.3159841606191653 1.9996816544937497 2.219944808827206 
2.154365699956637 2.36852156228092 1.8636650388816254 2.107569737633763 1.7426328543757144 2.001342571123107 2.3407968166395072 2.5392779600960687 2.0763635386872044 2.297800767392519 1.9684530557749276 2.200774921392383 
2.1505621518215046 2.3644658001474963 1.859428696790264 2.1031538292923653 1.7378572634273335 1.9964791056425157 2.3216048919114423 2.5210375295435687 2.0548495769148505 2.2777593672219067 1.9455280962625907 2.179646880705024 
2.1513443536077945 2.360267308192049 1.8604375732069431 2.0985250063128005 1.7386314502504954 1.9913358727548047 2.3211678313082276 2.5160284854150876 2.054450178782669 2.2722994466883413 1.9448333844060115 2.1736964211729615 
2.1530731572682567 2.354183892160742 1.8626045462601823 2.0918301731519935 1.7402985062767535 1.983707808249264 2.3211225594244476 2.5087980615085583 2.0545514379224237 2.2644291529277525 1.9443571704471119 2.1649440140172445 
2.157631671257219 2.349837945300105 1.8671186632917094 2.0862636561978976 1.744737165538758 1.977491268545128 2.3227267607689503 2.502283666084287 2.0556792743986643 2.2565861870427684 1.9451974072551659 2.1564222437992564 
2.1585542652679663 2.3454884879458544 1.8670107589691416 2.0803098098808577 1.7433645149843249 1.9700963334534 2.3256079161773013 2.5000823807959867 2.0578690040395013 2.2531721125485578 1.9463852382780058 2.151830668702008 
2.1557510130095037 2.336768153799495 1.864430650598595 2.071068474341566 1.7408941356933514 1.9605956661717634 2.3299165886339153 2.498346309964153 2.0633348082149685 2.2517933975637066 1.9524244598937754 2.1506241526848666 
2.1548368479396998 2.3289274558986803 1.8620355451061346 2.061008885191595 1.7373108245903206 1.9490587869119544 2.3334160924230165 2.4950775366666864 2.0660796669970645 2.2470572854243613 1.954420047067339 2.1448400812132125 
2.146095971600723 2.313119322119127 1.852689893889652 2.043832899715838 1.727286382312108 1.9308835608500192 2.3323264346700805 2.486873474244488 2.0655455747721594 2.23858696514137 1.9538518175800461 2.1359611429285996 
2.137805035505511 2.2974843830748273 1.84228366985997 2.02539705758469 1.7152650963138962 1.910591131370791 2.331371953960311 2.4786123755748335 2.0637572381733076 2.228748092260029 1.9512096680041127 2.124957244076388 
2.1259740375371305 2.2771886812299784 1.8313298650658023 2.004891956271442 1.7043753756382218 1.8896343833456062 2.326407461714721 2.4653588703395557 2.060624940235833 2.2163027378862146 1.94866659301224 2.1126107479519103 
2.1149229911517535 2.256009699274868 1.8185413968624087 1.9808516645176337 1.6898336858112044 1.8633889530697234 2.316315235528679 2.445812089074359 2.049270558989779 2.1945820396290223 1.935963557906574 2.089170984448683 
2.112491250628028 2.251534647652567 1.8164597245135852 1.9764399602264597 1.687124138165289 1.8582725427611446 2.3208931103004224 2.4481286353130978 2.0551037628888644 2.197780803865565 1.9417294876063373 2.092152572983139 
2.112344487724881 2.248363629549653 1.816375754193413 1.9729066516897573 1.6862801801663003 1.853828638758634 2.3299174929644373 2.4539061310249193 2.065366110311121 2.2042860398509285 1.9519367651698376 2.0983795917520953 
2.1130188493636495 2.2468772895745954 1.8171969582205667 1.971246732807966 1.6863594018376038 1.851328422729495 2.338529638094433 2.4601483217249482 2.075108911707065 2.211263415354688 1.9615504690540286 2.1050627399880697 
2.119099661532333 2.2515781979683607 1.822884382155503 1.9753299665540565 1.690999315761674 1.854319199050274 2.350202896812624 2.4703187369743302 2.087050011711854 2.221440694109669 1.972903689130934 2.1145614137798057 
2.1210995490721998 2.2568314218554937 1.823706711364053 1.9799320540549592 1.6906865590860682 1.8581296538924 2.356615726459087 2.4794883447587104 2.092959759334682 2.230404744389298 1.9781292743888832 2.1230214779399406 
2.122064060539342 2.2615526301443265 1.8248636946996122 1.9853442840254987 1.6915514332803243 1.863547872557268 2.358278043003564 2.4845401485974663 2.0948620372980935 2.236048160749835 1.9798145626580081 2.128645138202401 
2.1210975198130733 2.26444968994614 1.82442290112714 1.9892703767706317 1.6913919816994434 1.868016205897896 2.359806222484628 2.489450364521689 2.0971765880052087 2.2420587305013155 1.9825331157075712 2.135208482705417 
2.114748919465216 2.263807164989832 1.8205680883667328 1.9917650595035798 1.6889349947168777 1.8722076018057665 2.356270077440042 2.4909172137426205 2.096261875300722 2.246547069998601 1.9830146499305796 2.1412629426857643 
2.115387943667393 2.2672931363662174 1.821220086484157 1.995643910474351 1.689959577804558 1.8766234008488116 2.3574690886400522 2.494676836364454 2.0975311571209994 2.2506419015679415 1.9846303752319623 2.145812140028423 
2.1162458131180437 2.2732378405656655 1.8213892666697171 2.0016425252725947 1.6900894946539518 1.8829541784599142 2.359895621852723 2.501643716495147 2.0995403938099524 2.2576943556379927 1.9867092148675531 2.153166840418933 
2.1190498948130054 2.2798175690714837 1.8245637080428323 2.0090366886264195 1.6938402146327174 1.8911082370522874 2.36302097563839 2.508199318803633 2.1029808366475926 2.2648894213287787 1.9906256170628895 2.160968773223484 
2.1345282097761182 2.2996438398956567 1.8380950879456808 2.027497142875925 1.7069840146674016 1.9094359215145293 2.397846742794468 2.5459418913184253 2.138235692324408 2.30308553639895 2.0266358207458093 2.1998645099119263 
2.136285418299243 2.298461881136594 1.8398289058599906 2.0258780894807 1.7097801897431055 1.9085491683050688 2.40306718992998 2.5483217124056314 2.1438253039177355 2.3054714407942623 2.0333137554538823 2.203083398039659 
2.1225797277327225 2.2739947852582953 1.8251636778606788 1.9992323611281206 1.6953533794999553 1.8814703463466864 2.3646240000689156 2.5014304396688547 2.1017431841454655 2.2545580486875734 1.9900565425389096 2.150821383867549 
2.117755269602144 2.257884106885836 1.8190211065096662 1.9804017380641863 1.6903001715457673 1.8628655153090494 2.359129539984536 2.485688122960652 2.09509966121606 2.2366483515804734 1.9843687848854228 2.1332774626446627 
2.1132936450761144 2.244405096073142 1.8134843957197673 1.964706048873238 1.6852617591101655 1.8470114784914278 2.353965409244386 2.4723465276694303 2.088987499033704 2.221533924134198 1.9786991469950883 2.118158284755672 
2.1063910488270974 2.2278233367794047 1.8070805308504987 1.9472682440534277 1.6805689867955198 1.830471438919198 2.346297945687828 2.4558965001112973 2.081771083558161 2.2045599138283634 1.972952842502557 2.102107629989226 
2.1014237313876443 2.2101893031591597 1.8008006029650172 1.926613056272372 1.6750256847102882 1.809603852062426 2.3392566580944405 2.4374324132987093 2.0734085041880124 2.183569985642588 1.965159295843258 2.0810588927272504 
2.099620479938315 2.201940638604138 1.7992085379344998 1.9176255575936612 1.6742999271864047 1.800948822797694 2.3349975249872106 2.4274162926569476 2.069047762835938 2.172808104977612 1.9613993800591454 2.0705612631014807 
2.1008980558353323 2.205962268265865 1.7998242405892526 1.921422437938279 1.675328013558145 1.805331227507207 2.3340078140513323 2.4290099555277 2.067168868779878 2.1738638457945516 1.959730539654031 2.071965413816717 
2.097841105238893 2.205273780161987 1.7962387076415929 1.9206167336222861 1.6714579524564595 1.8044574889616933 2.3291444221494597 2.426357121668189 2.0616619342729154 2.170885780935962 1.953905863451446 2.0688265432050943 
2.0933313693087987 2.2010158791731262 1.7909747859007537 1.91573102558064 1.665805254443703 1.799261466372314 2.323760931828455 2.4212186078361966 2.0555824795644297 2.165145262778516 1.94749474769311 2.0628064550345604 
2.0887293571995724 2.1974190220318337 1.7864627362548988 1.9124092498174496 1.661008599745149 1.7957754868544509 2.3167313747664706 2.4151820415006693 2.048390354211653 2.1591116400008916 1.9399493559439485 2.0565173314094243 
2.0871843332794593 2.1980500274759946 1.7839559360834056 1.9124811800609227 1.6579988669137322 1.7955627877875002 2.312467420096383 2.4130045692470663 2.04295519035715 2.1560963318013457 1.9339408911875304 2.0530983543920196 
2.0844399762207835 2.1985764313271665 1.780923274952433 1.9132527332235278 1.6544869561490352 1.7961557276548432 2.3071463149239797 2.410761794202675 2.037086599844813 2.1537339959213395 1.9275272221339184 2.050416909310714 
2.0843791439274884 2.2030201567030407 1.7808104643784781 1.9183188747546354 1.6547617727153026 1.8019150700407303 2.303469121564231 2.411354679262238 2.0328845241183497 2.1543632199793725 1.9234266564649378 2.0513974500325114 
2.0843607681580028 2.208807945960042 1.7803687263699675 1.9245741170805089 1.6533927155507309 1.8077555703513184 2.299467469910418 2.412845493494397 2.0279801860906383 2.155684662810454 1.9174718525121093 2.0520650660922573 
2.0788289473155555 2.2086349622554424 1.7747937375923717 1.925209447124416 1.647477753961218 1.8085136311615402 2.291624925823836 2.4099965570425823 2.0198781694590147 2.153240911685708 1.908978249812475 2.0495698481771973 
2.07681729850327 2.213577872811892 1.771868501035678 1.9303561569312593 1.6437131740551392 1.8134359393710109 2.287249351597333 2.4121083110056274 2.0144124428682475 2.155136746849819 1.902664579893792 2.0510703086979785 
2.0759074847072183 2.2185065131803086 1.7696146588066708 1.9349199737000624 1.6400022305666082 1.8171369184030823 2.2831821215977164 2.4135657986355894 2.0087470612258405 2.1557931301364355 1.895556918581832 2.0507353060654734 
2.0744396734189645 2.224819184445015 1.7690035279372907 1.9431659544862814 1.639211116682223 1.825796683608167 2.278953846525765 2.4166404530700425 2.004919987878464 2.160144579099876 1.8913867296231568 2.0552041761865367 
2.0713060761261963 2.229165303955115 1.766532198913255 1.9492319259537332 1.6360729441553943 1.831830715420314 2.2743664830315495 2.4190105395589536 2.0007673647721513 2.1637789025908583 1.8865759239260156 2.0586495107466205 
2.0698758360035123 2.235156659975144 1.7651447935144695 1.9563423678464973 1.634004035390133 1.8388878448212225 2.270941206916471 2.422542730981487 1.9971289720173906 2.1679629722463525 1.8822213409881525 2.0625946025894764 
2.0679016294312578 2.238597152808975 1.7621880724271317 1.9596956054868446 1.6301163566458838 1.8418413068895079 2.26821101188678 2.4248466462859977 1.9934570093293837 2.170016339017854 1.8777229246202567 2.0642052817499645 
2.0642056597275427 2.242155679039977 1.7586645517696717 1.964489269263444 1.6263016342767476 1.8469364063365095 2.264579377357133 2.4278873202336264 1.9900441593972784 2.174072869006745 1.8740949165800593 2.0684653344330477 
2.0683889892526137 2.2503151726639206 1.7638354582163978 1.9740316332626104 1.6312942458249062 1.8565576430376325 2.264968716159552 2.4322353197504247 1.9907199195219425 2.1791400054703804 1.874292183940767 2.0733201769725413 
2.076582000251808 2.2638155817225485 1.7735481653932605 1.9895077982379963 1.6414749057386773 1.872727436241003 2.266592309474688 2.4392845019902456 1.992666803198618 2.18709605935583 1.8760830897830192 2.081431224914674 
2.0770203934841467 2.268513378437306 1.7744181716126106 1.9951689354410669 1.6414907555478464 1.877932675510238 2.2655527381787075 2.44230801551914 1.9918020339052371 2.1907566216878225 1.8743551944786345 2.0845495024750647 
2.076851089271568 2.273949629272491 1.7749404800748954 2.001986557714237 1.642398322152242 1.8854730754026956 2.2652474203557764 2.4472193087029406 1.9920966683945083 2.196812601404248 1.8749687136132431 2.0911824756554602 
2.0776654463149935 2.275354500786917 1.7754450550809169 2.0031848494463214 1.6420239524474909 1.8859446062520713 2.2658194029293863 2.4483631193373423 1.9923476111088847 2.1977245962429595 1.8744296519985166 2.091418398535138 
2.076505306477833 2.272367279158587 1.7749633776026479 2.0005683580899203 1.641580852663249 1.8832329806454111 2.264823282640524 2.4456498656084436 1.991995282522175 2.195409749716576 1.8741232375675299 2.0890468336422234 
2.0742435401903148 2.267478224455805 1.7724482349623782 1.995130065930853 1.6385683834436846 1.8771993984607098 2.2632066083725655 2.4415313609579643 1.9902740097235982 2.190927170889359 1.8720374556566035 2.084105436330238 
2.0736660079550853 2.264006667885141 1.7727574822711594 1.9920603832786745 1.6386667108806416 1.8737299882929714 2.2627014446427482 2.4383300242724277 1.9905768525702243 2.1881571437326843 1.872152692594378 2.0810072522863488 
2.0736717163640486 2.262330385869451 1.7728992089930606 1.9902753560319788 1.6385331315686662 1.8715809388931646 2.263782865013387 2.437773009840789 1.9919262230133474 2.1876458729666965 1.8733364075702528 2.0802436596486045 
2.0738798529774214 2.260868058756559 1.7731766484435922 1.9886432965983745 1.6388701011933955 1.8698775208835605 2.265719614521102 2.438038577657386 1.994157253986167 2.1879693526522828 1.8757406365555047 2.0806128112038653 
2.0731746170614116 2.260234848724294 1.7725111906071933 1.9880655168750678 1.637889852471078 1.8690349775720438 2.2672093848711308 2.4394357899743397 1.9959913133197074 2.1896552014889767 1.8774633340887728 2.082180863759854 
2.111837572081158 2.2930943297766104 1.8133332531152788 2.021534358167983 1.679931261347809 1.9027855153047704 2.392571412128307 2.5539815262710186 2.1337098017616265 2.3132533783685783 2.0215610488267823 2.2102336411641286 
2.110875503044708 2.2889162268974044 1.812207804131262 2.0167893369795094 1.6787110714337505 1.8977389087422565 2.3924941225788308 2.550954768508107 2.1336189590867085 2.309907350300927 2.021460758603602 2.2067273739577007 
2.109931153399608 2.284993150669428 1.811257210582252 2.0124703499446146 1.6774215372667063 1.8929150113531774 2.392070589687144 2.547819839110725 2.1332709431401815 2.3065621915236103 2.0208748718429352 2.203025073431122 
2.0744474040191547 2.252356075624325 1.7733565772404065 1.978527080785555 1.6385411401737247 1.8586535253784686 2.278225106709565 2.441328633388346 2.0079270790648276 2.1912432576511924 1.8899192238933944 2.0836435712956787 
2.076088136615228 2.251848739523703 1.7751069515368616 1.977798140380987 1.640685389644977 1.85809831346312 2.281534184875276 2.442555839986978 2.0115319970496346 2.1924738926277985 1.8939653728499077 2.085134438892248 
2.0758866517612686 2.2460068637296304 1.7747646703043787 1.9710482175534445 1.6406326703319696 1.8511933988431921 2.284599998481268 2.440212817362578 2.0149147369207983 2.1897768922930507 1.897832268948078 2.0825486217662745 
2.0717684111401278 2.2343966154911015 1.7704238436595034 1.9582401466924555 1.6368874435947298 1.8383972337114984 2.2837811980130867 2.432274747292766 2.0144063138299804 2.181315356182615 1.8981129349957262 2.0744002988618395 
2.0696451925250714 2.2244230450258646 1.767809050814635 1.9467345737008268 1.6343541774481258 1.826400897295591 2.2844674184855736 2.425575817496155 2.015070471056072 2.173737717302191 1.8990718102594593 2.0666640754660976 
2.072400503761329 2.2233176647501836 1.7706852897085381 1.945153974776858 1.6383940375838193 1.8255499480403732 2.2891658367034506 2.4266392023393606 2.020089793828534 2.1746402841689036 1.9051958960511672 2.068349340109211 
2.0740284003956067 2.221970844229861 1.7723598494796593 1.9434042459065382 1.6408263120902102 1.8242454915409714 2.291098168051199 2.4258382968795673 2.0220772601578703 2.17355861963913 1.9078385666632174 2.0677061259781477 
2.073503109220589 2.220118729389816 1.771374655782184 1.9409482733415258 1.6406729346056301 1.822448821500195 2.2900054543750437 2.4235587489696737 2.020514293012413 2.170711873305034 1.9069655255057576 2.065436889403172 
2.073972798296718 2.218552238933021 1.7715848181994336 1.9388459549109929 1.6418472426126371 1.8210637651863593 2.2890482208102827 2.42081652051425 2.019131337282129 2.1673721936932564 1.9063160695946302 2.062680737776624 
2.0629581078709984 2.211820181848129 1.7584406259042953 1.9309235605871842 1.6282854770680384 1.8131922007417443 2.277243337641081 2.4129213789161654 2.0055309767816327 2.158357445102801 1.8924467387038109 2.0537056801865963 
2.0545507341543066 2.2080563300092684 1.7483344231622278 1.9263974907827301 1.6180047315178037 1.8089426050856339 2.261975261980997 2.402262709008738 1.9879704781042398 2.1462433830052916 1.874377944229498 2.041476601652343 
2.0521714053914892 2.21059198238537 1.7445189267836794 1.9283816327134213 1.6141252661136558 1.8112729805820216 2.250188885517498 2.3955499276755807 1.9736486083663627 2.1378957562955403 1.8593931585618142 2.0328926074897513 
2.0490485851065734 2.2104440303448647 1.7406186007644666 1.92800825218339 1.610566497393774 1.8114599497883606 2.2348283230993937 2.38367790208477 1.9559168292458782 2.124399526945732 1.841136054757293 2.0192188289750197 
2.0489169262909908 2.2134176226283464 1.7403620102845614 1.9313251741127697 1.6106307096419465 1.815292892114581 2.2209931236277436 2.3735979980868116 1.9400025286585894 2.1129994823761127 1.824522175036993 2.0074954965134344 
2.0597191123363325 2.2397175058483536 1.751323985367519 1.9598539195571618 1.6223839563197024 1.845540946715507 2.2224510504943793 2.390226005239582 1.9400983356117723 2.130228446933232 1.8245480404318133 2.0255535628868397 
2.0711884093040522 2.2636546266945077 1.7654211530497332 1.9877179603141513 1.6382623075794212 1.875690334398365 2.2350831027314064 2.414520101021205 1.9551181286345463 2.157961477653262 1.8411079375515846 2.055234604573271 
2.0828099810042633 2.284382573885333 1.7791634787649449 2.011399764112291 1.6527521385165351 1.9004988708944237 2.248020884714148 2.435960636999494 1.9700058795117796 2.1820241731500087 1.8566340814794338 2.0802395149143234 
2.0943023017883258 2.3039265722144617 1.7918779668481557 2.0329294544956253 1.6660889186582688 1.9229736877440315 2.25689118998588 2.452658427567092 1.9794651702507624 2.200058608109311 1.8663622362863752 2.0988767271843 
2.08879741059654 2.305068703955439 1.7855339761860622 2.03430545581405 1.6589244159137602 1.9241354747404897 2.2574001459676594 2.4588864403332678 1.9801293838067273 2.207074870514095 1.8667648524157536 2.1059625166784923 
2.084123906100674 2.303969522094494 1.7793813511387406 2.032461831262848 1.652006249861159 1.9219333371218499 2.257604310551415 2.4620073772798348 1.9797481556552416 2.2100013263752425 1.8661000553615368 2.10879883331254 
2.080662305209649 2.3008387016651843 1.7774149438778584 2.030740501757999 1.6512528023050648 1.9212857465458724 2.2579261898743126 2.462302536586504 1.981988630976558 2.212008597650635 1.8696820231580367 2.111969216271944 
2.0843966490686294 2.30217849081007 1.7804595506353211 2.031096409417468 1.6535430784374896 1.9208126210405143 2.2621686092527518 2.4642895993751486 1.9856317980654241 2.213153869569066 1.8726724588909105 2.1123964001078326 
2.0854151159926815 2.3006673933471498 1.7822933457797485 2.0299467528018487 1.6562079020493683 1.92019240275832 2.2638711584034037 2.463580092193223 1.9881463694232298 2.2128805288697286 1.875948035168024 2.1126512441599936 
2.0822618910736517 2.2930236350761017 1.779371460436977 2.021955885329257 1.6534493295585506 1.9120767488303443 2.2658902740109945 2.460975729636036 1.9911320762464804 2.2105994103540376 1.8794517382092095 2.1105642952200294 
2.078585951244451 2.2822050830087113 1.7752445977697835 2.009834288221494 1.648755387287878 1.8990352317192012 2.268682056417514 2.45659495182067 1.994465366535804 2.2058632284234667 1.882762078306975 2.10540578694721 
2.0764463239855853 2.271064189870742 1.7734125499706068 1.9977725822808887 1.6470661214393458 1.886512662696238 2.2709051127850435 2.450125149740978 1.9975917418915332 2.199198941749757 1.8863211559204995 2.098644972689104 
2.072552389944288 2.255215757058242 1.7680372983237034 1.9790100025224178 1.6408429198018255 1.8662503018844445 2.275027300188677 2.4425957337274995 2.001557317641386 2.190149857343963 1.8901431943119495 2.088819282950007 
2.068269330630566 2.2405980409227824 1.7630080693028634 1.9623299950281068 1.6354155437768745 1.8485468773571878 2.2776078810952094 2.435167184607047 2.004484244993462 2.181856696803667 1.8932362865809989 2.08011662985204 
2.062611448901615 2.2257578056113876 1.7564538699151822 1.9454464827488882 1.6279945961642563 1.8303000369447684 2.276153715116802 2.4249757844028093 2.0029078717804323 2.170546420360555 1.8912631098924388 2.067971946361947 
2.0584864260154183 2.214212374856967 1.7518369452919214 1.9324344122814958 1.6223640404328894 1.8158841247639481 2.276952903783855 2.418653468550162 2.004016178290417 2.1636660827701046 1.8918808735355748 2.0602386547508833 
2.057011443046577 2.2060289397976085 1.7502475828363713 1.9231833525757653 1.6203556417109672 1.80577407557661 2.276973318294389 2.4124417295811647 2.004165167002101 2.156836948641357 1.891788524392872 2.052834973256389 
2.067830293360047 2.2142308792529968 1.7629445005834699 1.93258106599374 1.6340562359164692 1.8157742278811813 2.2993049782570165 2.4318099530056823 2.0294961377242133 2.178474428938173 1.9185987186062385 2.075552289762294 
2.0787182556727064 2.2216642525789037 1.7758326603784997 1.9412120189167847 1.6476527573693978 1.8246868426080622 2.3122376152521564 2.4415497648229456 2.0442492119570406 2.1894468034887216 1.933942297946601 2.086829000303326 
2.085230524236124 2.225256621440786 1.7830903129135272 1.944991453982783 1.6542089676960587 1.8275634054297707 2.3178667295610547 2.4446036218712557 2.0503001977286304 2.1925582302110156 1.9392594322591445 2.0890925871454478 
2.0889494950204326 2.2251569484299574 1.7883962111193705 1.9457580682978344 1.659654404731937 1.8281318868030612 2.319817425752751 2.443187741706748 2.0533396952346 2.191761245306185 1.9422398511064796 2.0880395330611248 
2.100650502880953 2.2255931572176437 1.8021720603910159 1.9463700833741766 1.6741910689207489 1.828509803488622 2.326484329982474 2.439889690919243 2.060975724663927 2.1881849336502617 1.9500544960728663 2.084045321928964 
2.102624460439222 2.222320885245272 1.8046681106611626 1.9428091735930553 1.676658903187327 1.824517901528327 2.3277375088135113 2.436399475721773 2.0625613391938993 2.184454113342125 1.9515423044190794 2.079951408398122 
2.10112984238458 2.2184704395954995 1.8024004774075737 1.9379143318937115 1.673651417517713 1.8187835341675627 2.3260450555522456 2.432560395398036 2.060190881170735 2.1797364390354743 1.948550243965767 2.074539112684803 
2.098015553546677 2.213973780550206 1.7998079281200454 1.9337319401002224 1.6706883052573782 1.814169245512604 2.322104811407911 2.427381592004803 2.0566502061273737 2.1748150975206535 1.9446595860365303 2.0692296981253118 
2.0921081861735593 2.204267901870011 1.792984279756635 1.9226733856831792 1.6634061777733122 1.802442906950015 2.3171213926625467 2.418869957003563 2.051079596976777 2.1653655196512247 1.938828253851903 2.059353131081316 
2.088257270157413 2.2058981917317237 1.7879707606013278 1.924060250274219 1.6574413941872244 1.8034079907456575 2.31099401225215 2.4178216912306185 2.043701137413514 2.163765871111126 1.9305405650918839 2.0572202797428596 
2.08626612391483 2.2076813961970623 1.7849676913027335 1.9254766854767706 1.6539043074478676 1.8046468534077826 2.305816485367951 2.4162244249064715 2.037251330443696 2.161421705895129 1.9234559476615547 2.0545154148641984 
2.080024190002131 2.2011893572825625 1.778542967429806 1.9188405464274565 1.6470420586597112 1.7976321922501333 2.2954538855341924 2.405793527348933 2.0262830494809996 2.1504783077803924 1.9118983897200237 2.043058836214469 
2.0750585930324665 2.197144194575741 1.7709124666447746 1.912512852703971 1.6390221976891832 1.7910801801588563 2.284669023670142 2.3960982857466178 2.0124550548317544 2.1381182836685815 1.8974293524971835 2.030224764640083 
2.0660846481442188 2.188145175274534 1.763181636388384 1.9047527444991963 1.6306037141185532 1.7827344186045269 2.2672258951893656 2.3789886074963076 1.9950982355305766 2.1212473934450036 1.8789560822481244 2.012398940020895 
2.0570401593561 2.1786322917839462 1.7522009290043679 1.8934710299351745 1.6196461014690122 1.771518540575788 2.2486027934305715 2.3603472134886787 1.9735775639745627 2.1000078206101445 1.8568935886107663 1.990748162129949 
2.0494182001075427 2.171083419892483 1.7414565624591503 1.8831248541007681 1.6078640984026107 1.7603167942538183 2.2305270581035415 2.3428058421755824 1.9513602837333857 2.078772525826729 1.8331292799287342 1.9682101549712723 
2.042131898163752 2.1668675006557025 1.7357847497595689 1.880946775801455 1.6030739925212092 1.7592209359253004 2.2236906018369305 2.338762914148822 1.9461361464958944 2.0766458476586442 1.8287546113948394 1.9670677427577044 
2.0407433950626936 2.1645255618569186 1.7356377268577707 1.8796211379775474 1.601402558163315 1.7564246231284764 2.221889908994595 2.336093335278368 1.945404709075212 2.074882354624476 1.8266502994530753 1.963972662725225 
2.043429526189714 2.1672420004844684 1.7385935472398142 1.8825623980797874 1.6008468810301377 1.7561447539038233 2.2238198393269 2.33809930027446 1.947428553704582 2.0769717455815138 1.8255084732161393 1.9631135591055144 
2.044294270036435 2.1690329444855836 1.7414909575716433 1.8863604128224807 1.6038382612046016 1.7600744358872438 2.2222545579352064 2.3375158121441233 1.9473230376760295 2.077891206204935 1.825259824206899 1.9639598462351004 
2.0515351478148114 2.1761596775281773 1.7498308165990049 1.894408183602346 1.6131584518327826 1.7689416808079175 2.2243356184307124 2.3397742247489477 1.94955901870642 2.0803016239957945 1.8278820179156914 1.966730065565567 
2.06287392486213 2.188958848602707 1.7605880660381887 1.906767513168842 1.6238201152455558 1.7812590428334927 2.228577977755342 2.345773180411118 1.9521222582963624 2.0849156631231134 1.8297275042300944 1.970785313202859 
2.066086771733985 2.197465710616245 1.7655641326029934 1.9176437905237145 1.6296614324252017 1.7933034838905988 2.2256838786346456 2.3481502781155554 1.9499156098698631 2.0886148248574123 1.827772021783395 1.9750674835595263 
2.0665049902399772 2.2094741447427553 1.7640313846093356 1.9295439480578642 1.627543749669031 1.805611192556894 2.2155127573423563 2.3494318248348325 1.9364556873697705 2.0883471336793433 1.8129954661682777 1.9744076787600704 
2.0587728346067182 2.217329142733343 1.7546682450294073 1.9382630349915309 1.617504261420841 1.8150269910980883 2.2014387971039717 2.350390546291101 1.9200645413617168 2.08917466615278 1.795579914288022 1.975375956949608 
2.05663969954765 2.2305930966349394 1.7495042993246541 1.9510366481323331 1.6112140928366563 1.8280562250531163 2.195077278934719 2.3588435661347806 1.9103305211652382 2.096459255291037 1.7845470741046452 1.9825203577001298 
2.050642136997904 2.23787436322313 1.7448984611235492 1.9615348916527917 1.6088676841901357 1.8415764216484012 2.1856541318404723 2.362209236196347 1.9017416884612193 2.1022773226126303 1.7777530861262285 1.9908175523566516 
2.044407823772136 2.243161902364767 1.7372522993223294 1.967286842791544 1.6015660564274956 1.848563172688648 2.1791661150405033 2.3666298669755523 1.893992386083091 2.1069834192182717 1.7703602571625696 1.9965839352405699 
2.0339206095523514 2.2424801055531822 1.7244423612176227 1.9661092123790607 1.5889686555630382 1.848433219297308 2.17005698564849 2.366649804851113 1.8830867564086924 2.106632314857486 1.7598680812384235 1.9972530238309343 
2.0229059351852547 2.239917446694795 1.7118704316062388 1.96356362769525 1.5766975634558866 1.8469046948902723 2.1594698267416774 2.3639779351778496 1.8712727980195005 2.1039828017376307 1.748466961829056 1.9955496641295924 
2.0156188970775255 2.2377871917758445 1.702309678247768 1.9603138060208678 1.5666645023922705 1.8437488008066663 2.150034556870196 2.35958059263845 1.8595126507060982 2.09827530976181 1.7361931691306758 1.989808708885359 
2.0079291275982154 2.2335295129317925 1.6936119715735747 1.9558108839909165 1.5581227548102012 1.8397340086918352 2.1383865986292867 2.3515041885732058 1.846412568738994 2.089524844953352 1.7229812485332887 1.9812973240978573 
2.005837850287069 2.2332796606973004 1.6906840495031146 1.9551381323283146 1.5553813515804573 1.8393922121408066 2.1367272258536536 2.3515432802617626 1.8440798006876629 2.089206278121969 1.720880270357078 1.9813080189976142 
2.007020704093301 2.233310121613022 1.6919067192546906 1.9550167107467828 1.5565140881659794 1.839097088056846 2.1393808557569103 2.352975231195426 1.8469885451672867 2.0906718247059173 1.7238197254873173 1.982699280934749 
2.008878459566387 2.2335593021296343 1.6937599119443758 1.954997987244442 1.5586117583637753 1.8391479288327568 2.1435677223754377 2.355435643618781 1.8515162852132356 2.0931571955373585 1.728745362512889 1.9853853578662808 
2.0149812470174258 2.2359553967536785 1.7007575382258049 1.9575299012459297 1.5659568901575482 1.8416210501272785 2.149800754147207 2.35817522524767 1.8585128626221288 2.096047988709204 1.736005425835962 1.9882308590734374 
2.0242470781869835 2.2395019054353447 1.7108079534385323 1.9607795399913117 1.576330356730003 1.8446164762488 2.1579330484443995 2.3610310443678078 1.86707328768009 2.0985126190872765 1.7446822637857415 1.9904041681197664 
2.0292967555072794 2.240869179441846 1.7175648665224759 1.9630278724899375 1.5835985411436733 1.8469525432377438 2.164037197349521 2.363579139561942 1.8748441909429088 2.102020479865115 1.7529392485515207 1.994052498449419 
2.0371878046985876 2.2444146125243103 1.7245747129111715 1.9650498064203485 1.5900619513756844 1.8481233212404007 2.171761218461332 2.3672366994689504 1.8816403957219483 2.1042417589508697 1.7591786855270415 1.9954880227434715 
2.039150460670975 2.2437043299095025 1.7259802775393032 1.963436384824996 1.5915085785677219 1.8463407254498423 2.174171268712437 2.3670858084350574 1.8835854169361816 2.1033232137963602 1.7611887065543685 1.994457364521651 
2.0395510759073847 2.2425020255453436 1.7289211402591416 1.9642339607528858 1.5955519506537448 1.847926613958187 2.1744362197670846 2.3658443772097457 1.8861528548436814 2.103953263543411 1.7647068622961066 1.9958048635011816 
2.0341034134600853 2.2406411550692296 1.7227255630105365 1.9623148204582184 1.5886351230694762 1.8457133156018488 2.168142140379632 2.3629931083331517 1.879108035662125 2.100938623289593 1.7569932266488593 1.9924661321161696 
2.0312540037818634 2.2396524516808074 1.718941196050595 1.9608184801046347 1.5836196901654924 1.8433397949156987 2.1651942306268626 2.361803618588948 1.875321856092935 2.0992575688513906 1.752120016305918 1.9899685494951547 
2.0302149054299177 2.237206048425091 1.7186444936140255 1.9588407889131292 1.5833969649553488 1.8413213433591133 2.164386483170187 2.3596370884968327 1.8752426994204803 2.0975827808717846 1.7521250625825229 1.9882808090935773 
2.0305875234864907 2.2370646213328307 1.7193449907854443 1.9589077637344237 1.5835306830431166 1.8408535665877936 2.1638255975237466 2.3586677693094042 1.8748340522027545 2.096705785936358 1.7511210552383294 1.986856154727614 
2.0396907746369055 2.2420944974239827 1.7265386061536243 1.9615261501644325 1.5888409426178882 1.841484406716196 2.171495735938457 2.3626347602705966 1.8804230464443101 2.098246914173568 1.7548421057174632 1.9864843556491705 
2.035558296015602 2.2357446040364137 1.7263567280483894 1.9584085147072712 1.590577105480253 1.8398347443392682 2.1691651431087355 2.3580359997417215 1.8820434091906437 2.0969367544296467 1.7583274353993172 1.986648365483419 
2.0318828659867134 2.232582312858897 1.7212886917337196 1.9541521340188384 1.5847312262621636 1.8350065019204647 2.166633672629127 2.355881421882345 1.8784536860328445 2.0939111855975123 1.7541740363402887 1.9831798588051412 
2.0288774847712245 2.229576326617147 1.7187904801375908 1.951642247598573 1.5818005123945338 1.832146175667108 2.1647262613761606 2.35387054331618 1.8772151323414188 2.0925112666582253 1.752651933354598 1.9815285886132479 
2.0290793463011765 2.229416095368025 1.7191994820805439 1.951609590027168 1.5819787624320403 1.831881529326067 2.1653905287467223 2.3541557456306945 1.8781373771867729 2.0929723219111165 1.7533995418004449 1.9818029886661312 
2.0311437727054673 2.231321864303803 1.7192802842469286 1.951711283084719 1.5813146069647872 1.8313405262048343 2.1678088744998254 2.356405642727966 1.8787695406196576 2.0935680603888183 1.7533984650273307 1.981832085187895 
2.0297891204079552 2.229054583325967 1.7200918063075878 1.9512448037718129 1.583007849294027 1.8315442427215622 2.1663892965223264 2.354120440038381 1.8793388552590775 2.0929775428815525 1.7547400268092423 1.9818559543535197 
2.0307644265340206 2.2308575284307266 1.7212422590896523 1.9533038858703091 1.5842574768250424 1.8337374154867565 2.166686787049769 2.3552606626987274 1.8796814601352139 2.094259665766413 1.755106614988403 1.9832096172760076 
2.0326038201662735 2.2334281362234445 1.7234897412385517 1.9563077053660372 1.5867834025331025 1.8370096669518452 2.167398420580427 2.3567644904517993 1.8805729211957003 2.0960146616506594 1.7561375772799037 1.9851302577550243 
2.0347773026194904 2.235711101581653 1.7259747640262444 1.9588451558342863 1.5898472822429988 1.8400271300541873 2.1679384520911684 2.357550124713248 1.881123958397067 2.0968339956552233 1.7570580074816682 1.98628756733144 
2.036061457276779 2.2371771676396217 1.7273588510231568 1.9604040455498046 1.5916585257548304 1.841953388174641 2.167480076062532 2.3574107197788083 1.880476594517475 2.0965704481672063 1.7566446666665514 1.986256757453084 
2.039054054980358 2.240196805089196 1.7299964066817712 1.9630659320389217 1.5944545196184932 1.844729113320392 2.1681750495409364 2.358330623948186 1.8804598303212543 2.0968713503340735 1.7565667711339186 1.986521358518916 
2.040194657794606 2.2414999948993195 1.731940422558943 1.9650815791548326 1.5972139909522614 1.8474362014244634 2.1671444071297254 2.357635015602214 1.879823998930126 2.096584425295974 1.7564774899080404 1.986741341492055 
2.0418648397559522 2.243624347512658 1.7329336237235402 1.9666461636887302 1.598582679948585 1.8493525281978014 2.165983509630579 2.357142921613282 1.8775866116884197 2.0952254468938656 1.754348632624542 1.9855420704965179 
2.0420496377751887 2.244111840470029 1.7333281498717374 1.9673580519411762 1.5987523595409578 1.8498865739654904 2.16340022339783 2.355073620080226 1.8747693934449057 2.093043599163137 1.7510976302301877 1.983031552950628 
2.0430317766434274 2.245341530817706 1.733771964006455 1.9681323565285949 1.5989097304021886 1.8504302406777726 2.1615662084828213 2.3537094602551947 1.8719922159172564 2.090917168635525 1.7478277830652535 1.9805256142990928 
2.043432875693941 2.2460471353973874 1.7351851437431136 1.9697657982681114 1.600563503478325 1.852272481474259 2.159350474602678 2.352000061464032 1.8703058674363426 2.0897736371977733 1.7461328939593375 1.9794165555351937 
2.043701751922068 2.2460004276244763 1.7355172872689368 1.969726205463422 1.6009403917727012 1.8522449103963898 2.157473496131373 2.3499985014015072 1.868152908653178 2.0875335590570345 1.7438420724679542 1.9770650580568485 
2.0446925346990756 2.2469412759959106 1.7370712710347065 1.9711403138726908 1.601702706451522 1.8529514554283741 2.1581421143414374 2.3506498935430877 1.8692850036562458 2.0885889881003705 1.7442079532252255 1.977432406029124 
2.045826462919619 2.248011298686508 1.7382285805906539 1.9722037118467757 1.6032121757216666 1.8543026082660294 2.1584766861428455 2.3509935106805804 1.8695064286121617 2.088828180885685 1.7446790445873417 1.9778912637610289 
2.0458976262309854 2.248492963026031 1.7387156812479663 1.973108138946667 1.6028391757807705 1.8544856244192296 2.1576362133171525 2.3506206705416295 1.8689112210636385 2.0887442782632775 1.7432126535272683 1.9770720429912463 
2.0454896287418447 2.2478744824056456 1.7382198324983094 1.9723894274332465 1.6022841916746389 1.853706152077629 2.1569671912735364 2.3497700593016435 1.8681241471140109 2.087773861410869 1.7423530852931188 1.9760329301887785 
2.0449957397495084 2.2471832302848918 1.7386705079438254 1.9725110975793367 1.6025572734831164 1.8536490254828826 2.1551130241343817 2.347836672699709 1.8669439483802506 2.086457428579275 1.7408889642919905 1.9744668345843743 
2.0468698237082394 2.249297130040271 1.740285276731203 1.974399743822765 1.6036697707468952 1.855105990936205 2.156132102373925 2.3491630737110185 1.8675712602434744 2.0874587220080305 1.7409728031440928 1.975005773482042 
2.0471799412442304 2.24903437408874 1.7407903956056083 1.974224178109652 1.6039265478919944 1.8546671601753049 2.155502495881814 2.3480632260977834 1.866975227300226 2.0863380366931747 1.7400648461918684 1.9735844478898619 
2.047615875063819 2.249496974902027 1.74219484875067 1.9755375874159846 1.6055329738791944 1.856136309243847 2.1545173088265894 2.3472219116038793 1.8666700172321216 2.0861358588340715 1.7398132636675034 1.9734376252401213 
2.0453925684443193 2.2472188692931647 1.7395533495260356 1.9729185850681346 1.6026359763362514 1.8533224112677344 2.15338381171756 2.345937707618693 1.8653356098480642 2.0846675573882876 1.7383535757052562 1.9718608068591579 
2.0453500102719437 2.247247281480042 1.739654237059606 1.9730840185150353 1.60246655644336 1.8532573334859463 2.152928179043472 2.345583812981203 1.8649503865034693 2.084395265711242 1.737682981478336 1.9713461958061653 
2.044362273973608 2.246441724538284 1.738650333576749 1.9723053254875473 1.6011049864535867 1.8521934273035685 2.1520266821409395 2.3448458702325277 1.8640565216340788 2.0836962423411287 1.7364731241935594 1.9703863137838071 
2.041775249309642 2.2438212348209583 1.7356447652366684 1.9693527658176047 1.5978809885261949 1.8490838863159913 2.1499330374998777 2.3426693387828874 1.8616736148244275 2.0812775435471 1.7339520035264675 1.9678610509061483 
2.0403915853946883 2.2422692840980205 1.7339117825741452 1.9674917510397472 1.5963283865638205 1.8473868134230713 2.149763387275318 2.3422331954631352 1.8613798293925532 2.0806990627982342 1.7339403442072192 1.967516921891512 
2.0399404894323507 2.2412679559672246 1.733424230367598 1.9663886727820368 1.5958458335395371 1.8462526301797109 2.1495268595868953 2.3414505269395507 1.8611469802477987 2.079854065098198 1.7337336716132326 1.9666614589464808 
2.03992132012359 2.2409707853862733 1.7337074876387797 1.9663195877971542 1.5955978168369276 1.8456986378482187 2.1501690009798695 2.341772363282727 1.8621732983733734 2.080471211489063 1.7343241143381387 1.966863290174172 
2.041583958195413 2.2421855946109477 1.7350483113622082 1.9671613622376913 1.5963860144591753 1.8460171964206753 2.1519392980474263 2.3431120171261233 1.8636443670617122 2.0814661921830124 1.7352884461324722 1.9673731658231108 
2.042687353539217 2.2428788026839634 1.7372733405854848 1.9687692498434268 1.5989263946501884 1.847836387435059 2.151594832999245 2.3424973905234237 1.8641103403471184 2.0815477559280375 1.7359015860897904 1.9675588976722016 
2.0442167341690998 2.2439873108992794 1.7392416256107086 1.9701823335612823 1.600808798157038 1.8491202782612546 2.152751480235696 2.343287419604556 1.8656040071936435 2.0825790037539944 1.7372696070722529 1.9684416889704859 
2.0442726144484373 2.2440128246210738 1.7393755920398133 1.9702716779834832 1.60102853759196 1.8492797011441644 2.1528382377651716 2.343342807372376 1.8657677792222294 2.08269835570681 1.737513837062557 1.9686282962671875 
2.0439588330824328 2.242767356725994 1.7390696867393498 1.9689086013311285 1.6007645171403884 1.8478865615604494 2.153054499987332 2.342622757717448 1.8660759212625033 2.0819406929535003 1.737907652297929 1.96788229144319 
2.046350796644309 2.2445777007995957 1.7412034838371993 1.9703723110434739 1.6027874098977692 1.8491903507553786 2.1572408898328437 2.346117160068269 1.8702743771882244 2.0853066244480214 1.742143551825394 1.9712030913040899 
2.050910183356231 2.2482948013982265 1.7476248984820197 1.9755479542633962 1.6096028924533807 1.854566905019684 2.1685424255463137 2.3560927794113478 1.8842867236687442 2.09741111630369 1.7570330510819339 1.9838755193797544 
2.0547330328081794 2.2514109685157657 1.7517608849706343 1.978784907753518 1.6150246066587035 1.858824357800677 2.179650800925024 2.3659672709091093 1.8967382465625298 2.1082076484571197 1.7712295892890622 1.9960405233895175 
2.0574006933101243 2.253074156305775 1.7553626173622872 1.9810965295545242 1.6181368001602892 1.8605945944812856 2.189894745103741 2.3746756695626834 1.908936693615841 2.1183684384952914 1.7835661147916493 2.006129015495509 
2.058121401063069 2.2526432285903173 1.756106833855449 1.980517363143734 1.619270280809788 1.8602618246133553 2.196184826628626 2.379446491626531 1.91605722855916 2.1236320577995165 1.7914799283033596 2.0119488431155026 
2.0589227197076267 2.2519324155329907 1.757074310929464 1.9797340661129845 1.6203502777264707 1.8594547213977142 2.202994745302006 2.384370501039687 1.9238849280110932 2.129171213084624 1.799877247099993 2.0178193534180036 
2.0601841963882257 2.250983503717386 1.7575323743953624 1.9777481786131925 1.6210473315260725 1.8575150771952835 2.212622696097959 2.3912898206298205 1.9339752633598495 2.1360777444296826 1.8108381273012228 2.0252660403630434 
2.0638931802388663 2.251554530993309 1.7602773813909276 1.9769722319841776 1.6235947337425372 1.8563142530392047 2.2244836262594743 2.3996187509886857 1.9460855077556332 2.1440829158632138 1.8233848204634426 2.0333654246338755 
2.061951718360413 2.245240184708411 1.7599501972639622 1.9715180179317306 1.6249150208086145 1.8519739261203059 2.228485796510595 2.3990847303564458 1.9524161321935085 2.145084462539753 1.8316257481400122 2.035758207506348 
2.062189374427955 2.240153952478168 1.7598372808880827 1.965373239362834 1.6256786811678254 1.846211225511198 2.232261651331125 2.3976356676533572 1.9563727454663542 2.1431423270523964 1.8366268642278867 2.034419561743241 
2.0577823454193718 2.2319598878025677 1.7541917476489421 1.9555984882280029 1.6208045884435451 1.8368952810543258 2.232137537756052 2.393661368510519 1.9558012408881558 2.1383019556413565 1.8371111344335296 2.0303088631781248 
2.0518258260734044 2.222557508714186 1.7467186254637035 1.9444275804312716 1.6139642785829584 1.826103324443009 2.232122895125134 2.3900094723539924 1.9553540229180522 2.133818645982317 1.8377334112819004 2.0265825297632984 
2.0469493406384047 2.2137120427417836 1.7398634555447159 1.9332987997151396 1.6071119453043712 1.814752933536684 2.235257536253932 2.388910977499999 1.9579324539370606 2.1316704480805657 1.8409735074085123 2.0247722983140597 
2.0413850358359076 2.2040011622988698 1.7334983795016279 1.9223383912867082 1.6017687969662695 1.8044477099142469 2.240725668147435 2.3898158462054706 1.964335838672901 2.132834626963555 1.8491246400107186 2.027222285092281 
2.0395226749820385 2.197379618383198 1.730249780166404 1.9137891073171802 1.5984660965331388 1.795527306193334 2.2492058754071156 2.3932721356932833 1.9730784652329187 2.135851838374069 1.858593067340425 2.0305646100249777 
2.0399086757778764 2.1914838976259556 1.7295530221169426 1.9059716483604496 1.598279771227131 1.7877003370682263 2.258317378123334 2.3961159505278222 1.9824539417433762 2.138106147779817 1.8690286787349866 2.033382027552582 
2.0405644188174628 2.1853165328491544 1.7301036280361504 1.898674212481923 1.5995440288231675 1.7805185484975579 2.266201710445001 2.397368430972563 1.9912372055643823 2.139329523524567 1.8789114255929815 2.0351936877417467 
2.046467478858428 2.182573653017274 1.7347026247818875 1.893354643284023 1.6042386265219928 1.7745929616802747 2.2775601878029854 2.400599720462612 2.0021100028382985 2.1410378493350297 1.8901938625085974 2.036769856092035 
2.0557524449195483 2.187370195502513 1.7464169744916878 1.8995900889857003 1.6172780783751135 1.7815887966005792 2.2904435233929474 2.4092741212308533 2.017420548089243 2.151384653015983 1.9067254133337341 2.0479433730532444 
2.064799858184638 2.1918970031229343 1.7576273104271283 1.9053261611333898 1.6299911258529294 1.7882631485045202 2.3024301868763146 2.4170640834242065 2.0315117704407477 2.160568002026157 1.9221491569176676 2.058074682653499 
2.0738467835913648 2.1962149118727545 1.7682117440544982 1.910259728186785 1.6413613440715147 1.793484463030625 2.313730210273499 2.4240187588490834 2.0442797694866153 2.168317143144021 1.935606898606287 2.0661784829128993 
2.0859474650825343 2.2049750069976417 1.7802939143535401 1.9183806650100104 1.6529985166007408 1.8008725802466563 2.3266355200340794 2.4339208691911596 2.05706160274413 2.177668567960756 1.9479373993751057 2.074897121855503 
2.096407704862957 2.2107722504248986 1.7933684627005042 1.9258138854128064 1.6670865667411425 1.8088024489282322 2.336379675307241 2.439520171146115 2.06879558322923 2.184606107157254 1.9603373034222376 2.0821889975285073 
2.1033065564395743 2.2104907439122425 1.8028938693006031 1.9268619988265117 1.6780333183705562 1.810570814997773 2.3424695681228602 2.4391667708751896 2.076942828096551 2.1854204102967696 1.9695331997155316 2.0836103002581123 
2.1087495680163943 2.2148603617043965 1.8087093450881846 1.9313754622675856 1.683708980022774 1.8148436876627503 2.346259909295927 2.442072325548392 2.080754746809275 2.1882234798140088 1.9730653184244382 2.086089267507345 
2.1161993707713176 2.221581495145501 1.8183872296221504 1.9400146080823515 1.6938820669848653 1.8238314120479775 2.3514220488149125 2.4466937312162553 2.087442931352357 2.194206588809021 1.9799298804889327 2.0921871078784804 
2.1241911222139995 2.22749458173814 1.8278612466193294 1.9469517007036332 1.703814505776016 1.830991004366971 2.3583129236326488 2.4517716112543537 2.095358837758528 2.2000165560633334 1.988073387018892 2.0980896025081415 
2.127313035595561 2.232817041384 1.8316222622076856 1.9531644324774091 1.7075671440428926 1.837334139533362 2.3632866366174885 2.4586856073306325 2.101071889968261 2.207830218946828 1.9938526843312172 2.106053113217898 
2.1276155551773632 2.2376915992497 1.8320778429511886 1.9588325516369898 1.70774288891293 1.8430685058761869 2.364673277261085 2.4641825116887506 2.102722278426868 2.2140362966565563 1.9953239166092005 2.1123052040159065 
2.1270354203907984 2.2416503090127726 1.8314146500443476 1.9633634530308086 1.7070427180352166 1.8478937386919898 2.3658962760858855 2.4694496588302948 2.1041067297067086 2.2199057543727077 1.996792515710398 2.1184656662540133 
2.1273010421990515 2.245239754623361 1.8324359682513247 1.968124337876337 1.7084786657553468 1.853265006128689 2.3666930413176037 2.473242362450791 2.1056229019986388 2.2247111356356286 1.9986809597885224 2.1237743313782587 
2.126937139375891 2.24897935254117 1.831425290984183 1.9718430793946307 1.7067634628314785 1.8566335264010771 2.3669087676664895 2.477156363202876 2.1053536795646712 2.228578167656791 1.9978581124936023 2.1273183990546642 
2.123876441339863 2.250626871491247 1.8285918779428285 1.9743906484478904 1.7040725847446991 1.859659525471929 2.36472038746201 2.4791879088682407 2.103520769775873 2.2314277504500297 1.9962251242979785 2.130583235519908 
2.120512916439834 2.2506031060158453 1.8239542465720378 1.9736890346779985 1.6987374954324668 1.8585877408420002 2.363315706728191 2.4807056338244102 2.1013079723039576 2.232517526580289 1.9935885180418176 2.1314395349829116 
2.120450283846073 2.2532537940726716 1.8225905861336194 1.9755201084531866 1.696313285647109 1.8596564245319323 2.3641033150568718 2.4839137944990948 2.1010738974778804 2.2350290326756137 1.992524489451231 2.1333066107109144 
