2.3732343108022436 2.483941853661031 2.1008434343303644 2.225144753486613 1.979689788115552 2.1111365885629 2.171205284713769 2.2916933535639097 1.8696080952886889 2.008273006433388 1.7323576280805875 1.881166922409864 
2.3784429911828116 2.4887176630278174 2.1065508540518643 2.230309629774897 1.9855599762048588 2.116405670722567 2.1690879709930253 2.2894687527604827 1.866951543106205 2.0055504501923256 1.729277300697213 1.878064036891884 
2.386486427204414 2.4957215006548488 2.115264292524906 2.2377782215471864 1.994778210035113 2.1242524447039925 2.170338912297084 2.289908150086132 1.867992653687613 2.0056681918579877 1.7303738423331791 1.878164523099851 
2.3893577018201864 2.497176248991537 2.118405660124482 2.239308270901405 1.9980055992032257 2.125767006453774 2.15896310594865 2.277713916216749 1.8546519906568566 1.9916307382964948 1.7158431863219437 1.863055777835822 
2.382732548819074 2.4892625340453427 2.1110024934144063 2.230548159399801 1.9902311863705282 2.116609019021189 2.127698932838441 2.246356230209679 1.818246374065363 1.9557692709013095 1.676516783334375 1.8247526103562204 
2.3790358968343224 2.4836523100921934 2.1068798128099973 2.2243335057104834 1.9855477261517258 2.109766994676495 2.10671779178567 2.224180040650102 1.7937086166449359 1.9303128244992542 1.6494992660278116 1.797099003290105 
2.371944373175857 2.474473552818985 2.098578957066093 2.213805071184139 1.976795054789598 2.0987181665961274 2.0879031089685673 2.203687511105105 1.7712292121689417 1.906345240558648 1.6250962961131288 1.771394147500948 
2.3643714463984398 2.4666811714415484 2.089968049168276 2.2050465100637333 1.9672333457280176 2.0890836990279373 2.07415079035837 2.1900605393788206 1.7549403440414293 1.8905235455143767 1.6068155467085354 1.7538870733728127 
2.3509503404000265 2.452565651114563 2.0752875880289463 2.18973271040714 1.9514380243879128 2.072732769323388 2.0652081775034206 2.180182466314918 1.7449744658381108 1.8796400337370451 1.5956903447809039 1.7419352589654415 
2.341526927841619 2.441757038947039 2.0604766245234156 2.1737049026138324 1.9331439177173049 2.0534055834265694 2.0664803567436616 2.179396739523901 1.7415960011459057 1.8741893486644858 1.5889109847966343 1.7332245097065209 
2.327376012216292 2.426979975607506 2.048353413315146 2.160857331153496 1.9210702198097316 2.0406037070435334 2.062426519379493 2.1742023474368275 1.7414579384641509 1.8724925770746892 1.589790814868362 1.7323358608537234 
2.3115351709792002 2.4103082484599017 2.0303880207176754 2.142163980789949 1.9012033512157083 2.0201398933226975 2.0552135470733544 2.1657085976635546 1.7329695300477272 1.8626793599527107 1.5796461819261427 1.720951209649431 
2.304708420124689 2.401835475105162 2.0223672653090583 2.1323935151546585 1.8923730630596178 2.009529436826851 2.0516373128293512 2.160173236357131 1.7284397928171062 1.8559732932005355 1.5743603689732668 1.7134010969628917 
2.2984647046119044 2.3940774016991786 2.015802432766339 2.1241765592640105 1.8855675054334942 2.001007602316066 2.0476614897845518 2.1544336108886464 1.7243656881145282 1.849892870770275 1.5701408841077575 1.7070468660604166 
2.312231089871547 2.405878328305187 2.0308005550936215 2.136817449434687 1.9016152860577664 2.0144425069503873 2.051408596542522 2.1564125643319185 1.728009117906662 1.851446307406337 1.5741681337038176 1.708754877332779 
2.3128935043972603 2.4042276851169984 2.0315694436280145 2.1349727875275226 1.9024520929271884 2.012500525486401 2.050716493590238 2.1532005332256072 1.7272047298114488 1.847720373293275 1.573304083857612 1.7047346243574217 
2.3101310468935763 2.400062017724044 2.028459247661044 2.1303143323278864 1.8991682139878 2.007593619267009 2.048249191827403 2.1491665796121087 1.7243161593575609 1.8430568229226167 1.5701780800347487 1.6997209883159088 
2.300756890814794 2.390089545308242 2.0177766330869624 2.1190725105554455 1.8877537793451133 1.995660315632838 2.04493183892074 2.1449456845784605 1.7203739408139616 1.8381328189746682 1.565847465953105 1.6943801375700083 
2.2898820715147234 2.3783174899925705 2.0054076152853715 2.105823802032013 1.8741871585955767 1.9812651733689162 2.040315579621094 2.139093697387882 1.7149307468363149 1.8313442189289704 1.5594567222095523 1.6866355416048129 
2.2740698086524573 2.3616813148205718 1.9881044933867598 2.0877510902338487 1.8557156944490782 1.9620973158262627 2.0337396735631197 2.1312536681429135 1.7079997195036727 1.8230217168132212 1.5518970016804028 1.6776559367083064 
2.250459519986332 2.3360345782708594 1.9609273174437427 2.0585736431026977 1.8264334418470094 1.930893217471415 2.0236581942356553 2.1184149704146997 1.6958361891105853 1.807857815226937 1.5383379191507673 1.6610156691847047 
2.2371282020182077 2.321614444621505 1.9456698935495762 2.0422493412595877 1.8097088597520925 1.9131641838261606 2.0193789840109804 2.112591422465598 1.6907927795756696 1.8010916858048118 1.5323821474636212 1.6532834249079071 
2.2255452102102717 2.308911792325095 1.932314273892806 2.027772333162153 1.7949160825759745 1.8972996404200055 2.0155382824669648 2.107229638681528 1.6861736382976347 1.7947712167677201 1.5267831636777642 1.6459310468357664 
2.2024817567606982 2.285254620360211 1.9062589867233914 2.001321092548043 1.7666261291126912 1.8688046101927542 2.008063983508417 2.0985194192281598 1.6778612569171778 1.7851277793137643 1.5173539313764906 1.6351837034650547 
2.189189153886355 2.271747525805994 1.889423229319904 1.9844918263892282 1.7472730546464839 1.8496623467556597 2.0004465806148524 2.090472241242551 1.6670805349153515 1.7741040497686866 1.5040613344852842 1.6218779754980501 
2.167938028206898 2.2501225217702285 1.8632938195962578 1.958305371227279 1.7173946611497346 1.8200385960131757 1.9942616858741513 2.083308844261362 1.6580073087129659 1.7641100602223243 1.4921691592261288 1.6092435703079915 
2.1263489438406147 2.2093353210330244 1.8154800321050346 1.912006923827447 1.664925626859079 1.7696836080961187 1.9604355344086417 2.050148827369393 1.6179973425726315 1.7256065977980315 1.4470400811905997 1.566437910152872 
2.1335945160799628 2.2147093553508306 1.8207042459022527 1.9151177302397078 1.6683447914164777 1.7708998595850898 1.953939658496774 2.042202771195478 1.6064303847495196 1.7126968647949612 1.4314429688417523 1.5497551234561187 
2.143291518391598 2.2219816116901963 1.827562040208037 1.9192411939851026 1.6730467682672119 1.7727349600798654 1.9507942882860208 2.03693448718641 1.5974613714294823 1.7015835516040234 1.4180921377715068 1.534434443399053 
2.144986572139077 2.2222019631169774 1.8319477325122973 1.921782158539554 1.6783234475681221 1.7759458789278877 1.9424708013396101 2.0274138660571865 1.5900496577330367 1.6927705350344882 1.4103173451592188 1.525191523803141 
2.1427511361453924 2.2173276573732554 1.8317534236496922 1.9184577435409853 1.6790592302394722 1.7732454447572588 1.9322524178927476 2.0146361743879138 1.58035995268558 1.6800884169448846 1.4005202153672647 1.51215620302678 
2.1385864786316384 2.2107599655951056 1.8276211189921374 1.9115717233413119 1.6749351577258365 1.7661583398659568 1.914627197024547 1.9949197483803887 1.5596294853541572 1.6572120052902324 1.3775532510890725 1.4871316211008605 
2.1378692959598617 2.206234742219403 1.8219714369352544 1.901727248628445 1.6660651330028835 1.7529288743631088 1.904970695997163 1.9813883929648715 1.5420791623674563 1.6355411196836098 1.3543268635775916 1.4598588509085104 
2.1214442157626507 2.1868809985060476 1.8079257497454944 1.884281947487373 1.65385231281176 1.7369946498555509 1.8788307645428868 1.9524159348936918 1.5159403015266824 1.6062371988055837 1.3284227315853971 1.4306047304642915 
2.1098623387514883 2.171738751194973 1.793907819170734 1.8662892001621556 1.6384970426832937 1.7174407337203514 1.8607375892053934 1.9306150550645511 1.492960331382552 1.5791962088486342 1.3021128393046049 1.4001528349583483 
2.095164838485244 2.1539417808164867 1.7770576182062578 1.8459911357173138 1.6209730214981672 1.6962614866661618 1.8415587261406836 1.9081635245824444 1.4695429969296228 1.5521939680809538 1.2763919373863566 1.3707391701366447 
2.0780633302077853 2.1356622665089797 1.7581387287567132 1.8258581275088905 1.601611080991347 1.6756682747460105 1.8207234799261176 1.8861972597239853 1.4449008877962086 1.5265794076268262 1.2497379088249951 1.3433357558668169 
2.062353311129544 2.118643208522613 1.7397019820437616 1.8060760923668173 1.5824259580552236 1.6551192639260144 1.8022323267345393 1.8663839970967901 1.421725418611833 1.5022153743784517 1.2242598140619465 1.316875072821637 
2.0483360175663097 2.1032676610929504 1.722617611676895 1.787586599132867 1.5645026402212971 1.635763712948606 1.7872409059383714 1.8499417475151507 1.4021273305443447 1.4812209370648963 1.2025880950098458 1.2939368375617915 
2.0340442681410136 2.088258662727228 1.7050596267454436 1.7693830813182632 1.5459426175499889 1.6166096419529705 1.7740381970964751 1.8359465358379345 1.384595164933531 1.463076186825318 1.1831373617451661 1.2740887623926804 
2.021206103886168 2.073677070692229 1.6884788607461758 1.7509492689152086 1.5281388457815945 1.5968941139332637 1.7575253595856601 1.8176242374909903 1.3618304367235678 1.43855643529015 1.157078047145785 1.2464718554041658 
2.0106287023868656 2.0610689399430315 1.6755792387296675 1.7357831608809586 1.5150533560445625 1.5813804311416946 1.7468080220968452 1.8046372661556926 1.3476929444283263 1.4218486799930194 1.1419707346783856 1.2286067536839818 
2.000888269612256 2.050099969482446 1.6643063944694578 1.72315750646072 1.5040110378158555 1.568886617723514 1.7366622832525405 1.7931402353056292 1.3350497343814298 1.4077335723324662 1.128933665222154 1.214021102729243 
1.9947018770119127 2.042272926801618 1.6562892693472502 1.7132826016588296 1.4954660241392475 1.558352257593529 1.731875558680487 1.7864590899729131 1.3281007176998472 1.398533033484318 1.1211494110754592 1.203752105438179 
1.9909759627916255 2.0373858672009186 1.651232625529801 1.706905114840904 1.4897209009791197 1.5512009058371647 1.7289830989382282 1.782228504953851 1.323618697213831 1.392451917686941 1.1156458375371816 1.1965038747409218 
1.9868807809916154 2.0326505083466393 1.645774878248496 1.7007491881761554 1.4835837495314685 1.5443424468303173 1.726488420660229 1.7789702408645995 1.319712839474502 1.3876652441716093 1.11089503134808 1.190823505764751 
1.981609336189988 2.02717067844652 1.639764913905443 1.6945425256255227 1.4768201192004817 1.5374144082690668 1.7230769269174622 1.775285750056403 1.3156927862063108 1.3833628974182173 1.1059910484607571 1.1856903464030248 
1.9754613024706027 2.02119840486946 1.631220416975845 1.6863201603037454 1.4665874743631384 1.5276368856003868 1.7189913401640073 1.7713629955056782 1.3089552776007474 1.3770110940173466 1.0969788922120833 1.1773522515572175 
1.9687071740923996 2.0148963619330105 1.6230179931605446 1.6787456085216965 1.4574405493614075 1.5192538849484247 1.7137733451430741 1.766640453100427 1.3020747088100904 1.3709113608584917 1.0887350899658197 1.170189518040083 
1.9636783938666842 2.0097248576665514 1.6171764896073775 1.6727883809743658 1.4507246611741458 1.512469243165903 1.7108556194310613 1.7635158404513527 1.2985583985862323 1.367192409108111 1.0842491219912702 1.1655716741251223 
1.9584547341264882 2.00421586018434 1.6108721635258503 1.6662068886589245 1.4432391447097235 1.504750975216316 1.7072859362222994 1.7595912981753614 1.2939047297318509 1.3621768307435178 1.0780628697912076 1.1591185529592969 
1.9560118203615457 2.00124692224625 1.607762345309184 1.6625001538045308 1.4396121688128676 1.500496650779364 1.7123952275669563 1.7638890038208437 1.3004671979692868 1.367560578329197 1.085724813474431 1.1652490605016972 
1.9532766490901121 2.0002185836564705 1.6045647453065575 1.661388797483809 1.435682547041893 1.4989226432357 1.7106405411075398 1.7640509560113893 1.2983179174919741 1.367923290760376 1.0826752832131603 1.1652340895308102 
1.946859218946991 1.9939000584312365 1.5978316354356263 1.6548240268415515 1.4283548340657122 1.4918358343370386 1.7062525171846308 1.7597369908631484 1.2938712336236895 1.363627292852445 1.0776058490927414 1.1604356899941022 
1.9430905606764963 1.989806617443439 1.594398150961704 1.6510102699928006 1.4247984842040298 1.4878777397426513 1.702920474887216 1.75603746874083 1.290907696386578 1.3602103250680393 1.074424467978136 1.156770238734426 
1.9426386546165988 1.9881772167582519 1.5941789555788863 1.6493666194138248 1.4244185278248065 1.4859245758909128 1.7021299741825209 1.753924214963859 1.2902744084149655 1.3578703000789838 1.0734848154541308 1.1538515293730771 
1.9406782480285836 1.9848633043374277 1.5918858712769872 1.6454637345457641 1.4214534505115854 1.481209028633465 1.700095761117971 1.750364496756402 1.2877088808311035 1.3533825905135963 1.0698707616209038 1.1480739179622943 
1.9407529475770893 1.9844789521708615 1.591842223440866 1.6448697128980034 1.4207477626690674 1.4799185495185743 1.700011281529967 1.7497637170227187 1.2874307818788397 1.352446940256497 1.0686629772426668 1.1461567375403594 
1.942938518074975 1.985702156821959 1.5941272619898887 1.6459783406859825 1.4223782372559628 1.4802576871637518 1.701850035760901 1.7505132146908746 1.2893894627378415 1.3529701242848562 1.0697865717139001 1.1456204779975694 
1.9454393268389627 1.9864875796952863 1.5970696946632095 1.6468243195567756 1.4250545830990604 1.4806009910450677 1.702593003219394 1.7493489258817512 1.2902404310095215 1.3513397425087579 1.0699856657972742 1.142920843664878 
1.9493368856661373 1.9892916640931655 1.6019715652340885 1.650357514852632 1.4302200871958677 1.4842157959106066 1.7056436459643485 1.7511674043421879 1.2944569707095543 1.3538780890577098 1.0746327051688664 1.1455140688924583 
1.9463985471442686 1.986022628294884 1.5997420458077984 1.6477236385083878 1.4282286938460942 1.481774536729296 1.6955446970591252 1.740887818183389 1.2828012817756775 1.3421615790579466 1.0612453615094488 1.1322810133086754 
1.9481167332294078 1.9873980188518905 1.6015564740240726 1.649113464421542 1.4299520106242796 1.4830221952946017 1.6962842303365377 1.7412559459012393 1.2834346587529966 1.342310173669417 1.0615950906482283 1.1320672310143158 
1.950847179103327 1.9897664541406384 1.6051172107405145 1.6522006797067386 1.4337098326423687 1.4862333968873829 1.6973745329229522 1.741966168105285 1.2851758047113282 1.3435187660853158 1.0633905552596419 1.1332101741616203 
1.955055771343468 1.993142708366213 1.6100177588658464 1.6560591688443391 1.438460850584194 1.4898135472311302 1.7000984101114271 1.743762997346085 1.2885063906956 1.345594108828291 1.0664244716169085 1.1347404727572743 
1.9603010482681809 1.998191310480888 1.6159717785411132 1.6617319586748425 1.4446617937224369 1.4956724279337799 1.7048718266900091 1.748306683302826 1.294284564785244 1.350985139844746 1.0727793080784735 1.1405453771250524 
1.963378682333393 2.00157153588904 1.6196201796227443 1.6657137477013302 1.448155793497789 1.4995292478912208 1.7099871780926343 1.7537071911471454 1.3009111519397512 1.3578669258367 1.0799793985262913 1.1479495913502518 
1.9675742282293294 2.005087654201741 1.624635847195377 1.6698711906707775 1.4531971815250126 1.50359908414186 1.7169520490660886 1.7598160404520242 1.3099685611465033 1.365666792681231 1.0901183621938675 1.1564541499913605 
1.9705589553251737 2.00702915657253 1.6272956278476998 1.6712733167654654 1.4555931864405793 1.5045979407576762 1.724678644621148 1.766233242279241 1.3189029119735236 1.3727958078797589 1.1000751588924458 1.164142944028885 
1.9730156102918295 2.0082080878771604 1.6304676756241565 1.672881934571367 1.4588715515956983 1.5061259342482753 1.736418860083949 1.7763050367026607 1.3344604529379056 1.385963140280159 1.1183318216232783 1.1793113198028926 
1.9748162446896775 2.010027749373187 1.6327221087160668 1.675139945571784 1.4614755859371171 1.508715758932159 1.7478236253953774 1.7875121757488086 1.3493589994846589 1.400386397552561 1.1361774128586786 1.1963325066427977 
1.9760749794400514 2.0128336981402613 1.6339875875810683 1.6782558232787395 1.4630893849553415 1.512368248929142 1.761917075622176 1.8030471301019837 1.3672581663200993 1.4198669181895183 1.1576312043863537 1.2193183248721393 
1.9764966811796978 2.0153639130723664 1.6331798193445692 1.6800085992977416 1.462179467067692 1.5143055719749432 1.774907121545902 1.8180890686416766 1.3824009844160123 1.4374230598937667 1.1754679720495833 1.239708645091402 
1.9746659855627255 2.0150147801290217 1.6304789334850083 1.6791189243583702 1.4596010929491694 1.5137417745898438 1.7881917932756572 1.8326507302643378 1.3988515602230318 1.4552541005399746 1.1953072766190334 1.2608482442936622 
1.9719454501326752 2.0133798111978174 1.626929829924745 1.6769108734035212 1.4563375174385091 1.511968376170269 1.799081593896997 1.8444034231531232 1.412454032773796 1.469746849133877 1.2120415372003386 1.2783481895551618 
1.9620209766664678 2.0041632453468554 1.6158020601791667 1.6667214220736588 1.4454166051624147 1.5021228856519162 1.7972472928562837 1.8431608266234503 1.4111654107436307 1.4691942749681677 1.2123533648566494 1.2794313902664884 
1.9479512343726575 1.9906294571250471 1.5987228182189557 1.6504563834206465 1.4278501348159616 1.4855462401332244 1.7827990772641655 1.8293343527015393 1.3927574045374735 1.4518487565769238 1.1927340633577797 1.261232004816703 
1.9379560466437311 1.9805103532481214 1.5864473352503696 1.6381583464741736 1.4155310580566571 1.4732534734128404 1.7721619033606946 1.818599854922187 1.3790211457852992 1.4382096304513468 1.1783939703354729 1.2471407177712543 
1.9345370255829792 1.9766591855935711 1.5831981118455898 1.6344002857291235 1.4134415514450678 1.4705662351595865 1.7662065307181491 1.8122454419287253 1.3724315163793932 1.4311940119324986 1.17254809076278 1.240813063193421 
1.942398568637642 1.9833865094846137 1.592060382223476 1.6418179275442086 1.4235573756774118 1.4789947425212708 1.7703760944628575 1.8152524238809213 1.3769442897392619 1.4341845849142156 1.1780640552387465 1.2444857431106071 
1.9465034811365762 1.9872282462910016 1.5978052188163643 1.6471738882269868 1.4313117453849145 1.4862212531305055 1.769547790955873 1.8142490692451272 1.3767371207593735 1.4337382607912819 1.1794392289884248 1.245502788297485 
1.9540996991874824 1.9931561770279342 1.6074482563257237 1.654707166970824 1.4425117812914423 1.4949936959146717 1.7726699891306925 1.8156334437392945 1.381210756099376 1.4359349095361567 1.1851976607995014 1.2485429134894042 
1.9595535453641577 1.9977718460598146 1.6141407603890188 1.660329077655764 1.450540937564066 1.5017693775374565 1.7678892141051261 1.8101587016361964 1.3751481994858736 1.4290818109223977 1.1788346736286814 1.2413272894403151 
1.9623790739293188 1.9993068681359776 1.6173717611593479 1.6619830736128725 1.4539152374865911 1.5033847947134793 1.762748566811413 1.8037679543044582 1.3682990513026347 1.4207528345830214 1.170564136557963 1.2314693341596818 
1.9683134356918361 2.00443897316057 1.6235911680977448 1.667203076150293 1.4602433979049518 1.5085849651660326 1.757652720284926 1.7980158233800392 1.3605637012374685 1.4123212811272794 1.160773916456172 1.221029852675601 
1.9749825486422026 2.0105400691707813 1.6308348522892346 1.6737196950927147 1.4678609210144022 1.515364967834894 1.7543632911803788 1.7942981524098078 1.3553069045206143 1.4066172570181448 1.1540581326091202 1.2139050521936423 
1.9832750034342919 2.0178899264299055 1.6415670571887369 1.6832238173182108 1.4800598188070944 1.5261314108514015 1.755595737989612 1.794607592535842 1.357747789262531 1.4078277860545623 1.1572872259069007 1.2156536263209559 
1.9907373165985915 2.025170878612015 1.6514999145316842 1.6928478938103566 1.4920927825367163 1.5377330378118825 1.7611746677425726 1.800005065042363 1.3660721482770082 1.4157807521569716 1.168350126587985 1.2261011549534404 
1.9979969859747937 2.032232795160131 1.6612316423558637 1.7022540196234992 1.5034651652646829 1.5486722315985266 1.7726630689345229 1.8111633095125246 1.3820394240268115 1.4310874003094152 1.1877499329254289 1.2444790399698826 
2.0061613793078585 2.040063220124908 1.6717398404735138 1.7122758412435801 1.51583740177712 1.5604286240986511 1.791156257791712 1.829047621607051 1.4065103462919888 1.4544572240208409 1.2170950203769673 1.2722007510241495 
2.0175875430864485 2.05531609141699 1.686021211615563 1.730991700626439 1.5317446386449705 1.5811092244489662 1.8204264691597984 1.8621539332819967 1.4442854848047217 1.4965377720717945 1.260767493877285 1.3203027740778288 
2.024969009037175 2.063277657990073 1.695278697548282 1.7408575670516526 1.5419323970787433 1.591907887900867 1.8414993594245423 1.883543229437806 1.4712546569377443 1.5235502853404608 1.2915788479070878 1.3508482989444077 
2.0248398924320927 2.0621643669078393 1.6954993615995289 1.7399032649387178 1.5421172135685437 1.5908082180276824 1.8426000855813531 1.8835393177590984 1.473063668204606 1.5239625509652164 1.2935702477192377 1.3512473022894105 
2.02369272786851 2.059196692884847 1.6945852903964116 1.7368298908033253 1.5406744873684026 1.5870213102500832 1.8434500226553177 1.8823567008375142 1.4746508182033775 1.5230081414056493 1.294856596395095 1.349671207512367 
2.020748393968247 2.0541825137813947 1.6904896976099113 1.7303170651430477 1.5360028527724972 1.5797298794177599 1.843989238614274 1.8805685417780578 1.4746618792541055 1.5201543955550207 1.2946725470655698 1.3462610193886064 
2.0271432273048418 2.0603970582846136 1.6973714437352507 1.7369502559911982 1.5427404097928754 1.5861823179533583 1.8476244900974574 1.8840495296535837 1.4783356893506596 1.5236150380551807 1.297865387629969 1.3492149340219628 
2.0319991731449005 2.0644421752089737 1.7043114676788276 1.7428650073891436 1.5511628019204045 1.5934261492712989 1.8442632823600755 1.879948911481788 1.475453826407848 1.5198239532858928 1.2955278665708276 1.3458429730773052 
2.0386551160676984 2.0701963042834852 1.7113511195160975 1.7488055095604542 1.5583801289380588 1.599420733349734 1.845584016475273 1.880366564760446 1.4760719270648706 1.519337483862292 1.2956134862948132 1.344697870106516 
2.05065259210789 2.0808004883310676 1.726749459278563 1.7624466839705561 1.5755880859916431 1.61463074275167 1.8475663452008455 1.8809720940616874 1.4798611561625672 1.521362435529026 1.3003088721987595 1.3473521372821617 
2.0661283249865776 2.094790061603272 1.74496684991774 1.7788109664019505 1.5953867365976941 1.6323351329282356 1.8529539394469148 1.884860060745052 1.4864256973397092 1.526014580727144 1.3075973714075144 1.3524311563225098 
2.0766971523744164 2.103795389780102 1.761490379502542 1.793357838374709 1.615595410825374 1.6502825548553826 1.8533352983958435 1.8836495713534431 1.4916531174103485 1.5291543421316274 1.316179773845507 1.3585334653441594 
2.0960677479004373 2.1211781520957667 1.7852801686537636 1.8146961260024803 1.6417070619901744 1.6736483580873285 1.8676880201437314 1.8958257540524157 1.510623651803589 1.5452768575657925 1.3378940967761277 1.3769013629626525 
2.1082791332867687 2.1343783081385572 1.8012387945667863 1.8317180605793049 1.6595290796645925 1.6925621479438826 1.8696181355165575 1.8990002188131545 1.514956192057186 1.5510712821312918 1.3433792595735612 1.3839789353355092 
2.1228460935086746 2.149777332926608 1.8191669923140754 1.8505230585877712 1.679094957149547 1.7130169058024616 1.8713303515747932 1.9018265770477178 1.5181469935171097 1.5555826363022438 1.3471308856696291 1.389182733683744 
2.136709071648445 2.1646220116557906 1.8361707348895309 1.8685785410693232 1.6975769197490758 1.7325790587862824 1.8737021404334149 1.905471728350951 1.5220896891657731 1.5610316519355911 1.351666176489136 1.3953724410152153 
2.1480335735510026 2.1773238517414653 1.8486529311642816 1.8826068580992394 1.710331607233606 1.7469759955312179 1.876873154984718 1.91032556444243 1.5251630295487395 1.5661459666845519 1.3541930488310334 1.4001891785620577 
2.156270664859189 2.187564896219605 1.857047457695223 1.8932940223780064 1.7185515238514935 1.7576564895258375 1.8791790278023779 1.9150067398242467 1.5265765288816313 1.5704690043335114 1.3547066023801206 1.4039825403374113 
2.155691728844864 2.1888437362429873 1.8563969701036898 1.8947928072721194 1.7174573390364487 1.7588887921895913 1.8782335407531618 1.9161918759587098 1.5254389907204287 1.571939625523245 1.3529279785746762 1.4051491689817701 
2.1583191597915934 2.1938505513237425 1.8600542887570488 1.901168220632643 1.7216521131527966 1.7659911224984939 1.877470274364814 1.9182109574140926 1.525239323097687 1.5751170238250523 1.353011099113193 1.4089988219808738 
2.157734955254783 2.196174243599164 1.8631327000319542 1.9075179236506168 1.7269727440606468 1.7747664719191538 1.872734449602602 1.9168973602799813 1.5240005379029102 1.5779539950988304 1.3541599020530626 1.414606026937663 
2.1591324355825328 2.199894456373887 1.865063907748086 1.912105155263319 1.7298029383674203 1.7804215653559585 1.8727685319292826 1.9196209831590612 1.5244252949175832 1.5816305588172481 1.3555911276578052 1.4196161629766548 
2.1617697330036703 2.2056226526517992 1.8679403650359825 1.9185213354796864 1.7335325656389495 1.787920038338057 1.8727722561835327 1.9232261517800655 1.524214142543875 1.5857968532226188 1.356157329048057 1.4250212659784274 
2.1633740957264047 2.210292767707491 1.8706423434906094 1.9247102166767962 1.7377628596733328 1.7958358492301125 1.8728749313448667 1.9268801595792198 1.5253772673211174 1.5912204274015715 1.3591514951836825 1.4326546784832834 
2.1582398860277903 2.208703491494784 1.861276883121168 1.9195633210033083 1.7272874299436238 1.7899423379933916 1.8498647433910536 1.9084997449675618 1.492766491733134 1.5648397702452634 1.3219387386869519 1.4028163588086822 
2.156905969773138 2.2073082126071566 1.8600271039001015 1.9182458159065534 1.7275072133114233 1.7900411601533075 1.8447282169585308 1.9034149251918249 1.486768192840767 1.5589887242193254 1.3172167642582597 1.3982225098470558 
2.166897143472207 2.2128177204840007 1.8731382170005528 1.9260752357288669 1.7432651002036408 1.8000256229531872 1.8769690811486506 1.9298010170191149 1.528468671968127 1.5929016023872944 1.3662148113631363 1.4379366969682672 
2.1693082567387605 2.210960585482012 1.8754450045669053 1.92347143544035 1.7472882125038673 1.7987396963860447 1.879462865489755 1.927389182431758 1.530939683708983 1.5894101776932728 1.3709480105222664 1.4359480649922407 
2.1732560363578886 2.2114399067951176 1.8794506021617061 1.9234758193868722 1.7522252287779672 1.7993659756052962 1.883555606921654 1.9274870651099063 1.535276682154067 1.5888672545451996 1.3766020402302186 1.4361259829715498 
2.1767946021066757 2.211416962682696 1.8847718067078465 1.9246545161251045 1.7596619183697646 1.802315263776224 1.8867086480855382 1.9265512621886705 1.5406490665822505 1.5891915521549815 1.3847905437143768 1.4386017840391967 
2.182977559144365 2.212972627984334 1.8909185670800024 1.9254687366477519 1.766828274317538 1.80375690696055 1.8942071733915193 1.9286984326762673 1.5486131922878252 1.590616122075936 1.394385865866364 1.4408916584559333 
2.1867730936346916 2.2145621574669425 1.8952599534218624 1.9272569307916991 1.771843023251394 1.8060278750021108 1.9001603233002842 1.9320761476931079 1.5558415672055559 1.5946635910074076 1.4028757572374826 1.445810975364567 
2.197650022494255 2.226513081337947 1.90654493452659 1.9397444335192715 1.7837947060603694 1.8192356728497272 1.9117768201777632 1.9448870121857977 1.5684828899828647 1.608674440702344 1.4167386993263786 1.4611103388071 
2.2061272454036756 2.235417620891544 1.9160217756884732 1.9496753477931679 1.793611849568465 1.8295185114648087 1.9208447066101964 1.9544152332072144 1.5791726976212612 1.6198397839886545 1.4281773107399554 1.4730189909815863 
2.2168783290724394 2.245816122747143 1.9280052826460334 1.9612100604450842 1.8059959063937578 1.841402113931395 1.9307147676213103 1.9638737345336157 1.5906961865519798 1.630783520026803 1.4403927248882544 1.4845442846850376 
2.2219079181317034 2.250480287444518 1.934235392669765 1.9669909206136056 1.8123189542286313 1.8472375914798724 1.937710538923799 1.9704082978348318 1.599723066738853 1.639176811017152 1.449947353477484 1.4933633366921661 
2.2285506978940934 2.2572434029329336 1.9408700101460297 1.9737492148913571 1.8187401407249606 1.8537867370558698 1.9466098114116885 1.9793936760746331 1.6092942369511705 1.6487988076427789 1.4596805281582164 1.503122354063118 
2.234268899692076 2.263326645442774 1.9472670907020535 1.9805401057214773 1.8249883311767339 1.8604495147063895 1.9544853021016144 1.9876374880674896 1.6186118751977694 1.6584916009347892 1.469230304932225 1.5130524368875125 
2.2363454835396164 2.266454320384163 1.9493514665518992 1.9838208600546674 1.827293703417171 1.8640215511597606 1.960346566540733 1.9946259613240875 1.6253272530010812 1.666512149367067 1.4767260469525283 1.5219375422099426 
2.2392927413880037 2.2702855013484537 1.952047536724708 1.9875245562339603 1.8290404231817843 1.8668564876907385 1.967859907064779 2.003056886319757 1.6335636558864182 1.6757966743710289 1.484395332057131 1.5307494170611338 
2.242482496132079 2.274032215879705 1.9562514392221568 1.9923389437690466 1.8333136015037799 1.8717728320655689 1.973180617647244 2.0089640423010957 1.6406199126728773 1.6834869976506381 1.4918956953683993 1.5389111537898346 
2.2460563732892482 2.278793451937505 1.9595096990811884 1.9969498304647642 1.835896078102802 1.875805100268482 1.9793033630530843 2.0163759985660534 1.6469823410690383 1.6913548404735328 1.497794038108461 1.546453150015625 
2.2509852493093416 2.284558311833655 1.9637029941944477 2.002099282495311 1.838817942649092 1.879766877505889 1.9876217978801298 2.025564735812766 1.6552447759193318 1.7006196975715173 1.5049774898676191 1.5547441373320048 
2.2522866139149986 2.287379305012767 1.9657513566116875 2.005863277943113 1.840415138174181 1.883198602006886 1.99209311148367 2.0316850293784934 1.6612701073638476 1.7085454232769728 1.5108831372481095 1.5627146086860164 
2.2572291307522616 2.293742362393085 1.972115918681407 2.0138053215334915 1.8463939354093994 1.8908572767495195 1.9979689756141386 2.0391298889076706 1.6691428565334394 1.71819921773833 1.5185411563459876 1.57230338034255 
2.2620949430900024 2.3001030650458603 1.977656504338749 2.021020986391126 1.8515020515120584 1.8977514128655948 2.0045947473625088 2.0473887465338283 1.6770366181909566 1.727961920018309 1.5262327530076665 1.5820199096829852 
2.2711308475351744 2.310090871664108 1.9871465941459476 2.0315600151966566 1.860739295717119 1.9080972814156618 2.0132395697049668 2.0570897096981065 1.6863717932371378 1.7384862190267254 1.5353986339142809 1.5924614512589748 
2.278267476401928 2.318697015444409 1.9956839163632127 2.041716789721535 1.8694934859557042 1.9185565014955412 2.0191374259893284 2.0646474518500275 1.6938617254754917 1.7478617509490875 1.5431847410568866 1.6022709822095669 
2.278021070747951 2.3193391819765474 1.9952582516485529 2.0423050049029503 1.8681150560850475 1.9182825925946467 2.0238605924251902 2.0702574573834145 1.699319625488872 1.7543207893232184 1.5480586428077072 1.6082412144487654 
2.2710910256481336 2.3140150106599333 1.9870531416093256 2.035974265642739 1.8586533857552598 1.910864576875999 2.0264343665116544 2.0744269725780877 1.7020464102307817 1.7589124496004598 1.5502174697052962 1.612446968479736 
2.2753473687760843 2.31924834840865 1.9917521558156401 2.0417600013704473 1.862346254539217 1.9157350612222583 2.032040880542577 2.0810808233214417 1.7085260143750374 1.7665696688204093 1.5557371446990171 1.6192669070898258 
2.2791310665566735 2.324510335899533 1.9961563824870439 2.047815955232247 1.8667612241911822 1.921902013970473 2.0356085154920533 2.0862914253535534 1.7128642424733378 1.7727982954368386 1.5601477743931056 1.6257216739355358 
2.28433195861268 2.3295690223256407 2.001295447138988 2.0527792865720467 1.8710212495691334 1.9259906149769372 2.0408078647288774 2.0913192184310936 1.7181116699269698 1.7778152443319977 1.5644311298165992 1.6297742458939646 
2.2887691418819505 2.332694755828769 2.0065086396103657 2.056472115023941 1.8759961771898792 1.9293424516842625 2.0449936283595216 2.094039058630722 1.7232561260680437 1.781182841560922 1.5693617849403116 1.6327574991623959 
2.2941067345161255 2.3363893369197353 2.0122219060909363 2.0602976541442355 1.8813280972101172 1.9326626280011314 2.0494364233496585 2.0966590275178842 1.7280917057124716 1.7838414637159434 1.5737405610049706 1.6347626059071205 
2.297777975090944 2.3387928938007825 2.016888142365124 2.0634937257217527 1.8857022709889915 1.9354693570534873 2.052900807446146 2.0987068167071454 1.732759614376166 1.7867916662255394 1.578129005250534 1.6372720404664094 
2.302805245299576 2.3430209068677215 2.0222933901338944 2.0679713557056925 1.8907646902190762 1.9395427517895139 2.056404926900157 2.1013415228418344 1.73653672042351 1.7895236108023946 1.581417193336167 1.6394252991884808 
2.3057087388906714 2.3452668696924044 2.0253463246064385 2.0702684937168923 1.89375940409462 1.9417282461963647 2.057142563362299 2.1013851211705123 1.7371155609218432 1.7892887898483045 1.5817292492701809 1.6388567110875831 
2.312162654576239 2.3513792973012753 2.0324971526713242 2.077000995227744 1.9008254864708227 1.9483392899023104 2.060553649827405 2.104464255428692 1.7409278785225537 1.7926846729910533 1.5852200896459265 1.6418925638351127 
2.2749914062894305 2.3140040061699896 1.9856815844164843 2.0302610661121294 1.848228560186959 1.8960425766766842 1.9383474911095686 1.9839908362113872 1.5888789923372892 1.6442521382594457 1.4133484737639048 1.475324557570557 
2.2804814346562967 2.3184250795339585 1.9916381071399596 2.0349746006798317 1.8542710497152353 1.9007420659868715 1.9421438435945058 1.9865603400883751 1.5930943114618294 1.6469513535050269 1.4176206337423423 1.4778861718048653 
2.286937174484634 2.3240461200930933 1.9989862735996362 2.041336535292444 1.8617351379935225 1.907135666993767 1.9467981977698048 1.9902592673116133 1.598714391265607 1.6513619933617705 1.4233760244010576 1.4822644956686237 
2.3325314593644157 2.369371160752298 2.054009999227046 2.0957513605875797 1.922439373536833 1.9669747922646825 2.0671288587131404 2.1086105394322328 1.746790138088915 1.7956871874033882 1.5899974385277138 1.643565801239698 
2.337221298824919 2.3739762824427797 2.058901457302132 2.1005321232489735 1.9275705284323168 1.9719756925481715 2.0689178991155837 2.110350981045769 1.7483972902292089 1.7972348411937826 1.5916488355415714 1.6451461958138678 
2.3434581201332123 2.3789850013184806 2.065367517324287 2.10559175941071 1.9341901877577319 1.977085065974221 2.0701501776002362 2.1102832590669647 1.7491337223375147 1.7964527420164134 1.5921110135346375 1.64395594682409 
2.3493502578264254 2.3828044164448516 2.0720769862987933 2.109932058202133 1.941747439897653 1.9820931798048977 2.070759926198373 2.108638642591255 1.7498865892248818 1.7945510102053635 1.5934187015185588 1.64234387733784 
2.357529897128053 2.3891138974508124 2.081055895994293 2.116769151653673 1.9513808415203349 1.9894233304635316 2.0736628385667255 2.109501260296521 1.7529757540971895 1.7952275603924452 1.5968774345116816 1.6431480578428135 
2.365675518453881 2.397177895770783 2.0896290042521994 2.1252271833317113 1.9609192161361568 1.9988109909573841 2.0773185954523297 2.113124168706619 1.7565253382208978 1.798728014228955 1.6012607722079621 1.6474456792173875 
2.3732723842583767 2.4047400150875853 2.0978529543043383 2.1333869194694715 1.9700096816725143 2.007807479855437 2.082475077373902 2.1182670223943534 1.7621769649735637 1.8043337790340899 1.60786155619302 1.6539563217217799 
2.376536061421909 2.4079426454379598 2.1011143970852135 2.1365733879552935 1.974114041295173 2.011812710099715 2.0854996666599495 2.121219694449106 1.7652384875814258 1.8072993804344537 1.6119899058116833 1.6579431802443532 
2.3773447452484144 2.4084826824704906 2.1016035872067427 2.1367635413775314 1.975273965241341 2.012642052566787 2.0876142006032268 2.1230058512779117 1.767230220022352 1.8089011704789875 1.6149527084593687 1.6604496513174527 
2.372661820035388 2.403460285391385 2.0960368172944004 2.1308372933318114 1.9697968033920756 2.0067876514104923 2.0856201073670246 2.120591536211922 1.7645558816466085 1.8057559886799877 1.6125714144352306 1.657553558064909 
2.3650390097683567 2.3956366609872397 2.087212162317499 2.1218199980832706 1.9609363129194404 1.9977328943244865 2.088504442113085 2.123091212940718 1.767737508095048 1.8084693503806166 1.6166980269444537 1.6611375632578085 
2.3533811250638856 2.384069877156909 2.073155001683897 2.1079274466563023 1.9461900940573507 1.9831899408697493 2.0913182490493787 2.1257936113759865 1.7700793654542613 1.8106814792687753 1.6195262212162418 1.6638063711162305 
2.3397538844143178 2.3698083744792298 2.057599585155452 2.091712108525427 1.9302855193032684 1.9666076574019253 2.095559837282603 2.1290642366429178 1.7750038999483604 1.8144371956482508 1.6257075315172436 1.6686726671674974 
2.326188065835228 2.3560164745337073 2.042167557678419 2.076080693102809 1.914214656101619 1.950353932052908 2.101367367224075 2.1343400672512898 1.7818648175532954 1.8206331147911814 1.6336497923466458 1.675850337791009 
2.310646457951973 2.3448626918107593 2.0225990701189396 2.0616015590423866 1.8928888142851918 1.9345082199479018 2.1001792236011667 2.1377667695625733 1.7783623691604589 1.8225988878099317 1.6293231051102173 1.6774944919867845 
2.287380899343459 2.325465279345467 1.9961866598796043 2.0397153153911676 1.8648624891614103 1.9113841817492607 2.0794849701503715 2.1213050529900905 1.7541116108963222 1.8034924258896377 1.6030778103015744 1.6569658574156831 
2.2679691600041654 2.309105615975588 1.9735915363443368 2.0207296175713365 1.8399143115726886 1.8903886661028204 2.0619921004043635 2.1071535437955156 1.7329716857842774 1.7864701225405366 1.579054142621462 1.6375886602959855 
2.251543049190488 2.2955321727124627 1.9535786192416211 2.0041185781180713 1.817634138312218 1.8718482081509706 2.0515411196361626 2.09972446267552 1.719256898999681 1.776475763515506 1.5630638899155722 1.625789216829168 
2.2586643626960186 2.3044491853744598 1.9615006717595105 2.014052191471962 1.8254442602591323 1.8817991635594407 2.050892645487084 2.1012096487435543 1.718162048618526 1.7779207434452782 1.5610389768718174 1.626580472024981 
2.2641279974488833 2.310835734683859 1.9669402476007987 2.0205296685502767 1.8307739910846152 1.8882318740800588 2.0500882685464767 2.1015584961384945 1.7162284980829012 1.7773931645789265 1.5583066856148344 1.6254248460915965 
2.2628982246965705 2.3096640412568425 1.9674754433371946 2.0210886245473976 1.832646868585132 1.890088398217102 2.044368539998327 2.096015824242482 1.7116348828342132 1.7730012916732156 1.554776156536654 1.6220876995634024 
2.2642974400574585 2.310614357665675 1.9678544944814287 2.020976774792516 1.8321302917234787 1.8890731109861152 2.0453399392890073 2.096499768674149 1.7113806945419128 1.7722075765696184 1.5534072151405631 1.6201758512120714 
2.2627770141203065 2.3086936300495156 1.9666009427515307 2.019263660305709 1.8313165756993544 1.8877570983130243 2.0430961241290655 2.093835770596923 1.7092692078286587 1.7696066474307817 1.5517094951153745 1.6179335026604802 
2.269157016322361 2.314117949613848 1.9745518065437029 2.026060995312086 1.8401140694872695 1.895280482863948 2.042187613302216 2.092032162258745 1.7088918982560013 1.7681571875613886 1.5516044830835596 1.6166461554480622 
2.2806049568582654 2.323723325687998 1.9876585524798998 2.036987394744133 1.8537370884908384 1.9065341115087582 2.0441925112979185 2.092188841464004 1.7112424069215006 1.768299098101475 1.5536747559404094 1.6163033045646136 
2.287553191243563 2.3284894196943666 1.9962395364205692 2.0430212092948543 1.8632007328166789 1.9132381831932503 2.0444841226012516 2.0901862841451737 1.7123048827731027 1.7666214609894813 1.5551632375955295 1.6147743094403657 
2.3035150390226433 2.3414438451142683 2.0137656835400413 2.0570439890832404 1.8815552188026505 1.9278038764935324 2.0480769905947116 2.0906451406739235 1.7157185237105446 1.7663147503838297 1.5584248027426573 1.6139596062552157 
2.317870031172544 2.353312950937 2.030086815534698 2.0704619876365298 1.8989235360613683 1.9420275382825576 2.051345753745041 2.0913105376887025 1.7195203978458093 1.7670061579541285 1.5625007250583312 1.614611061354347 
2.3265560575359796 2.359184398146393 2.0401272227136618 2.0772594976211707 1.9094101395083667 1.9490343805221497 2.053310320886095 2.090208412923783 1.7220160480835711 1.7658502783241166 1.5649496048938316 1.613057717955982 
2.3307669032921416 2.3609169787101876 2.0452472176932646 2.079541008098191 1.9144618265930613 1.951055793246836 2.051081747050088 2.0852795870007554 1.7197378163784272 1.7603842705392594 1.5619302356642055 1.6065742074246183 
2.332966287219644 2.3611433414562972 2.047855300382185 2.0798984381222585 1.9169784154505785 1.9511720649146784 2.0511041482341676 2.083097311337953 1.7198860022988183 1.757917530063174 1.5617627140200943 1.6035488631480521 
2.324043877663242 2.352376376200033 2.037736153800094 2.0699911358515526 1.9062194521366107 1.9406615546519181 2.0307585433290685 2.0631226166430343 1.69563231524526 1.7342616926242707 1.535080752176901 1.577646216901622 
2.3179893116164276 2.3464211040578373 2.03109604873034 2.063484603278638 1.8990244310087216 1.9336264733313928 2.0233063852931417 2.055817666420833 1.6870226552029464 1.7258803515794479 1.5254468425900651 1.5683129848241386 
2.3147691748835 2.342731816813619 2.0271641240390084 2.059036283874289 1.8937803353585758 1.9278589136943711 2.022039331811041 2.053991015538004 1.6851946807982872 1.7234027807540642 1.5221335963018623 1.5643294785660853 
2.315640041047019 2.343219119822182 2.0289955835585842 2.060415036321624 1.8954941510066023 1.9290891944905606 2.024232713128666 2.055724962318705 1.6888316539253518 1.7264528372070405 1.5258529921654445 1.5673909523473204 
2.315924497973518 2.341871323812197 2.029265749061441 2.05882842832857 1.895345002978057 1.9269633357419882 2.0296216235332856 2.0591791936822523 1.6952218541282114 1.7305005494636199 1.532380610264268 1.5713196211127418 
2.313072106384278 2.3376184851538544 2.025874318049617 2.0538559748271057 1.891187895406747 1.9211322881397315 2.0284798927603402 2.0564260959570126 1.6936926694453749 1.7270646980738735 1.5300391373206768 1.566900563064868 
2.316015383726777 2.3397247998128092 2.0286200077045207 2.0556468609318794 1.893470816690632 1.9223986617918485 2.031406309840326 2.0583965791020664 1.6964620460414341 1.7286897798214371 1.532291118442931 1.567896984134828 
2.314813766639122 2.3377984481605765 2.028071285093796 2.0542667663723715 1.8926264873508454 1.9206701514372528 2.031483850741128 2.0576358875714624 1.6975385117934734 1.7287497820743174 1.5331662930752163 1.5676535625647652 
2.3154414949130997 2.3368545121606115 2.028831036327424 2.0532352686931445 1.893486982148388 1.919612629205541 2.031228592247906 2.055604360913211 1.6972847879968198 1.7263821553194443 1.5329426698886721 1.5650983751206855 
2.3204504255280614 2.342915079889444 2.034152957015121 2.0597424952584147 1.8987674548857634 1.926156468715187 2.0379730033377186 2.0635151699402066 1.70488182509327 1.735333665832989 1.5408314744751808 1.5744594396088327 
2.3230723686783845 2.34621716848995 2.0367016559420286 2.0630616585349553 1.9014017251798738 1.9296109172879905 2.043808061369022 2.0700775742268696 1.711326911176529 1.7426157260041584 1.5478419435191049 1.5823667254201852 
2.3246369577314563 2.3472152739642267 2.039427278735616 2.0651261904133023 1.9045756128993565 1.932069052164275 2.0496859632272844 2.075257840590166 1.7194589811481285 1.7498633503593817 1.557139630171604 1.5906496738537244 
2.330607316492626 2.35294791114656 2.0445343879937456 2.069964799838142 1.9101076576174862 1.9373034539196383 2.0614970908756964 2.086720792192611 1.7315197531905202 1.7614749684764073 1.5705257258921166 1.6034913359818816 
2.33350593167506 2.35527559676202 2.0502677792821817 2.075011125344317 1.9162205719495577 1.9426719959639842 2.073304941575814 2.09777658112171 1.7484111113701748 1.777361701484166 1.5891018620474553 1.6209003459505738 
2.340747964557748 2.3618808158713764 2.058096684604793 2.082100362129847 1.9252725554531858 1.9509111634262695 2.090210464278954 2.113849507363578 1.767948165128503 1.7958342544291888 1.6113823767750597 1.6419296936779115 
2.3518699537402172 2.372461599416524 2.0690349149557656 2.092411823878371 1.9366255908941228 1.961581107348358 2.1119313270809754 2.1348385633827234 1.7916102060174839 1.8185568156387115 1.6369118272851506 1.6663619329863517 
2.3521789673819127 2.3731683229374694 2.071839550977305 2.095638594651721 1.9407585824604356 1.966144925938533 2.11095388263075 2.134316820201218 1.7932929278268623 1.820736532119307 1.6400988614695882 1.6700617562814377 
2.354861446587398 2.3755186768038032 2.076343826109657 2.099742897462375 1.9445518907511035 1.9695173538315653 2.1134835306251363 2.136475879911517 1.797955473815659 1.824927515558821 1.6439958203790213 1.6734511670926315 
2.3608139508299164 2.3814960060166297 2.0832117149327765 2.106620935401801 1.9491022312934638 1.9741023844454368 2.1196463814592184 2.1426575784929236 1.805333576166233 1.8322963836326152 1.648774629848834 1.6782545981683348 
2.359307163804834 2.380395668425905 2.0833388023028827 2.107190976219481 1.94939107343314 1.9748617172503016 2.1207770744660577 2.144212826344626 1.808774632612037 1.836196862174862 1.6527221979451991 1.6826894867030013 
2.3552006566377077 2.3768728327882185 2.0786749275022993 2.1031984653015248 1.9447543946284551 1.9709449473911465 2.1231764174054613 2.1471917542796892 1.8115731894203695 1.8396607705897003 1.6561937150667763 1.6868704609562317 
2.3533159564976738 2.37603305623187 2.0745878632409283 2.1003218552180427 1.9397508947044104 1.9672495079949976 2.130191155250289 2.155261341718577 1.8175624250920683 1.8468812258254617 1.66200237674516 1.6940156414586496 
2.35266599720961 2.3772480189088996 2.0752110176139413 2.1030386626513287 1.9411444461518799 1.9708659542968134 2.1363372033521038 2.1633787221395817 1.8263077833777879 1.8578673172770679 1.6724057859342298 1.706813393961475 
2.34742563320891 2.374187254398071 2.067728028113526 2.09806034559215 1.9329561228973229 1.9653695297694658 2.145440138630358 2.174688806230963 1.8352126534127455 1.8693216680780893 1.6819113109930173 1.719064767117938 
2.341769731239253 2.3708978511417067 2.061254150789844 2.0942874254859003 1.9263426990409471 1.9616491379827232 2.1489559615190728 2.1806611086889136 1.8392647782601506 1.876210561463814 1.6866897890686243 1.726902889843074 
2.3362004564009506 2.3678768525808116 2.0526629778139447 2.0886439421280043 1.916576413422645 1.9550635194253945 2.1501524484761565 2.184528271318092 1.8381371765154009 1.8782322796150668 1.6848110065191317 1.728466471814831 
2.3195068827651624 2.353072021149153 2.03571130222214 2.0738746981230474 1.9006251478908092 1.9414457783607968 2.1398926443153545 2.1762298331552574 1.828427973969705 1.8708245811713506 1.6767242775110522 1.722858108003953 
2.312941416208178 2.3477877444204984 2.02778229314961 2.0674405254930774 1.8927837018558384 1.9352104381826518 2.134891061110869 2.172595024584907 1.82207652869222 1.8661115117942686 1.6705364377980776 1.7184589864326383 
2.3138765034016053 2.349364546100507 2.0281986437708808 2.068593492224618 1.8940450164117115 1.9372392267538978 2.134267467538696 2.172691170063992 1.8206215665519399 1.8655166003212191 1.669874149208269 1.7187114276905358 
2.3138257476872717 2.3494561267366882 2.0284064857568764 2.0689580402368146 1.895309745730381 1.938647346234111 2.1339967292994055 2.1725783165309736 1.820600264050448 1.865674093259742 1.671033058398475 1.7200308087533085 
2.315817018827958 2.3509429608719157 2.0298367754805335 2.0698216531076317 1.897078523807913 1.9398018625811273 2.138731761744144 2.176717227678692 1.8252129791049618 1.8695793001831216 1.676326939917512 1.724527862944873 
2.3175984054404246 2.3521514589201096 2.0322888560684476 2.071606167035617 1.9005305838370503 1.942516567985972 2.145199240839881 2.182483424839694 1.8332526853928237 1.8767443953026741 1.6860112437644061 1.733201670579624 
2.3146484564669016 2.348517122970282 2.0287052667710532 2.0672639549135012 1.8972253850886065 1.9384012385686846 2.142317333969132 2.1788663931697627 1.8296368879711107 1.8722997467512008 1.6826735405968116 1.7289665826974823 
2.311338478099703 2.3443627938406313 2.0249796981560704 2.0625940285825153 1.893296467947968 1.9334742988579523 2.1377259238134925 2.1733898578359683 1.8243161302099618 1.8659798208298635 1.6769490393402686 1.7221815901188382 
2.310276331398175 2.3429586557595528 2.023624080559087 2.0608573348484387 1.8920756093292386 1.9318459168884587 2.1338777847896093 2.169219430025144 1.819646144836575 1.8609649721578883 1.6721267249878549 1.716999219451951 
2.306934657901294 2.339269308990771 2.019867022807729 2.0567197606835403 1.8881197164973833 1.9274930474546879 2.1306696864662436 2.1656377113880705 1.815948398723422 1.856852705786369 1.6681732106787233 1.7126106518955673 
2.3038109382844354 2.335858186701198 2.0156241116237448 2.0521766952138916 1.883242469614311 1.922313925554047 2.1292046904792903 2.1638394679317154 1.8134796204972943 1.8540218345475359 1.6651035925608384 1.7091689802295764 
2.302088757282395 2.3341556612629764 2.014317425235159 2.0508887571504215 1.881783264036005 1.9208795530709366 2.1261081012982386 2.160788204106548 1.8105793828512466 1.8511800847583686 1.6618758271320997 1.7060191292614513 
2.3027141105389006 2.3345209850149047 2.0130243749331402 2.0493323519319553 1.8794034354749274 1.9182422234626573 2.1270480064810386 2.161441458026324 1.8094496624871774 1.8497578316295786 1.659517466095178 1.703377284947454 
2.3034426707642974 2.3347539940425754 2.013103420467453 2.0488566218009887 1.8794522993408904 1.9176988868687805 2.1271253251037563 2.1609928791871944 1.8087010235795633 1.8484121477359319 1.6586605911692 1.7018763268515607 
2.297796248382167 2.328938716978006 2.008971537150081 2.04451817928801 1.8759753929833833 1.9139936320268045 2.1220754977330945 2.1557579563668923 1.8053541082234144 1.8448282858952374 1.65608589574308 1.699031619022777 
2.2933629407488927 2.3235652666409887 2.003993237613443 2.0384873967578043 1.8703571142432691 1.9072696991092817 2.11994833210633 2.1525851669888487 1.802957639325009 1.8412219365248748 1.6531494450292175 1.6947994152525572 
2.291877540362227 2.3212349872162474 2.001927086488619 2.035470772444746 1.8673639011228664 1.9032806269903582 2.1193645211281638 2.1510776785780683 1.8018644158251227 1.8390607871619715 1.6510757864546406 1.6915911026240384 
2.2899995828836937 2.318794456683794 2.000449407110185 2.0333488321356694 1.8657272821094435 1.900959740222683 2.1175130272580356 2.148620735110664 1.8004336037209177 1.8369188343929326 1.6494549470074926 1.6892043289512049 
2.2881688406867706 2.3164628111691843 1.9985707187612454 2.0309033039339517 1.863173076310905 1.8978138012802628 2.1172152346159425 2.1477624779592928 1.8003245885367005 1.8361513924864257 1.6487260592620716 1.6877739571784607 
2.2908598662934403 2.318824108593405 1.9984638027730197 2.0304590344535396 1.8607952856222523 1.8951162008156648 2.1217949111528194 2.151957240419521 1.802174322587579 1.8375904354871897 1.6481910729627192 1.686843244819743 
2.287528674369021 2.3154241004490927 1.9988457524432668 2.0307106320055768 1.8630081180876508 1.8971559179309672 2.11587743975413 2.1460052816664947 1.799870619255865 1.83519360693647 1.6477102755219106 1.6862237339512485 
2.290682474477161 2.317953709778694 2.0017911860323516 2.0329415029156177 1.8658406218315675 1.89922205860105 2.1176006997724595 2.147071476564488 1.801159203756517 1.8357172110858497 1.6487473277845852 1.6864314254296882 
2.292523855821878 2.319626216723809 2.0048440575547044 2.035779912198863 1.8689807491551138 1.9021275447541395 2.11789209864724 2.1471998270567205 1.8025540233547537 1.8368998783037713 1.6501182844609685 1.6875694085021837 
2.29398510129578 2.3212422335781784 2.00675117584792 2.0378538082372373 1.8708979123851228 1.9042208014164246 2.1185853357764493 2.148069292864411 1.803631465063473 1.8381741821021778 1.651149653595037 1.6888140929501418 
2.2976548350559622 2.3249164234647317 2.0088223229185904 2.0399474895437972 1.8723696293883962 1.9057247083710807 2.1217019861083317 2.151194540922796 1.8049290018878972 1.8395073625555405 1.651717168844606 1.6894342961169102 
2.296918092087354 2.324480091555574 2.0101622442375664 2.0415991826110753 1.8746193892516447 1.908290551472236 2.1206739316920484 2.150495965780501 1.8061498971453644 1.8410737153189198 1.6539719034367575 1.6920396069945323 
2.2973957617312784 2.3254599589115355 2.010814304211316 2.0428193509218673 1.8754325170532902 1.909707794533195 2.1218042765582408 2.1521594091750824 1.8075951615394525 1.8431323887612738 1.6556790836453903 1.6944054893976352 
2.2969057723006485 2.3254936100768027 2.0103423976099295 2.0429441889851128 1.8750208170652505 1.9099338910307968 2.122715597725715 2.153616937272745 1.8087625431847154 1.844929901461852 1.6570601818968556 1.696464809569606 
2.295058190717353 2.3239202985943406 2.0081139465624975 2.0410377453194757 1.8728871898699104 1.908145665670944 2.123025618964314 2.1541938710846824 1.808996214031088 1.845475753787844 1.6576043273286933 1.697340732268807 
2.294750856602093 2.3239362164646518 2.0076362968117607 2.040931538439259 1.8726215385592575 1.9082739507198752 2.124811730830767 2.156298433843525 1.8109519314095668 1.847794615804484 1.6600165132540219 1.7001331914282598 
2.2939966173609414 2.323497163842349 2.0061127821893368 2.0397811364907366 1.8710446358287234 1.9070990061303688 2.1269473176511546 2.158731915264941 1.8127252705425168 1.849916618765138 1.6620145729997198 1.7025014040474213 
2.2918049552628625 2.3216143873622532 2.0040899634915124 2.038111869453542 1.8693942148641123 1.905822169355633 2.1275413431864045 2.159619313121507 1.8139566686576087 1.8514756834502066 1.6639401865954828 1.7047640174544423 
2.291418697494851 2.3214442505537365 2.0026196350852548 2.0369067637054474 1.8678682711660903 1.9045827993628943 2.13076371041676 2.1630205155820876 1.8166011519397975 1.8543310131767197 1.6668791860326888 1.7079197820825776 
2.29056504207439 2.3204916300157716 2.0016408834686734 2.035819102811753 1.8664316544607924 1.9030397562250903 2.13350179305602 2.165599938578973 1.819809856928259 1.8573371014366915 1.6699427564360554 1.7107606503462869 
2.290300183393793 2.320102335694191 2.000616300956693 2.03466594351349 1.8649442236307336 1.9014249591539605 2.1368656393076377 2.168777231182041 1.8229606178010649 1.8602648553616337 1.6729425536023765 1.713515890119972 
2.2870266539704103 2.3167068367946535 1.9976340896097786 2.0315466048434847 1.8617946922179924 1.8981356979023098 2.1371600519781127 2.1688920534344467 1.82414476612222 1.861221045295558 1.6742884004170515 1.714608205815862 
2.285496378446669 2.3148589123773484 1.9959373912757985 2.0294935718579743 1.8600335813884759 1.8959965749475496 2.1384856473431944 2.169838462239261 1.8257582638161165 1.8623832382763865 1.6761121954967213 1.7159342004321843 
2.283232968277501 2.312239895306992 1.9938850170030593 2.0270367552289943 1.8572528246389315 1.8927991442964278 2.1370340591177506 2.167997951071285 1.824647703922401 1.8608169682828266 1.6742609823528976 1.7136074180071963 
2.2791801558159106 2.307833297884628 1.9892098463121077 2.0219763007575136 1.8525839907181103 1.8877234412977553 2.1344968860752735 2.1650656583173267 1.821639532581855 1.8573645131812548 1.6713713580964105 1.7102381602645402 
2.27726808855036 2.3054800482003333 1.9875644291267165 2.0198268899709726 1.8502434576913953 1.884857861550788 2.1340841565247164 2.1641634625530974 1.8217512453487748 1.8568968483601374 1.6708578912432412 1.7091092411691566 
2.2747737134750983 2.3023821103581588 1.9847653663638154 2.016348554714013 1.8473001249167094 1.8811926233369325 2.1323716815595937 2.161799464080165 1.8198096329883766 1.8542046906685599 1.6688113411399417 1.7062529785753606 
2.271091685006409 2.298068943157548 1.9814524160083304 2.0123163525413315 1.8435555408246451 1.8766886949905277 2.1308835104963504 2.1596129192763343 1.819054911349641 1.8526262969917193 1.6677841963831084 1.7043378630732964 
2.2689427214174094 2.295476511984612 1.9783723733091907 2.0087480159226145 1.8395816214218494 1.8722104277759593 2.130340519981029 2.1585787164412236 1.8177477562833189 1.850761532308536 1.6656260684418458 1.7015938245871252 
2.2675731719686576 2.2935075518149053 1.9769965917603398 2.006689892293276 1.8379245461748424 1.8698276491249133 2.130430596999583 2.158013746163819 1.8180654449804605 1.8503109906802153 1.6657770186408503 1.7009120717520936 
2.263687116763315 2.289236522646843 1.9734854138301126 2.0027404156855204 1.8343912108926523 1.8658283974203551 2.1286920429691585 2.155841902324985 1.8170567216793785 1.8487886909596267 1.664944913743458 1.699519361413753 
2.265754509677701 2.2908813664537147 1.9759968964866415 2.004758756550234 1.8372438846611627 1.8681432034950747 2.1292583294482705 2.1559765700407874 1.8178727321583432 1.8490957810142878 1.6660019889318378 1.7000166364376672 
2.2642679717772123 2.2889357476993735 1.9746784973802927 2.002916018483074 1.8358548112571675 1.8661940673724398 2.128498670898361 2.1547213279438457 1.8174026279325366 1.848044837414961 1.6655209491375633 1.6989047769360381 
2.263345758056864 2.2875687710567307 1.9741558993438184 2.00188120944126 1.8354817703573088 1.8652694687669127 2.1275532925203073 2.153304408186172 1.8168765799894058 1.846964365848459 1.6651553444991252 1.6979337982129927 
2.2641152855565485 2.2880541720315124 1.975561166021141 2.0029517689027885 1.8375554780987728 1.8669718805999223 2.1274934163213786 2.152951951240624 1.8173750661024295 1.8471128819730565 1.6663194007424897 1.698703686094432 
2.262308345480609 2.286069458037356 1.9740778622007822 2.00126408126744 1.8369784326527108 1.86616298296028 2.124188696616007 2.1494771773087544 1.8141449707317245 1.843690996824362 1.66391956861839 1.696084563862076 
2.2584858972638306 2.281754490605773 1.9704881080939336 1.9971150170682734 1.8339711612071794 1.8625507314968928 2.120352365749526 2.1451198479804363 1.8105134605795148 1.8394575282402175 1.6608991019744728 1.6924038626166067 
2.256043810378593 2.2790877323410696 1.9688397286593848 1.9952035220767732 1.8326631332428664 1.8609571132370462 2.11715921232853 2.141698005720592 1.8080263640631904 1.8366999075808657 1.6586993747956742 1.6899085280888906 
2.253402705323993 2.2761678035991744 1.9660039064970063 1.9920560931212477 1.8298215892161425 1.8577844778502939 2.1145792218693273 2.138822433803585 1.8052127003656633 1.8335509295739483 1.6558588652302133 1.686708243692871 
2.2473204548790746 2.269873484601706 1.9603024372065372 1.9861173315033254 1.8242867054599423 1.8519984862029153 2.1106625784141553 2.1346599094698644 1.8020080294820804 1.8300571978760363 1.6530182324214968 1.6835515097251672 
2.2424616247342204 2.2647762425294116 1.9552665154412172 1.9808191327644329 1.819062438292221 1.8465008650757897 2.1066221399210727 2.1303600941450345 1.7978570155620384 1.8256141812348083 1.6486997471964504 1.6789246995400477 
2.240602796980806 2.2628777390522474 1.9535236036040649 1.9790323994058843 1.817607230905019 1.8449961555239651 2.104754406062192 2.1284515211529276 1.7960915026351556 1.8238035677940239 1.6472359460132635 1.6774090228379632 
2.237970249507799 2.260049402044566 1.9513409086271933 1.9766243456160304 1.8161607433490023 1.84329929953928 2.101350063145596 2.12484930051098 1.7930121560887424 1.8204958263841202 1.644871148717127 1.6747876157537112 
2.235741574202352 2.258002776485629 1.9487023559837993 1.9742028832459977 1.8136265541221022 1.8409990303682429 2.0970670244455256 2.1207843494841265 1.7879011691412952 1.8156615165324208 1.6396313598540404 1.6698584216084937 
2.2299622658149643 2.2528190020058445 1.9433469616511123 1.9695327268666063 1.8080740028435258 1.8361898999282755 2.083674729644387 2.108118148443917 1.7735743811181446 1.8022285743486062 1.6242229747662755 1.655464291550443 
2.2254882711282575 2.2488474945112307 1.937978294648689 1.964758733068628 1.8032253370362343 1.831976698751772 2.070906713333423 2.095989414088115 1.758299303568491 1.7877733216404814 1.608564013811524 1.6407300799246172 
2.226676935293928 2.250580749613299 1.939756214726469 1.9671496407060545 1.8044075623234235 1.83382392484392 2.0630536673024187 2.088830766369061 1.7495011953611121 1.7798252635947047 1.5981198049489156 1.631260386121713 
2.2290494942356576 2.253419310601611 1.9423726679893947 1.9702914817336645 1.8074952378781637 1.8374645511117322 2.058339952425799 2.084706286600642 1.7438214625793087 1.7748662583395514 1.592212531966835 1.626154263467104 
2.2332744372639493 2.2581477421587386 1.9471699473175446 1.9756485813566667 1.8125960430654728 1.8431551558717485 2.0547438141375705 2.081751343224404 1.7395195409470428 1.7713398168100356 1.5874387688779086 1.6222448514994925 
2.238705504264911 2.2638538898935177 1.952343600810577 1.9811303933830327 1.8181864636021272 1.8490630374289594 2.0496243074344163 2.077063287814315 1.7322825988925739 1.7646628863287201 1.5795440744803577 1.6149896542040167 
2.2454596434575618 2.2710369822608705 1.958563325602867 1.9878355728773347 1.8243940337538274 1.8557838114383263 2.045914111686158 2.0739538367081756 1.726165068119663 1.7593083319295002 1.5722878656265717 1.6086047049528858 
2.2493290388394582 2.2750237977670564 1.9646046487185254 1.9939718105345523 1.8322134282245726 1.8636679430645473 2.0415748294310547 2.0698502215393364 1.7228517304070134 1.756265993637194 1.570207854319434 1.606799570950416 
2.2582463930962557 2.28406415797198 1.9741583353754202 2.0036400472470723 1.8429126876583843 1.8744597835462486 2.0444855665746946 2.072967326740161 1.7255566038621422 1.7592094528316546 1.5737126911645116 1.610541505249787 
2.2682164604933632 2.2936724470449223 1.9847066715394093 2.013749724949215 1.8548351820183486 1.8858793532813918 2.0476715077504597 2.0758338050848484 1.728355653230272 1.7616301106455465 1.5775190155598888 1.6139063253897485 
2.276154097605213 2.3007302519080763 1.9928349896679858 2.020859597311253 1.8640609206903622 1.893991903901651 2.0475631965936976 2.074848731846493 1.727144714274111 1.7594064567475591 1.5768198007524514 1.6120927082661842 
2.28234290369393 2.305592867737502 1.998525489265033 2.0250366596587925 1.8702085050715709 1.8985123634472438 2.043873701979171 2.0698041094176136 1.7211724814329445 1.7518858560311628 1.57035360095809 1.6039575348998614 
2.284922400155132 2.3067566675509337 2.00091940115805 2.0258169706295504 1.873331098639717 1.8999014063078874 2.033851841292942 2.0583511024338605 1.708613879005637 1.7377046170424622 1.557257956387024 1.589121861686727 
2.288303132741158 2.3087188722997434 2.0032620635635765 2.0265513808717013 1.8753678474669975 1.9002252938304445 2.025662110450062 2.0486968027780486 1.6970664847651078 1.7244959430839493 1.5440143528196233 1.5741130600160205 
2.289880786400716 2.308897213625406 2.003311988964066 2.0250212967490393 1.8750952387351316 1.8982714456808227 2.0179178580227592 2.039471698476633 1.6857334875143106 1.7114758888418966 1.5311500971907228 1.5594463592208487 
2.289200025646079 2.3067489170080933 2.0015572469000253 2.021604615477025 1.872953066101233 1.8943618969241358 2.010031087873521 2.02999477411101 1.6751177956842347 1.69902131773501 1.5191252103161246 1.5454433711132898 
2.2912458808541807 2.3074509091270503 2.0012004693511467 2.0197339750648475 1.8716365220125541 1.8914400022287914 2.0065129345536876 2.0249978192658014 1.6676599738949336 1.6898555559666188 1.509738302001791 1.5342202423482916 
2.289964464063032 2.3065212032434235 1.9998130124267843 2.0187508263803857 1.869847299292509 1.8900877590766758 2.001399206822939 2.020322152383498 1.661599718064339 1.684344512684828 1.5026611264924272 1.5277739608369723 
2.2878675557210935 2.3046532503917394 1.9977179181559166 2.0169198131163295 1.8679341017608757 1.8884561050077944 1.9960474284247884 2.0152652402453657 1.6555193337805543 1.6786401986552122 1.4963439419201758 1.5218849642930343 
2.2862254427219204 2.303020977522576 1.9956976416654502 2.0149163568021975 1.865624125848784 1.886168663430988 1.9919944810538606 2.0112485824753334 1.6504618488620206 1.6736496534547005 1.4905598332670311 1.5161950614973785 
2.286601791261557 2.303629424182753 1.9941448884673751 2.0136470913148012 1.862623955767927 1.8834884583560794 1.9917738987647566 2.0112990916222677 1.6477952992409464 1.6713438067496944 1.4859285018467612 1.5120000941668488 
2.282644034578955 2.2996945230353725 1.9902574327455458 2.009789978898017 1.8583722739534432 1.8792760891574423 1.9888444232264348 2.0083907116093944 1.6450419446928672 1.6686204213298153 1.4827629142242837 1.5088793757218932 
2.2757691437402547 2.2919081287870706 1.9836828110361424 2.0021776070069937 1.8519480214088762 1.871744947689255 1.983583846274276 2.002079556461294 1.640267409418431 1.6625867946066006 1.4782392071651498 1.5029666758781615 
2.273184496012684 2.2892936530625425 1.9800102336383112 1.9984839760059223 1.847256067174348 1.8670438277534998 1.9835579563280827 2.0019989618260148 1.6393824869481923 1.6616475605712664 1.4763093818412318 1.50099535907092 
2.2680490557537083 2.284587095898357 1.9747994255886567 1.993771413865012 1.8412199823229405 1.8615538409472043 1.9815999589486497 2.0005074548087265 1.637841460369498 1.6606674347217416 1.4740362618691882 1.4993580562178235 
2.2674778086257006 2.284383059696865 1.9740125035596938 1.9934080653569177 1.839840600652679 1.8606353180110309 1.9820426909655628 2.0013604322135503 1.6382194542887134 1.6615394461853772 1.473787994254944 1.4996670973352755 
2.276158734703116 2.2944393313891065 1.9837876353998403 2.0047360530068015 1.8497281581803553 1.8721772135738886 1.986374972296341 2.0072963882858184 1.6432286290608773 1.668458446358581 1.4786078601729704 1.5065969812877265 
2.283878430312395 2.3036650156405574 1.99270385467741 2.0153512032115417 1.8589652768263878 1.8832216333417076 1.9909587525225652 2.013625728402925 1.648843449890319 1.6761433536801704 1.4844419726773455 1.5147078233396065 
2.2907990135989693 2.3119891510139077 2.000656384566328 2.0248851036061306 1.8675136137404753 1.893446807070642 1.9940383107417996 2.0183464763033157 1.6525902798655236 1.6818407614295743 1.4886355368276043 1.5210422332091933 
2.2936769474385903 2.315979072360372 2.0045194137276923 2.0300007892636915 1.871872896542714 1.8991348728332094 1.9952598798179675 2.0208580139166656 1.6547525883984016 1.6855299621220652 1.4913135785646192 1.5253921836731728 
2.297784745462368 2.3210972493024844 2.0087344468793176 2.0353603568703895 1.875867623175889 1.9043521323325576 1.9979103696811724 2.0246786287012464 1.6573609102665476 1.689533335308765 1.4935563091090873 1.5291789145549841 
2.300046182706515 2.3244046467607165 2.012063385329302 2.039863619432145 1.8798414003800457 1.9095675452528018 1.9983850045931615 2.026372903954948 1.658833701907099 1.6924460906873253 1.4957051429285153 1.532898690025799 
2.304582693071351 2.3294126660606964 2.0166097293239464 2.0449393096138575 1.8844081648103737 1.9146947827797516 1.999987342660948 2.028549075177626 1.6599887897223886 1.6942918171330466 1.4966102075036107 1.5345696767511083 
2.3081772506118328 2.333474171753782 2.0194662036889848 2.048331818295561 1.886510152488451 1.9173784304205572 2.0023745622240607 2.031483048770528 1.661344460081051 1.6963150960367002 1.496910893354043 1.5356307214437979 
