1.645966313140184 1.6443825364410467 1.1883692148454073 1.1861746131798174 0.9162773366139152 0.913429241787392 1.5196788976597293 1.5179633639031904 1.0062008938538516 1.0036080215663334 0.6631613722106332 0.6592206214555867 
1.6509555355162537 1.6481315260414624 1.1949266135841816 1.19102181286984 0.9243221967754317 0.919268660583923 1.5202427679327273 1.5171754744695025 1.0066446766619093 1.0020064131190778 0.6632159653173013 0.6561545271746282 
1.656546678823582 1.6527947366571083 1.2023086086032322 1.1971338825383901 0.9341930215546678 0.9275236621895099 1.5213042329269448 1.5172178853155667 1.0078520031837215 1.0016732015589915 0.6655345757520342 0.6561400871166463 
1.6580736860699559 1.653766407349481 1.2042876106801106 1.198350379011752 0.9365791317542848 0.9289324257865099 1.515016735365524 1.5103015229011756 0.9981863599737326 0.9910151315078948 0.6505749995485609 0.6395176398486675 
1.6530503314243037 1.6483444394974007 1.1972341791905208 1.1907282111472794 0.9273270628111746 0.9189121146344738 1.4984780391523929 1.4932851123686997 0.9727439105036845 0.9647251983969322 0.6105706486738453 0.5977127320226667 
1.651108529566064 1.6455549244573424 1.1948197072386317 1.1871334237590188 0.9237723578922514 0.9138090622256981 1.4885807875979757 1.482418427504802 0.9577617227712798 0.9481556573716206 0.5857207133146393 0.5698775193020074 
1.6467756219058047 1.6401706815155703 1.1887470903868704 1.1795802475894763 0.916591981692645 0.9046716401563885 1.4801733299526953 1.4728214427768394 0.9445436902035026 0.9329805455116683 0.5649637145014272 0.5454116924885734 
1.6428769045897171 1.6354557079402336 1.1837286327677852 1.173407143763106 0.9097850891470413 0.8963145415724828 1.4750023456368773 1.4667320030033744 0.9369102796075459 0.9238353322071471 0.5516305869277827 0.5291192242153842 
1.6337290912682585 1.6255248649762974 1.1727253088665779 1.1612686997659976 0.8960687900246331 0.8810219176934306 1.470580327168907 1.4614605166258203 0.9321053615639223 0.9176495780286777 0.5444952079276825 0.5193605437999792 
1.6315604470870086 1.623159112305001 1.1632696889796275 1.1514566342936061 0.8792435192247707 0.8635538069273737 1.4768520146916413 1.4675652914466053 0.9339693517984193 0.9192142086906401 0.5405289510273802 0.5146139895676758 
1.618140749430497 1.6099229433260123 1.1524541720031605 1.1408869431488338 0.868106118033671 0.8526902313545581 1.4695655152348568 1.46051196573239 0.9324129649288936 0.9180775215892665 0.5430023487679313 0.5179999510110885 
1.609085297886439 1.6001148685623447 1.1405694840185274 1.1278789139771566 0.8517393966902611 0.8346688544532436 1.4674790879853417 1.4576374619205867 0.9301817702332646 0.9145765262646368 0.538330175333215 0.5108928208482577 
1.6060235512070051 1.5967334864251956 1.1364760758729415 1.1233094189365458 0.8465589731563655 0.8287992969782009 1.466864618917356 1.456687334286792 0.9294934288264549 0.9133478055327883 0.537626504398323 0.5092037292396434 
1.60191294580974 1.5923409000062891 1.1323363561914102 1.1187538064439557 0.8423966293574778 0.824048868109677 1.464526616607851 1.454050434693666 0.9278462956507613 0.9112207220168119 0.5369778449366789 0.5077102144263399 
1.611113902380201 1.6017011264286356 1.1447692420932525 1.1314835878627494 0.8599748536107088 0.8422085494714241 1.4663989949678633 1.4560509964979798 0.9301261331898807 0.9137248577130643 0.5423972297521069 0.5137638044887552 
1.611717926680252 1.602092380258545 1.1461521630143572 1.1325767525790427 0.862523278748168 0.8444002167707502 1.4661153548007368 1.4555272423704375 0.930335605672754 0.9135587878634248 0.543880469204852 0.5146564723021464 
1.6107420942078219 1.6010316149448767 1.1456718516455746 1.1319788556563235 0.8630697592043183 0.8448085861619777 1.4651329595135725 1.4544506616083612 0.9298862761934922 0.912962553806562 0.5449898203205267 0.5155832059454611 
1.6065545317349672 1.5970078817207385 1.1400987737201367 1.1266063752163662 0.856086727054076 0.8380341252467943 1.4648204759075973 1.4543437480452 0.9297885657708208 0.9131941129235119 0.5454961479590484 0.5167037432399343 
1.6027990689521128 1.5933294420156052 1.1350980642366368 1.1216868862538065 0.8489690073458277 0.8309526044208297 1.4651003660615745 1.4547346624019653 0.9305921999639585 0.9141858115250749 0.5461708548007299 0.5177223754038065 
1.5965904587407378 1.5866672059325988 1.1276740203365334 1.1135800041227213 0.8391374019443776 0.8200995724800495 1.4645826143109713 1.453758564405369 0.9314235542125613 0.9143093386715243 0.547770682441074 0.5181355517448691 
1.5870365997772733 1.5763410684025871 1.1139147990006282 1.0986228535455695 0.8202941361686122 0.7994050692437532 1.4641348728968275 1.452534653952397 0.9304901592346959 0.9121282428105215 0.5457913766565115 0.5138620648896063 
1.5837312704139046 1.572725224152916 1.1092284313372245 1.0934567237375423 0.8130785748541404 0.7914269787458853 1.466052537014564 1.4541560903447883 0.9335379035083898 0.91474199154015 0.5497290908136843 0.5171672525274971 
1.5815273419341855 1.5704234313093428 1.1060596400219158 1.0901233634802119 0.8078399849508626 0.7858794192529857 1.4680723776726439 1.4561035424740267 0.9366833510239253 0.9178108304031992 0.5537266600818584 0.5211662253114738 
1.5718965969458327 1.560760639582473 1.0935829109353756 1.0775149398824546 0.7907182650539254 0.7683425260063963 1.4675908903675745 1.4556572000542884 0.9374901029290335 0.9186961171518522 0.5551571711595643 0.5227947467887276 
1.569168012331774 1.5581743823543146 1.0874204223414465 1.0714953708837243 0.7799680114756309 0.7576075856439467 1.4687839295571183 1.4570330767093964 0.9367609917824555 0.9182267207096785 0.5508067535218226 0.5186590735977246 
1.5590675273588668 1.548463362015676 1.0708895885500476 1.0553917469380223 0.7540487165063608 0.7318720485883377 1.4687530557125288 1.4574919441646637 0.9345311630250167 0.9167309983331481 0.5432618619642743 0.5120358183807946 
1.5471873977572368 1.5365212322186799 1.0568148341969896 1.0411369972577147 0.7357499736859051 0.7130474577886174 1.4615322841384004 1.4502362810448544 0.9269009480946766 0.9089851598672062 0.5325559102843663 0.5007239267888145 
1.5593543946503117 1.5491662313242047 1.0702148906248876 1.0553150222920358 0.7515355587829761 0.7301613385240553 1.4655212837469267 1.4546760867200779 0.9281844736447814 0.9109644895797201 0.5300681098832866 0.49930159750920083 
1.5738627175923605 1.5644817167762655 1.0846954078575286 1.0710384288750847 0.7673997666322359 0.747971650617328 1.4720514956438209 1.462017371349332 0.9308361186735344 0.9148852759374863 0.5280096152791256 0.4993529234191086 
1.5762499430914374 1.5669037307172895 1.0930923506711407 1.0795713525912773 0.7815432752546463 0.7625177436202778 1.4676581538273004 1.457615818635267 0.9296813757926744 0.9137455218690594 0.5294019876197669 0.5008890922507295 
1.5794453024913524 1.5705624242805505 1.1029647136522545 1.0902064137409944 0.7989968557898085 0.7812904969100802 1.4637955987643902 1.4542064571311737 0.9298286137573957 0.9146584695732063 0.5352065647598132 0.5083944649206953 
1.580253146355118 1.5714635413732163 1.1057823495449952 1.0931844582984382 0.8042830363530303 0.7868728346214844 1.4571559142951211 1.4476190845195605 0.9213348775365285 0.9061763690724064 0.5224696685600514 0.49524964398296134 
1.5902452814609576 1.5816492288269357 1.1123888057728917 1.1000650358269006 0.8081064132952045 0.7910563842412498 1.462379811679866 1.4530275088410545 0.9203713998212028 0.9054378727714233 0.5125530544332363 0.48522660834793474 
1.5806970046141167 1.5718219825781927 1.1074133882141937 1.09470806013112 0.8078909607094511 0.7903854306071436 1.4474337927504803 1.4377363836656707 0.9070975561625333 0.8915420914999135 0.49914864358830036 0.4702878830206451 
1.5800402008288428 1.5708226456972314 1.1056029519837807 1.0923894156550813 0.8050899692799867 0.7868459866042719 1.4439647429335836 1.433872702451389 0.9004804440048934 0.8842068638250044 0.4864946055561666 0.45566846416583406 
1.5761241189742514 1.566809426118046 1.100416786318875 1.0870334139171438 0.7994176935822475 0.7808925586611516 1.4383289280315406 1.428115767216496 0.8919304739789757 0.8753653578777036 0.47296037425175497 0.4409263600334642 
1.569864394644203 1.5605840823844161 1.0932266218728897 1.0798578181370038 0.7919699211280755 0.7734111562368429 1.4309646870456343 1.4207773914979116 0.8822302220914959 0.8656088177644738 0.45869605837810545 0.4258527146697674 
1.5651921849412487 1.5560356104283604 1.0866796765381967 1.0734490973125648 0.7849624086548095 0.7665417327981302 1.425457846658806 1.415397582914836 0.8734850978701124 0.8569693467803617 0.4452746116736951 0.41193412691977815 
1.5620118814688957 1.5529180010708872 1.0813810863197117 1.068203283111412 0.7793683787850262 0.7609784951297902 1.421970080645159 1.4119745431310013 0.8668926382488201 0.8503975813994298 0.43535372084088136 0.40150474773033507 
1.5629652799939737 1.5519514670332448 1.0815165132658124 1.0655378257136816 0.7805853383625906 0.7582917380709354 1.4233479368259332 1.4112449251730332 0.8676040867046676 0.8476023482899515 0.4386027282936577 0.39757419788844456 
1.5625303551542415 1.5512038162338437 1.0781591093982559 1.061677556463562 0.7758309993667692 0.7527588646428814 1.421919478725304 1.409463434324722 0.8618474101477825 0.8411379952768987 0.4269281353792931 0.383405531387381 
1.5611837135704305 1.5502281507434834 1.074612442659008 1.0586333802396182 0.7714739764357317 0.7490559579614595 1.4205981701795762 1.408549570642638 0.8576692110117746 0.8375614648236629 0.41949573289553244 0.37668209641229283 
1.5591856039689471 1.5486665577599363 1.0714552819525462 1.0560893810298493 0.7685991249175412 0.7470294333719456 1.4181050122695464 1.406531259988206 0.8532165606831656 0.8338386288269513 0.41316666494770626 0.371503771883961 
1.5580396274065045 1.5481768619150074 1.0688487109825227 1.054420069122833 0.7655413596723564 0.7452635027753607 1.417195134753503 1.4063449666312315 0.8505246241990881 0.8323198012597081 0.4086662975693005 0.3692861464623335 
1.5589500715696318 1.5500680402766067 1.0696558218637247 1.056668907977783 0.766887937606897 0.7486672910492083 1.4169592533474489 1.4071812710120044 0.8494773553467804 0.8330650521339615 0.4068971723260804 0.3714174372413874 
1.5596296164555257 1.5510709553225508 1.07033076743837 1.0578206462558812 0.7683342000231476 0.7508089043459794 1.4172216673213864 1.4077975075433293 0.8495179018273895 0.8337009256593219 0.40793401025804416 0.37388062887131507 
1.558999392626296 1.5503059359523719 1.0707342971107072 1.0580365418307442 0.7697922082024213 0.7520302072717292 1.4165770329244929 1.4070038660391662 0.8501078278719473 0.8340579763116951 0.4108423393580073 0.37651137652023214 
1.561016651447306 1.5513124643397154 1.0723649739224794 1.0581890252765618 0.77118504167013 0.7513479516281122 1.419412579589092 1.4087332774573618 0.8531856317916754 0.8352982091539286 0.4155543929448468 0.37746897808397467 
1.562856394654941 1.5519142031291036 1.0748646180397976 1.058891651999316 0.7744119471662612 0.7520847342379979 1.4216646882137294 1.4096269255635836 0.8567055051263768 0.8365774955578474 0.4222845478037766 0.37979181517489297 
1.563867723234932 1.5519844219372854 1.0764354584349263 1.0590971090207026 0.7757961179175944 0.7515537284426244 1.4236818752010612 1.410618116974261 0.8601750532165009 0.8383761162724103 0.4278404405570026 0.38212672339946346 
1.5644481419701963 1.5515146356750875 1.0776015876538043 1.0587373883612499 0.7769287576824531 0.7505451154421031 1.425135258182184 1.4109252921094015 0.8629818636066461 0.8393076746426187 0.43258618761352063 0.3831846624200923 
1.5658909236630278 1.5519664603689896 1.0800254778523746 1.059736071911422 0.7807442608244073 0.7524274783062153 1.4293473058743458 1.4140789334794046 0.8703300344181223 0.845020637683039 0.44786263162966616 0.39644223552776264 
1.5659578233557376 1.5512642082279342 1.0807802545055307 1.0593784487750542 0.7817710742468285 0.751906079061102 1.429827717709039 1.4137199303713024 0.8719342614721824 0.8452609629747727 0.45094280161572614 0.39692083534256567 
1.5634661812847122 1.5478841783612238 1.0792768030588817 1.0565781311483784 0.780754004293926 0.749063244873889 1.4285792431716908 1.4115089739782034 0.872496745908545 0.8442567744596428 0.4538600766987554 0.3968726481139763 
1.562630912074918 1.5458523014674106 1.0801169744856758 1.0556972336574961 0.7828989141467051 0.7488489035527061 1.428037343829667 1.4096576272102705 0.8741441337514597 0.8437842953931354 0.4587003354828618 0.39780644584029806 
1.5638967759258793 1.546012444992394 1.0826868087084833 1.0566892069437257 0.7865420050775164 0.750353036957511 1.4291937126055936 1.4096013700586985 0.8769448489793188 0.8446381606767245 0.4641873201104916 0.399813984837149 
1.565596367579591 1.5464143857189152 1.0854614344961364 1.0576067284006896 0.7898871978823367 0.7511506184237685 1.4311266001225782 1.410116595093615 0.8804872998393617 0.8459097773157668 0.47005653359825783 0.401570181859174 
1.5676040022022655 1.5477255833385195 1.0884562916904656 1.0596269496952972 0.793230590761955 0.753184534971716 1.432975083007573 1.4112015313627462 0.8836132523454818 0.8478470105629671 0.4746051526485571 0.4041314446075189 
1.5718727012470697 1.5507727927861514 1.0945355205409095 1.0640114997713888 0.8005739831681766 0.7583080959911742 1.436659524496239 1.4135427320197151 0.8895025610563243 0.8516614773757 0.48386517019285447 0.41016822018015975 
1.5759002157152113 1.5536735423798815 1.1004094577434573 1.068335603212422 0.8078316529396764 0.7635652990355506 1.4396612993656703 1.415296662644002 0.8944630465766877 0.8546953422660322 0.49168602429929803 0.4149640139713923 
1.5793470875787912 1.5564314616852264 1.1058892788356391 1.0729085557136777 0.8151459814313078 0.7698081857993002 1.4420906065998802 1.4169569469548502 0.8990434870703476 0.8581496743130596 0.49975100364442504 0.4217733248127602 
1.580333441929168 1.555099158645419 1.1093416083784517 1.0730882580755836 0.8208404841865989 0.7711411712648276 1.4404482824036724 1.4127175442457314 0.8989306261773988 0.8537891286609887 0.5012150906344403 0.4148447572522644 
1.586077274425458 1.558027472802996 1.1171574967071072 1.0769630253675797 0.8309006585921629 0.7760182923159028 1.445952418874456 1.4151278681479247 0.9072916563315736 0.857313615434218 0.5152991186183906 0.4211195402838606 
1.5912241873811153 1.5607115658015387 1.1251377565910274 1.0815549678248861 0.8416659718122683 0.7824498611583302 1.4501094061162043 1.416560435289187 0.914744689247601 0.8605719165919198 0.5284169597076631 0.42784420111378174 
1.5962037363386572 1.5637143118234513 1.1324543780221303 1.0861809238803128 0.8509628597662122 0.7883361401087039 1.4543237854417046 1.4185886486228096 0.9217614785298255 0.8642802233080946 0.5397491025481099 0.4343560461205646 
1.6002491931536789 1.5659820612602815 1.1382334961636826 1.0895310127706324 0.8587501519004233 0.793066302013268 1.457994352317251 1.4202992175555824 0.9276451600633725 0.8671954099215471 0.5499107878456286 0.44034555815745435 
1.6044282300084631 1.5675400075685757 1.1444214980714449 1.092104525825294 0.8665351609993043 0.7961626186452677 1.4633659111268411 1.4228251895184068 0.9364563042919248 0.8717466030493551 0.5640328269241872 0.4484693522729174 
1.6084957215590472 1.5685710618884183 1.1506035476539085 1.0940956145574114 0.874508822982227 0.798700426564153 1.4693710322017923 1.4255553023975465 0.9464043891877086 0.876834053737513 0.5801365576084306 0.4579466294163108 
1.616096167370358 1.571355649249768 1.1605503376369162 1.0973918354121104 0.8875017465837237 0.8031507358081421 1.4798100665251472 1.4308143091362906 0.9617422196145702 0.8844997745783546 0.6047564476623297 0.47235803711714286 
1.6221182036135378 1.5730617094616506 1.1694964120057874 1.1004442434646156 0.8991236671862276 0.8072664022331228 1.490710592735696 1.4371756143820456 0.9791182065993922 0.895504404106652 0.631960420987272 0.49257451108884026 
1.6176864866677845 1.5704744199214327 1.163705353063034 1.0971282893206065 0.8920526040248749 0.8032671926747416 1.4909153695456896 1.4395516571584226 0.9798618365604205 0.8997830589800856 0.6337798658426758 0.5011559166841794 
1.6064553004266882 1.5627476988525693 1.1477207884625076 1.085700118020165 0.8714926185969679 0.788023554387177 1.4867873682100612 1.4394507342278167 0.9731911704639538 0.8992123176808691 0.6239690940014578 0.5008184983294847 
1.6115557438143306 1.5621715795075009 1.1536623513927113 1.0836073778915314 0.8801800989689326 0.7861203056917943 1.498446415265144 1.445202334561137 0.9895284558924822 0.9068818519636171 0.6503435635269714 0.515960152551493 
1.6145035460442445 1.5590463724307368 1.157776657300293 1.0790971593834544 0.8871808587821539 0.7817248668102097 1.5095707704474939 1.4501061348016704 1.006294687946548 0.914676385498959 0.6776961612621397 0.5322367689190969 
1.6162431865480393 1.5552075610358123 1.1601712815196557 1.0735110257016274 0.8918740084019492 0.7758013706503488 1.5189594422705828 1.453845351852445 1.020290719188879 0.9205550887931476 0.7003106425458349 0.5448518293104648 
1.6137661701411266 1.5468629325612402 1.1576699017820062 1.0624233062823687 0.8906631411998366 0.7627742204164742 1.5221983270559587 1.4510794006986523 1.026180343064493 0.917382023331589 0.7114262618795851 0.5428360768518984 
1.6080968325986593 1.5362397902586173 1.1492107713617379 1.0462995112174336 0.8813830557787233 0.7422219083089909 1.5187631455937558 1.4424627421787504 1.0204662985193778 0.9029998541383271 0.7053383304583978 0.5211136445861305 
1.6065281726991407 1.5292835764488024 1.1463188980715793 1.0352886088410516 0.8791659584379048 0.7284972683518036 1.5188330443719085 1.4368817989647027 1.0197882442331054 0.8931649067199404 0.7062958512380204 0.5065859423592802 
1.6070850391469644 1.525820960352164 1.1476955245403722 1.0308308770356076 0.8825563500706344 0.7240946008982528 1.519085482667121 1.432839133905129 1.0208346573515223 0.887417983618768 0.7097915832482096 0.4992107487324367 
1.6157238583724634 1.5312841831985335 1.1580673780544897 1.0370090237379808 0.8954282761416461 0.7321608162924319 1.5257044438927219 1.4359810978261518 1.0287519213658851 0.8902798318023386 0.7204181156203667 0.5032593014679412 
1.6201369461697863 1.5331485586284066 1.164617960854271 1.040209485259753 0.9052029303666445 0.7383042215945674 1.5274678290374433 1.4348723801176047 1.031818413842455 0.8890163202238529 0.7264341605020788 0.5033958363200475 
1.6266501994129685 1.5371832768249367 1.173544870233026 1.0460158305447629 0.916509865549875 0.7462786938873774 1.531660434577537 1.436288704317572 1.0378826417520672 0.8911464152148344 0.7348354572625424 0.5068774058391733 
1.63150207405277 1.5404419269802059 1.1798788841395924 1.0503696939642202 0.9249041381886502 0.7527349982553553 1.5315556849943426 1.4341635642417117 1.037293584207716 0.887209272155386 0.7343782836103543 0.5004735519470433 
1.6352649149797136 1.5425954725149462 1.1848614935778823 1.0532835366716835 0.9309782466650925 0.7564588193838512 1.5318078338236851 1.432461060351593 1.037420192864786 0.8841663340252273 0.7342100471687989 0.4945440759159995 
1.6408467874888535 1.5472017681260872 1.1912738543309387 1.058578540918193 0.9382753391262557 0.7627684729277228 1.5321976567050644 1.4314624656247505 1.0365253857057675 0.8808178055037773 0.7318552392464578 0.48689549442615515 
1.646872070224339 1.5526247182384414 1.1983739735512449 1.065155425506062 0.9465410003190564 0.7709706643478726 1.5331320574839598 1.4314153155827973 1.0365358027994016 0.8791259127593726 0.7309214426222561 0.48239201411818583 
1.6543046181833292 1.559187833739954 1.2085866496626092 1.074720717620485 0.958703087375174 0.783233388513724 1.5363630357902687 1.4334414215037496 1.041330542019531 0.88244672863731 0.7367490873714674 0.4869724313374321 
1.6604288604186601 1.565129814082912 1.2167488354262805 1.0830905146529584 0.9687122671419052 0.7943618765595502 1.5403848753188958 1.4371474867010727 1.0470144660467735 0.8881703814759925 0.7444226085438365 0.49676186903909003 
1.666499002316221 1.5711360508119465 1.2250361839231363 1.0917706798412203 0.9783796293468913 0.8052802397680948 1.547086471507317 1.4438580663489606 1.0568686188552294 0.8990110360618273 0.7572874782544342 0.5145229734044537 
1.6725821708515523 1.5772071371543088 1.2331838947417737 1.100360737890302 0.9884190600400673 0.8167150503636443 1.5565640791983126 1.4535965629742287 1.0705620638947049 0.9144147679748452 0.7761010582717242 0.5407255199179063 
1.6771205718266176 1.582197901466198 1.239493012987181 1.1076821368082272 0.9957502327612283 0.8259148339895829 1.5676992927357085 1.4657072898106362 1.0868719286300665 0.9337598064834662 0.7977883090419666 0.5719116828707386 
1.6816134362989137 1.587531240782694 1.2455668381668805 1.1152885006405473 1.0025791876660117 0.8352225564848209 1.5779585327064334 1.4772896879965824 1.1016197756671946 0.9518391783600001 0.816880902788797 0.5997717071195006 
1.6826132044831812 1.5892439472092257 1.2470227477881708 1.1178438447928047 1.0037978835906958 0.8379256046578121 1.579630182384839 1.47977722679502 1.1041331671049284 0.9558342840373325 0.8195453058258342 0.6051145644761494 
1.683055749833273 1.5909769440462802 1.2480961678680216 1.1208367515775168 1.0042823066483049 0.8409006664801973 1.5812317628503547 1.482843507348918 1.1069603764574594 0.9611931410943589 0.8223139195263814 0.6121528907771654 
1.6822736233871143 1.5920891854114236 1.2459828521869833 1.1212389122323618 1.0010594347709882 0.8407279121713577 1.58265252166861 1.4864361522460392 1.1077985955687117 0.9653606366037566 0.8227177233681126 0.6177118120159353 
1.6868748748603881 1.5992367314238534 1.2504028700523884 1.1293886032430334 1.0043335259938553 0.8489388147182634 1.5853438852927937 1.4917528328564522 1.1096286444731183 0.9712296372821673 0.8224683718145337 0.6232700075691514 
1.6879161355850147 1.6031812551824107 1.252800488812265 1.1360626395442506 1.007833700948847 0.858404348176458 1.5814099764982672 1.4906330098210794 1.1051270052660236 0.9707908909586297 0.8170222774002248 0.6234217336348244 
1.6934658644014766 1.6115536986067327 1.2582097273082258 1.1455873635358589 1.0127066712000272 0.8688230495866462 1.5835853945061 1.4956675403621755 1.1058968241626521 0.9758516666445982 0.815776237514332 0.6283068989697947 
1.6993909946716206 1.6211409416737954 1.2674061775023033 1.1603821003320414 1.0242233959303018 0.888370285844253 1.5825046323379277 1.4981619109331943 1.1057619894764876 0.9812633578051307 0.8157356945549213 0.6368617772884473 
1.7095161337308284 1.6347902398430203 1.2800711471969048 1.1784209174509759 1.0387710779021526 0.9105707381011099 1.5854043281403012 1.5045267031482026 1.1088929678224135 0.9898168168332967 0.8186005280269492 0.6482287723373593 
1.713455034250097 1.642835853820156 1.2897933077811343 1.194381959423785 1.0527717127644531 0.9334397502768993 1.5816172287873576 1.5048237593143592 1.1086711328419263 0.9960588180408827 0.8209221541638404 0.6609800839639574 
1.7251974875996081 1.6595914541898558 1.305905073433747 1.2179185048351961 1.0717841529057983 0.9626311308180304 1.587692559414448 1.516148108470937 1.1179666152528884 1.0137981931429942 0.8325758598590282 0.6863818077571695 
1.7287986366541506 1.6663903582586073 1.312210038864682 1.2288235374118002 1.0793520862523265 0.9762750770644767 1.5837028833393119 1.5153306314785728 1.1141208564142626 1.0145823686114648 0.8272672015118513 0.6873740777024182 
1.7328815198245986 1.674354135351781 1.318054890416029 1.2401016502567885 1.085705920841187 0.9896164688249736 1.5787448858981652 1.514271713917159 1.1076216624595288 1.0136119355895579 0.8175049844188169 0.6847611323444184 
1.7370774569829668 1.6818724034951078 1.3239346661970939 1.250623720564427 1.0919775772232736 1.0018341775156259 1.57467374752944 1.5135567717262575 1.1022532921059525 1.0130246838248365 0.8090576918603581 0.6825181600795762 
1.740826049330708 1.6886594696114312 1.3270868485628062 1.257877169642712 1.0936593588628776 1.0085565246967372 1.5725637613872323 1.5146129056324458 1.097105716523417 1.0122926570455602 0.7991071535334672 0.6779879889115737 
1.7462463255597704 1.6943318534251195 1.3322075549744492 1.2633927218133718 1.0981118838856994 1.0135254853880094 1.573760216783675 1.5159503355753448 1.0964132249891005 1.0116848125434126 0.7957353202736447 0.6742246657687628 
1.7472129149463294 1.6942546854163483 1.3335525422551786 1.2633718185297824 1.0991901181120807 1.0128992470405187 1.5743930689491903 1.5154073724432153 1.0974164881006891 1.010974241637862 0.7963538667924267 0.6722540070949745 
1.7481382588486647 1.6950159448720359 1.3357169290124462 1.2653977223665451 1.1023228823037468 1.0159760913379998 1.5723783130183526 1.5130978952369343 1.0956851288807568 1.008770332122451 0.7946709533199513 0.6697713082615888 
1.7458603739835241 1.691798265930631 1.3377824318796723 1.266418083496082 1.1077108398160098 1.020380434840795 1.5663847604103822 1.5058931385745438 1.0932495631125996 1.00466289590384 0.7953339404589055 0.6683629283599517 
1.7471571538113106 1.693432194011334 1.3392217029730515 1.2683332548325146 1.1097818431178446 1.023117889059731 1.56589870435927 1.5057201691928153 1.0922432887933164 1.0040666698551646 0.7944157422370481 0.6680200948429921 
1.7499283685814142 1.6961012784636447 1.3416852113539934 1.2706807065529917 1.112641109058087 1.0259047174109348 1.56619957545838 1.505819166369591 1.0912612067539147 1.0026770531960978 0.7929073417279033 0.6657419201207101 
1.7500237994352992 1.697076863029474 1.3416500074870346 1.2718141857323184 1.1130444135747504 1.027791052223145 1.5643776699345844 1.5049133113338988 1.0884479492332007 1.0011021519455245 0.789659459634316 0.6641149317926529 
1.7493208129684534 1.696626039251022 1.334204920799129 1.2643256625824733 1.1013174994907735 1.0155377122808438 1.5555418430516776 1.496037110457027 1.0675625927713137 0.9788291474331002 0.7566289404223249 0.62522313126164 
1.7486834910573614 1.6971976874532209 1.332523036910267 1.2642008077424094 1.1002109869913863 1.0163907980184395 1.5524965792865892 1.4942662637885393 1.0620590005722659 0.9749642860620897 0.7502105655724666 0.6208074831190102 
1.757213705650693 1.7074569782945164 1.3450705195366675 1.279384237798262 1.1170283244961339 1.0369964335168371 1.5705613228800206 1.514685510040497 1.0899897082663856 1.007812923873593 0.7915902597472003 0.6739617680007081 
1.7599078414627283 1.7119772344987534 1.3473890519230145 1.2841525214093534 1.1215905598934042 1.0447754902571174 1.5728373852506177 1.519015431601009 1.0917871071055931 1.0127139419609072 0.7965596111039023 0.684176625617976 
1.7632674562012 1.716891891529065 1.350947130163964 1.2898309166701851 1.1267963857318013 1.0527467596712183 1.5758469038895404 1.5237779069136848 1.0950979366697071 1.018746845883829 0.8024035376905128 0.6945913060197703 
1.7629946507094822 1.7189136142721801 1.35269991898804 1.2947242740175415 1.132059752499951 1.0621078844120544 1.5743437923878791 1.5248187602237355 1.0955388213250363 1.0230929497998948 0.8074450578400055 0.7060321496435201 
1.7672771144402792 1.7262830404844853 1.3571066829193494 1.303274063834756 1.138479608260227 1.0737413818347321 1.578676207214247 1.532645850764083 1.10031300856818 1.0331860691397072 0.8155280414702858 0.7224062036447085 
1.767670097690743 1.7285099011200373 1.3579811668318527 1.3065993086903116 1.1405927426868894 1.078907182601914 1.5799592885482843 1.5360209170027603 1.1025999404453097 1.0386604510955446 0.8201009595592486 0.7318842038669781 
1.7713254400394893 1.732369794971931 1.3609732394617795 1.309870012837568 1.143968750679445 1.0826706768593533 1.5830775204427263 1.539365365249943 1.1048931078303865 1.0412973022778318 0.8229247375860625 0.7353342204270722 
1.7762668171408933 1.7367914122990822 1.3670250420807368 1.3153243211603136 1.1507185258245562 1.0887946224315401 1.5876735349799844 1.5433819546164975 1.1110089620141863 1.0467385145468948 0.8305038071410872 0.7423322556886776 
1.7830124467588022 1.7436569214661497 1.375296122766588 1.3238751828540372 1.1599601136663322 1.0985051387120637 1.5929093386934519 1.548730523937851 1.1178846994644887 1.0539792577545397 0.8388886942239776 0.7516251165154143 
1.786841290215292 1.746759462037704 1.3809798832779028 1.3287107509982186 1.1662978863130335 1.1039101328542327 1.5976960475692021 1.5527393478038258 1.1255826500165371 1.0608030560939434 0.8485762332390945 0.760557982942951 
1.7925672455246107 1.7517771485915923 1.3867886270544945 1.3336448345521719 1.1719083507372452 1.1085102756076237 1.60452806324093 1.5588252481685334 1.1333118159305013 1.0676242413544619 0.8570776852349442 0.7681197869653471 
1.7985043381531112 1.7566290764630876 1.3936764902787018 1.3392020077178648 1.1785126833240107 1.1135618539962475 1.6115193124364227 1.5646476767232809 1.142239379270195 1.075099370977195 0.8667576274573879 0.7761421536519969 
1.8023738029653031 1.7593446949633291 1.397179497708011 1.3412132488518036 1.1815121209770172 1.114770524411015 1.617599858931624 1.5695132155211724 1.1489945721436678 1.0802457854097882 0.8740988902953774 0.7815313813888795 
1.8086718858028095 1.7636575998173485 1.4032984702099158 1.3447827837214048 1.1857659476024307 1.1159009908560393 1.6270732872533709 1.5768835153534615 1.1598793420410116 1.088353907051144 0.88437230513709 0.788231256036888 
1.815310811340405 1.7681466458892374 1.4117163688819934 1.350530386836727 1.1943450048329252 1.1213604283054401 1.634900274502809 1.58236788616597 1.170678722779807 1.0961194695695173 0.8966635692216787 0.7968655946703685 
1.8223554229238597 1.7728122606356262 1.4189636500841027 1.3547478969387625 1.2007762127307484 1.1241652623435754 1.6435615994114732 1.5884516848365267 1.1805817565336167 1.1025685048376814 0.9067408431630286 0.8025353454272279 
1.8305285949200465 1.7790333226052737 1.4270246889314704 1.3603396961567944 1.2074316166226393 1.1278367501282978 1.6538080639602528 1.5966232299888286 1.1919084018581123 1.1112021708671918 0.9176803824970652 0.81009993861249 
1.8327313920012283 1.7789881134472931 1.4307032240219353 1.3611781910487546 1.2109852002509196 1.1279980087689694 1.6579357567248374 1.5983257884382518 1.1986485445812547 1.1147433274017657 0.9253819608284786 0.8137727729451015 
1.8377230387633525 1.7820400430073424 1.43821003779059 1.3663414143184016 1.2187870110899648 1.1330854010539586 1.662998856584577 1.6012513683621352 1.2069744581396948 1.1203696221701167 0.9347625410774707 0.8198913073582437 
1.8416010044569808 1.7840104315661836 1.4435440173465304 1.3693130724333862 1.2243476958842043 1.135881261724552 1.6676699444485292 1.603846003809892 1.2138567106610896 1.124565282381134 0.9426855596735106 0.8245332162726738 
1.8476596405674504 1.7890613092071046 1.4507889087602786 1.375384556588389 1.232320432428936 1.14258823243627 1.6727393947001545 1.6077783750572836 1.2202456281346965 1.1295546085523445 0.9501708180016053 0.8304931090032234 
1.851013856060251 1.7909900408787982 1.456598604738807 1.3795189475056295 1.2398010708686455 1.1482594334587632 1.6745006441703867 1.6079009417644607 1.2244915709497717 1.1317122595991613 0.9564553347266352 0.8343859050385738 
1.8488467312721084 1.7881112427071084 1.4544142754165885 1.376382383313431 1.236741853959653 1.1439571643621802 1.6757400504062556 1.608481363614624 1.2268624068474672 1.1332691409791233 0.9588539482817808 0.8357681943550855 
1.842222249101473 1.7801814307267925 1.4463753006341369 1.3664789136699071 1.2271538964141742 1.1318877138234558 1.676003686476999 1.6075607199432593 1.2276836124525283 1.1324619920794208 0.9597459181911064 0.8344910656828448 
1.8448127401996146 1.7821936589166765 1.4503215279388257 1.369785649611942 1.2308196222041679 1.134811497070245 1.6790637642456614 1.6100109676281122 1.232620627931729 1.1367646211431857 0.9647994716016435 0.8388791402119916 
1.8450130832246827 1.7817719425813872 1.4514753668148317 1.3701893002684884 1.232657082756697 1.1358175301386442 1.6787834263150951 1.6090219919473598 1.2332969049139184 1.1365118713723366 0.966273252693176 0.8392389272252868 
1.848325833853244 1.784969317699688 1.4551427182545669 1.3737712355153202 1.235758209719559 1.1388175577893458 1.6819605236417678 1.612078869078461 1.2369814652973947 1.1401448252433941 0.9694231108702175 0.8423706102003382 
1.847956174431962 1.7845074936354879 1.455924691260235 1.3744968820776606 1.2369977326661559 1.1400387549733608 1.6815025218004316 1.611513482115868 1.237830931436604 1.1409427623860937 0.9709130233039468 0.8439176921010781 
1.8503554682171883 1.7864947054109201 1.4593874450471505 1.3775193967640709 1.240989601391265 1.1435922194826487 1.6833501131853854 1.61289044180355 1.2408319626610405 1.1434211530583338 0.9746319487689956 0.847145447524361 
1.8499982510092705 1.786365704041969 1.460511632797685 1.3790225267838665 1.2424476046648245 1.1455500644569665 1.6828603138517944 1.6126461905133933 1.2420223575835339 1.1450888334873237 0.9763203150285052 0.8495941721653697 
1.85069168449922 1.7872961813741337 1.4618922227970708 1.3807595011277525 1.244090041385494 1.147661953693055 1.682505218498463 1.6125110043514619 1.2421324286381707 1.1455395668219235 0.9764856016729383 0.8502305917541195 
1.8510138077646099 1.78791243171897 1.4624180047220563 1.3816820066481434 1.2448464662500514 1.14892187353851 1.6814303836124886 1.6117030997969943 1.2408152315857668 1.1445528322865837 0.9749865347456036 0.8491039335059283 
1.852272152126747 1.7890068663211582 1.4645349768251525 1.3836531865117971 1.2473802913082481 1.1513431431785444 1.68070891648264 1.6107190643139015 1.2404567847145058 1.1438384837660647 0.9745911591761183 0.8482106871198039 
1.8253728085072487 1.7617489077611599 1.4247063564249445 1.3422226067227598 1.1971894227889088 1.097741243644257 1.611938918705557 1.5395195359584237 1.1384855684801807 1.0334034611891139 0.8364351150194735 0.6865835896652642 
1.826665442145028 1.7637356838899898 1.4265083026491259 1.3449843354578113 1.199507081065756 1.1013056626690385 1.6120020697650765 1.5403271074764902 1.1387580835835547 1.034807662334837 0.8370551194078499 0.6889979666348006 
1.8288684520263918 1.766980105772957 1.429584734395765 1.3495078333219894 1.2028766897805485 1.1065130863199992 1.6126195720061849 1.542076769618624 1.13995376310507 1.0377636828283259 0.8382686920179054 0.6929309340745369 
1.856800507243845 1.7966792418517559 1.4696011838934397 1.3928660431286994 1.2531197690967133 1.1621778392746094 1.6758491776114581 1.6089806215430316 1.233081498564065 1.1405429218144314 0.9649204620594384 0.8434569772673649 
1.8572733949773146 1.798584314935099 1.4699977566277305 1.3951109198664313 1.2539152544293257 1.165222957004607 1.673963153623926 1.6085999235144082 1.230277034041748 1.139746750261022 0.9617648575876332 0.8428717076344182 
1.8592593104195256 1.802646410548028 1.4723325622228458 1.4001614449275805 1.2570134622117974 1.1716534224170942 1.6719957971782375 1.6088066521063649 1.2273907023363384 1.1398143858811796 0.9585445250908745 0.8435025220244988 
1.8615598703512062 1.8069397670376286 1.4759277908156618 1.406409973834799 1.262594240641862 1.1805805297826997 1.6699872948325085 1.6088765445807207 1.2254857231734688 1.1408073581906806 0.9579126424168334 0.8468900762802691 
1.8654726004399635 1.8135278186651123 1.4807609557900423 1.414760804614066 1.2686863731404383 1.1909912843813089 1.669399266200941 1.6111452560437374 1.224564777866912 1.143876750909922 0.957324918923685 0.8516842880271069 
1.8659984395411724 1.8170336949022412 1.480917283432836 1.418723818228936 1.2699637413603941 1.1968580435498983 1.665688546628718 1.610645711014713 1.2188864419502297 1.142517146659117 0.9515125129866082 0.851491241534574 
1.8673782139039856 1.8207238790775606 1.482279529968366 1.4230553942286435 1.2722380815567658 1.2027151725338963 1.664309375736146 1.6117877491292827 1.2165430158293786 1.1436393485025076 0.949428270362348 0.8540187882261373 
1.8677775627793611 1.821983488273703 1.4823128905942935 1.424177767394931 1.2734192032563394 1.2052498806231053 1.6639673011276424 1.6123951087565387 1.215502225757736 1.1438865627071637 0.9496265699852812 0.8560498992126627 
1.8668238168795388 1.821911972316086 1.4806433612685703 1.4235999560510986 1.2726265608059144 1.2057820843206661 1.663494582157901 1.6129309645699936 1.2142849026767524 1.1440366674493831 0.9496111966845642 0.8579589130422797 
1.8694598361817272 1.8206763374352428 1.483689911772878 1.4217306358437276 1.2769785861542902 1.204432047106274 1.6689245876002337 1.614091548115103 1.2213783010585255 1.1453153281505535 0.9597413763595951 0.8608633782991411 
1.8697853851111388 1.8168579877786843 1.4837749082577216 1.416496925430906 1.2778302275244586 1.1990519804225377 1.6773699658617982 1.6181611674228282 1.23250176242276 1.1506242461182583 0.9748449653022834 0.8690214426325797 
1.866525836997431 1.8093686707851884 1.478426682584889 1.4055752354174997 1.2718834425288192 1.1864163594703843 1.6853309921730388 1.621800493223183 1.2418402911723232 1.154150594774772 0.986969778857975 0.8740741564758451 
1.8621289633095477 1.8006979697540315 1.4724768787306273 1.3939788594796874 1.265650173150658 1.173396464574651 1.6943552095107717 1.6266002822686005 1.2535962102672016 1.1603845744736052 1.0025894777007638 0.8832749079852151 
1.8565203170199245 1.7911714030286885 1.4652231541672278 1.3814869521742723 1.2576017237216877 1.1589604838076921 1.7029310578258183 1.6314415390162653 1.2649843444516458 1.1669673085514263 1.0172849137325097 0.8924661916441206 
1.8463233066782316 1.775723354000628 1.4500855011975122 1.3590554212184431 1.2397125831349942 1.1318882303227822 1.7036999205209935 1.6269225846189608 1.2634997535350927 1.1578926134764138 1.0151704069678351 0.8802582759299908 
1.8299115186322015 1.754493676518331 1.4300013800073095 1.3321320661791793 1.217182339513193 1.100547474006828 1.6911520408357168 1.6092442698803715 1.2475267556340466 1.1340171519614728 0.9964697219799556 0.850072821435205 
1.8168541140274745 1.7377314645417916 1.4135909064713736 1.310340040622494 1.1976482413707958 1.0738310301246465 1.6813272156420238 1.595497720856586 1.234561292629313 1.1148512710036975 0.9799304283767089 0.8240239169214447 
1.806069775502821 1.723774772185975 1.3989395513691112 1.2909466680017458 1.1800325515784766 1.0497562831556713 1.6759943812509666 1.5869683668002996 1.2264179550156669 1.1016407906503871 0.9693017872596802 0.8056409783674179 
1.8100860984902045 1.7266850305042578 1.4045595952993557 1.2953058200160648 1.186593995243314 1.0550046540975495 1.6747179795259528 1.5842063696272306 1.2251760215362892 1.0982193744272999 0.9676124929678667 0.8008142401128303 
1.8139348734698166 1.7298731116211847 1.4086929191239517 1.298659692725527 1.1911225275302117 1.0587134327616516 1.6744702958219233 1.5830199078691207 1.2238900223426776 1.0954487865299591 0.965538151493746 0.7964704508705643 
1.8103756191444607 1.726102323135187 1.4070051141316757 1.2967778293650343 1.1913230376319808 1.058876729148719 1.6680945867643986 1.5762325012296536 1.2185003320445547 1.0893633033716024 0.9614209525450805 0.7913909245958599 
1.8104405047681325 1.7269892444381612 1.4055664471326463 1.2963078594242536 1.1884363396097792 1.0569663960623774 1.6681953858901213 1.5772358335407837 1.2168804631125814 1.0888503527138567 0.9578945440418222 0.788897323233569 
1.8062278724112417 1.7238200647037498 1.4010943536661764 1.2931209828454722 1.1842775555904286 1.0543290838610306 1.6636651193900893 1.5738100641040647 1.2117705600794402 1.085119522760161 0.9528041934601466 0.785450392752617 
1.8071240682977026 1.7272130772492547 1.4033780359620995 1.2988600878542846 1.1876978173848936 1.0621646395078495 1.6593178221850207 1.5719107007145285 1.2071073475962442 1.0838246004870162 0.947768084618194 0.784749614986105 
1.8112707722735688 1.734787838726249 1.4091329599766267 1.3093673028575632 1.1943771210520109 1.0748598709564376 1.6565325078284732 1.5725415684148036 1.203766521337294 1.0852837752369147 0.9433635811777398 0.7865887624372025 
1.8120674676771724 1.739290943244965 1.4112814331004147 1.316533235909356 1.1976285147799213 1.084370110826539 1.6522657840111439 1.5721089971290032 1.1992118232464022 1.0861185362813583 0.9384603204259412 0.7888296716363806 
1.819449481631507 1.7518919801886075 1.4199879411492056 1.332326854435187 1.2075852805533693 1.1031732882231875 1.650217453007076 1.575419542931076 1.195486084824562 1.0899156265735253 0.9333185071609584 0.7936072894380193 
1.8257874478705374 1.762863988389805 1.428168645504308 1.3467944597308121 1.2172751025144686 1.120690997537506 1.6478639264215993 1.5778609434172615 1.1923176570032041 1.0935314499188444 0.9293623568886412 0.7986889426814485 
1.8314673908706347 1.7712314796554656 1.4356726882623663 1.3579927166676888 1.2257696895512182 1.1337986957667971 1.648362671811786 1.5811665467377212 1.1933074883794579 1.098622279276408 0.9302354679448048 0.8051870444328386 
1.834797965267359 1.7762360809952153 1.4404624131678134 1.3650871788384948 1.2308316026773283 1.1416993808482336 1.6474059990631456 1.5819221118086821 1.1926419899321172 1.100420809612959 0.9286599951269787 0.8068087931035707 
1.8359178104127754 1.7792476325095503 1.4422456624968023 1.3693795975516942 1.2327474094034188 1.146644716811114 1.646876588816187 1.5834552188144886 1.1923425863361756 1.1030905558433723 0.9280487420339733 0.8101866444164828 
1.8264328944237291 1.7715660492437308 1.4302295617952527 1.3594652435546268 1.2187581224480273 1.1348834786148931 1.631493500089118 1.5698280765208146 1.1710979986461596 1.0835403413962217 0.9007137636524937 0.7835013931276958 
1.8187461560936122 1.7663909108193718 1.420660111745695 1.3529872219002255 1.2072193859880191 1.126799855975004 1.6233130725480192 1.5644310790269063 1.159992631142668 1.0760493361483432 0.8858252633026956 0.7726484754565235 
1.816470854024157 1.765310866340331 1.4173929150095432 1.351206411626014 1.2017530975700665 1.1229276908239683 1.6226607883101292 1.5651786240615637 1.1586476366519936 1.0766709976679274 0.8818572321636027 0.7709917439371514 
1.8153278613776107 1.7667467733644824 1.417357970977625 1.3545783605217565 1.2015959019128726 1.1268591874736655 1.6210656699510386 1.5664714562333428 1.1581633217702112 1.0804263958242644 0.8810626388026052 0.7760478660455229 
1.810578042472006 1.7674738183186083 1.4116115782614425 1.3558827745943824 1.1946135977301449 1.1282165122181824 1.6181607018716528 1.569781802557846 1.154512216081649 1.085665375537859 0.8759867904721852 0.783022162931395 
1.8101779966792464 1.7685504142720077 1.4113270939302802 1.3575236109260458 1.1939450039518946 1.1298366521854786 1.6185031163583496 1.5718074073567951 1.155271450379386 1.0888885674033364 0.876534443397229 0.7869808248119454 
1.8152791712050134 1.7744547892270348 1.4171489283102041 1.3644641492581475 1.1999768416976888 1.1372755823505403 1.6226589781623124 1.576855570117555 1.1602132454901384 1.0952379214630765 0.881888944601734 0.7944680234035604 
1.8180726164660999 1.7774431275919604 1.422073496955727 1.3697478103008196 1.2055909516680565 1.1434008815038976 1.6254338275500146 1.5798579559010646 1.1657358704886325 1.1012974860699039 0.8888737996723101 0.8025039967650566 
1.824085305285038 1.7839693563502739 1.4297315947256708 1.378184275195741 1.2145901304377582 1.153468095959663 1.6299599786978851 1.584938167751919 1.17201312456679 1.1085459970595763 0.8970571420800406 0.812385979443768 
1.8320901458354197 1.7909177032647956 1.439197695407844 1.3864061179420875 1.2248580450269533 1.162372207112356 1.6375699107113717 1.5913727187140194 1.1816813938059827 1.1167823574301528 0.908492234676362 0.8223077634725637 
1.8383065281397144 1.7966769397254172 1.4460431223864283 1.3927375367028385 1.2322325317086424 1.1692194603841874 1.6445833423092582 1.5979147361924824 1.1900941938355512 1.1247227767503822 0.9185208166400423 0.8320802995751613 
1.8427804748914072 1.801091038021399 1.4527005481657258 1.3994384342446082 1.2400225347311236 1.1771766797048777 1.6508984214181686 1.6042302348606325 1.1999852506764408 1.1349245131025236 0.9312795530027491 0.845795870432695 
1.8536452632296072 1.8126993452234599 1.4637700508937734 1.411559745874598 1.2526949995483978 1.1912694557376848 1.6633369057089906 1.6175808530560565 1.2138005033338715 1.1502998809760694 0.9486483341542111 0.8659167489854667 
1.8582268969818405 1.8173202358381308 1.473002855620708 1.4210499820860492 1.2634963018017742 1.202525901420323 1.6724708142944558 1.626900200868744 1.2304019004645435 1.1677047895708745 0.9698321136499659 0.888943174554347 
1.8679986114684775 1.8278311897022002 1.4844297953248444 1.4335549737795759 1.2774569824648343 1.2179673179721038 1.6868189297159788 1.6422259732595146 1.2487878548609286 1.1878632716134292 0.9938992057790166 0.916178845448944 
1.8821508391956367 1.8427449612696924 1.499382466712493 1.4496085651943562 1.2937556884840509 1.2357269084570588 1.706395010390279 1.6628292583079118 1.2717861186083295 1.212706535928969 1.021320680043658 0.9467381593053278 
1.8837988794669245 1.844301088185126 1.5045424098644877 1.4547838838400842 1.3010953185223748 1.2432205409664208 1.7060596887215993 1.6623441121142277 1.274986002386238 1.2158690685599498 1.0270299270619334 0.9526482859276241 
1.889769013807783 1.8519795432639208 1.5135385977067253 1.466083350245831 1.3094343694695203 1.2542805392208078 1.7105564308575265 1.668713458406817 1.282799853581236 1.2264488442116288 1.0341154411128577 0.9633255154245839 
1.8973308155790887 1.860798076548342 1.523320207095675 1.4775688516228305 1.31683127352976 1.2636256806847548 1.7173192205719967 1.6768692743580251 1.2922172940128955 1.2379542773810388 1.040848540636922 0.9726617821658309 
1.8947692610621483 1.8593447691770346 1.5233185749100544 1.4790239682527122 1.3178403274547337 1.2663789111739028 1.7156210313079052 1.676415205450607 1.2937172995156243 1.2412561657715944 1.0439866373981996 0.9782231427777611 
1.8891522234344935 1.8554216032286275 1.5169532544239754 1.4747340026348787 1.3117389637071435 1.262676645593594 1.7139966975194234 1.676746218581539 1.292298623348137 1.2424688866637628 1.04381399909538 0.9814483517371101 
1.8861375710556456 1.8538995568389596 1.5109554577642883 1.4705152244188735 1.304361059579628 1.2572932846586313 1.7170481553374357 1.6815715856447178 1.2937255605991906 1.246256175931614 1.0450345470594216 0.9856601008703204 
1.8824706519442047 1.8510014934492192 1.5086704595209781 1.469216569723892 1.3032861832426674 1.2574043298602242 1.7175179140350294 1.6829671887328164 1.2970191151371824 1.250907413980443 1.0510598960245985 0.9935983486053305 
1.881561203830702 1.8474902379609046 1.5056060371029467 1.462804551045983 1.299674803233809 1.249840873775874 1.7274950178686015 1.690321464207575 1.3079816558196984 1.2584767091848938 1.064481595501228 1.0030297516827902 
1.8820622443920394 1.8434392972826636 1.5061639020259383 1.4576144383087044 1.3007864650917922 1.2442490019148098 1.7352628607118867 1.6932948198013245 1.3181458962368315 1.2623861353666714 1.0775083905780036 1.0085308536509925 
1.8834780541549216 1.8402858370327175 1.5049432858693412 1.4505228971592312 1.2986401067590705 1.2351633529145891 1.74243074958037 1.69564952115206 1.3241712994485304 1.2619794022816735 1.083993294943843 1.007076881366666 
1.8744615329237888 1.826107410370759 1.4964527797464908 1.435420899182884 1.2920460230235606 1.2208378931746013 1.73897483834902 1.686741155071222 1.322799445120461 1.2533397814682974 1.0861907639135033 1.000436210565671 
1.8749185066903575 1.8214555169781117 1.4964982513621592 1.4289463985503446 1.2931437298034585 1.2143317090194097 1.7412356781119551 1.683532738122428 1.325175194579947 1.2483869952582813 1.0903224229236048 0.9955821309816685 
1.8806732458625688 1.822356968544651 1.5029775610112248 1.4293336251565798 1.3019995238490873 1.21624661282293 1.7461080601449757 1.6831358889891361 1.3307528128481447 1.2469787937263608 1.0987102712286119 0.9955989771003432 
1.8854142553617652 1.821786979073393 1.5092665222290462 1.4289878648614758 1.310765744105849 1.2174677485343748 1.7510599973505647 1.6823590571341658 1.3376507896761993 1.246366927482176 1.1088422051497497 0.9968209060414813 
1.8913660470075089 1.8235855948632658 1.515513219266929 1.430027697561418 1.3182320857014558 1.2189892246417973 1.7593299454544649 1.686250501851018 1.347129040208402 1.2501822063174672 1.1205856348235106 1.0019536231746509 
1.8954848979246155 1.8231658855793373 1.521286890714664 1.430169448680921 1.3261400715838014 1.2205401826815412 1.7672139145729615 1.689412876694235 1.3581221688273446 1.2552157876398347 1.135266273197742 1.0099011630552222 
1.8958332808051055 1.8193564371250208 1.5214381942781146 1.4250081388217577 1.3270780118019625 1.215323029530935 1.768400898328275 1.6861541311245096 1.359349876819154 1.2504823486592083 1.137626458029282 1.0050213802244456 
1.8946527226297596 1.8152493671141605 1.5201297518857921 1.4199351351411655 1.3257644986076376 1.2095754756146309 1.7671221340270626 1.6817080489812612 1.3578682409454756 1.2446796717261674 1.1360735904721844 0.9980403440785147 
1.8932713285711085 1.8119019060008217 1.5184687311859306 1.415718715341932 1.32447584031926 1.2053001472535418 1.764442097828492 1.6768327614790361 1.3544470755955766 1.2381595510956613 1.1327028933437973 0.9907209687744627 
1.8885375723970361 1.8069142351742349 1.512819153221987 1.4096051508402239 1.3182895806139445 1.198437444873653 1.7604428830141836 1.6725800534728648 1.3495209417994558 1.2327090748734228 1.1271523412366626 0.984295327264785 
1.8832367690522214 1.8007784268505245 1.505820570290581 1.4013271581648057 1.310372607890691 1.1888223525027826 1.757369071683649 1.668702570385223 1.3450876981484332 1.2269813079302594 1.121981148375609 0.9772737137620403 
1.8786006596478695 1.7956588041076762 1.5015319446583246 1.3963696799807028 1.3060732916760107 1.1836712151477748 1.752438113152476 1.6632165952663562 1.3403346906013478 1.2213710268257596 1.1170167166293483 0.9710697439264648 
1.8782889636504283 1.7946772662434325 1.4988630790605926 1.3926548706592743 1.3020471990565474 1.178229165982153 1.7532248007517461 1.6633382881936556 1.338812272415741 1.2187351475078578 1.114071218356798 0.9664635215935469 
1.8789890358996906 1.7944724912996712 1.4988584546351431 1.391441120576523 1.3021412584782226 1.1769042365593088 1.7540104552229014 1.6631549543055961 1.3388538183951413 1.2173993888741894 1.1142372893738792 0.9649126706760823 
1.8744386127219956 1.7864864676854286 1.4963058761039334 1.3845378511341464 1.3006000295491154 1.1702880941132228 1.751130402301085 1.656644642711031 1.3386070550625226 1.212387163501478 1.1155707103824302 0.9604747764637862 
1.878219835770829 1.7836878944711714 1.5012071503570052 1.3811066800515448 1.3058742608241423 1.165821743871249 1.7577543764368788 1.6563614343744546 1.3474470693437275 1.2122072257180287 1.1257434350166116 0.9597557162544019 
1.8841036051174151 1.7836820872275532 1.5078415919507062 1.380312160308834 1.3121176083021064 1.1633262704402578 1.7656062926418337 1.6580232127737056 1.356873410534837 1.2135818248871562 1.1354170175827207 0.9596078351579045 
1.8847559182286813 1.781366299484202 1.5096565507750561 1.3784135529433972 1.3142532675622458 1.1611299121709164 1.7672952870129088 1.6565909733962816 1.3601803782947466 1.212869194570478 1.139425035488531 0.9587754863042963 
1.8855822925018575 1.779678550097337 1.5112356011544197 1.3768326703258316 1.3156010879429068 1.1587240320613703 1.7699221236530607 1.6566410243853555 1.3641982202731977 1.2136193571612806 1.1436826328123375 0.9590855668169342 
1.8890131175931415 1.7818821458107041 1.5122160321987597 1.3760562311035693 1.3145748277062663 1.1553529334185983 1.775750796547466 1.661332090389805 1.3681073280408083 1.2159157389222988 1.1458740378588566 0.9590415704019092 
1.8826004220684245 1.7746428116475184 1.510692562757959 1.373813953536726 1.3164412972754271 1.1568018192120073 1.7679568403024466 1.652526595529467 1.3651663119093622 1.2119619709100653 1.1465185254378623 0.9589981694102497 
1.8878186733826001 1.7777559712097835 1.5166042097963595 1.3771874522998093 1.323090637398678 1.1606574793504068 1.7725029940657477 1.65478814764067 1.3703998867381886 1.2143116565248149 1.1525954863576553 0.9617865172542397 
1.8894313758620713 1.779113339192318 1.519863957363303 1.380318730761863 1.3266413432770894 1.1641609009462741 1.7730142461052139 1.6549540375768867 1.3724485570293847 1.2161037748860253 1.154818534009582 0.9637941668696901 
1.8898822725111848 1.7800607413546425 1.5206068312197076 1.3817403425072456 1.3271628936765978 1.1654709714583371 1.7728900904884204 1.6553248961796108 1.3724902200569737 1.2168363255228865 1.1544893309823352 0.9642649295250968 
1.8936690608319182 1.7840806458543401 1.5224679890073354 1.3837882845695868 1.3281892045759294 1.1666395339229851 1.7763218225175414 1.65899983607957 1.373770534970102 1.2182802311915104 1.1547394807280298 0.96456441325193 
1.8900839267429477 1.781674133272423 1.5208574493791454 1.383818213629247 1.3274500339116497 1.1679336708786332 1.7722745033803426 1.6561710003414625 1.3716949538917318 1.217987074468379 1.1535437823212606 0.9657166897035797 
1.889454782108331 1.7812451912389942 1.5200754931357985 1.3832659044854827 1.326554075803938 1.1672792184015102 1.7719864679596287 1.656119289275999 1.3713227825103906 1.217916758859997 1.153101203291385 0.9656280043122404 
1.8880523493621781 1.7799988882726978 1.518331915337368 1.3816606578505592 1.3245557807552086 1.1653764990989135 1.7714822580347906 1.6558392913722153 1.37067119387986 1.2175359912758392 1.152326226783041 0.9651477095512584 
1.8858378138143375 1.778003303802341 1.5153942671173202 1.3788876941694852 1.3215182895488204 1.162463796396275 1.7707194436194684 1.6554029226541918 1.369482702633385 1.216714576690869 1.1512921773433709 0.9645647546598621 
1.884657894338397 1.7771055081260765 1.5137429560833768 1.3775290724380522 1.3199568233438699 1.1612297894095036 1.7708405456426732 1.6559120889745447 1.3694373284280081 1.2171800215301105 1.1516192404141397 0.9656062775334676 
1.8837838584009685 1.7765323958464816 1.5115788470245406 1.3756076254121448 1.3173272624416605 1.1587824837699436 1.7718929368819214 1.657416757515152 1.3696107349798483 1.21789133082227 1.151657097825581 0.9663021263000717 
1.8807560255514695 1.7729129124150909 1.50885290961318 1.372083842266266 1.3154020290573372 1.1559668963288525 1.7708411325830897 1.655854849981773 1.3694057806392377 1.2170657991284446 1.15278687850277 0.9668994542392502 
1.8975910273847207 1.7722278631742026 1.5279409749106803 1.3691396987199662 1.336755870909494 1.151892421283776 1.7956759195386567 1.662646053677992 1.3993583971274122 1.223986852629962 1.1876516994519057 0.9749135607893656 
1.8980942997148482 1.7721217916977376 1.5285880434603691 1.3690270562008626 1.3369830674357848 1.1511634969064992 1.7984767064963616 1.664984125392792 1.4029746611432439 1.2271884834083149 1.19133547576239 0.978229977975527 
1.8994359306051887 1.7729662662538166 1.5292896569564576 1.3690432358672973 1.337220092308667 1.1505260110375601 1.802113000362075 1.6682816887066765 1.4065849659633078 1.23046080525712 1.1949527132376412 0.9815622821166267 
1.897704669443062 1.770587329341877 1.5281423471738491 1.367082847389287 1.3359796158721886 1.1482761046133463 1.8026979708830873 1.6683574115356699 1.408423230078942 1.231808618830864 1.1971960974819456 0.983348856828542 
1.8976719509960092 1.7702308265299753 1.528050041587971 1.366563308155535 1.3358149219098427 1.1475887116894272 1.8045032625620272 1.669967176383117 1.410677185112526 1.2339240115165113 1.199781103617239 0.985917360734154 
1.8980106303796087 1.7697649333270224 1.528964235629467 1.3665120563075908 1.3358161679789626 1.1463107784689106 1.8055973082152068 1.6702709976629542 1.4126106753929053 1.2349463496176667 1.200892218741549 0.985781764506729 
1.8966433028266017 1.7674869742538415 1.5271208839371557 1.3633974402781457 1.3340759236853803 1.143027976979129 1.8054354665168735 1.6692368345315773 1.4122462957136763 1.233366930705133 1.2008746711280909 0.9843039986492995 
1.8976551510456265 1.7672488151615775 1.5290009099702981 1.363787771278948 1.335334629630341 1.1424499444133207 1.8075787319754566 1.6701539374231344 1.415658709820273 1.2353796522081786 1.2038954992398636 0.9856153790855743 
1.8979852965536903 1.7664536072407901 1.529479518376758 1.3628344572008737 1.3359614845997618 1.14140406908947 1.808626638456373 1.6700719978294347 1.4170708269292682 1.2353541553473644 1.2056430731082894 0.9856903065030111 
1.8970196968531983 1.7642555748669182 1.5296850505411235 1.3615617345713709 1.3362021169901657 1.1398903897520147 1.809237418762115 1.6695071250668565 1.4193634703799447 1.2363278951188477 1.2083428340702818 0.9869176297184078 
1.8978405733359165 1.7638110901681052 1.5300643142691748 1.3602674464236804 1.3359048954921906 1.137485213002789 1.8113228114833646 1.6703655430473894 1.421333279494996 1.236696814663966 1.209848492746096 0.986389423807859 
1.8982196659043442 1.763532199883518 1.5307812695568237 1.3601835226270023 1.3364761017040299 1.1370911530858026 1.812772087832886 1.6712123032176371 1.4234451298262256 1.238145370150856 1.2120532631967953 0.9878669104823787 
1.8967013591469797 1.761075180959064 1.529969032951321 1.358202852665978 1.3357078863995675 1.1349120252204574 1.8127618747066587 1.670333907214363 1.4245823284001526 1.2382829069279766 1.2135671083174593 0.9882585054478409 
1.8993738355463359 1.7635682602490894 1.5331928755241462 1.361334798996191 1.3392986746644677 1.13853984618809 1.8144396774646436 1.6717486008841163 1.4266221537456931 1.2400817759156046 1.2158500384331943 0.9903753618492332 
1.9008145521173283 1.764192419193836 1.535050670023957 1.3622259320468832 1.3409799243616587 1.1390812472958194 1.8164446089933488 1.672946486873086 1.429250018555536 1.2417868359509212 1.2184425360028268 0.9919078303658058 
1.9031472331714119 1.7657606556744887 1.5379572287706835 1.364277735480573 1.3438005074891142 1.14093869507875 1.818836044047951 1.6745464631141174 1.4323084868588891 1.2439649928868577 1.2214724589314327 0.9939498327018322 
1.9060767958844156 1.7685254772292651 1.5415303865344334 1.367797333090323 1.3478306397352007 1.1450768730565648 1.821140737617222 1.676635678377685 1.435179698507821 1.2467134309090442 1.224774374245722 0.9973093199248666 
1.9072348131323527 1.7693568057415667 1.5428300348463535 1.3687232700674012 1.3496912241042394 1.1466234229353593 1.8214328753001028 1.676513224768597 1.4354085144041748 1.2463853644936627 1.2254548083156718 0.99740581551543 
1.9080684616912993 1.7694848470956175 1.5438750125903975 1.3689051917868527 1.3509022372107466 1.1468601589125853 1.8224642842868006 1.6768206335505895 1.4367327056557875 1.2468168418420567 1.2270239066542266 0.9979674529266974 
1.9089825877262474 1.7700308419465465 1.545495859276886 1.3701649945324104 1.3522678957373793 1.147790539707485 1.8230612145076206 1.6770053229021071 1.4380177754958385 1.2476737489592382 1.2279927253212863 0.9983790836360706 
1.910133971000464 1.7707826776795623 1.5463274870382406 1.3704700659153415 1.3525434141534978 1.1473592251644644 1.8244601510501677 1.6780090426365408 1.4391566116201533 1.2482913350536406 1.2285832258215152 0.998236568740096 
1.90831970497844 1.7683111427599498 1.5450683584906528 1.3683846073414447 1.351180331565332 1.1449578549488186 1.8241975532844572 1.6771812408350506 1.439878067549124 1.2483945893062016 1.2295124665529018 0.9984693819086292 
1.9078108475572204 1.767300485672145 1.5446405892818562 1.3673051329739825 1.3503980413407746 1.143321322576029 1.8243866909339697 1.6769005858001838 1.4403329886026357 1.2482659550981114 1.2297233176845106 0.9979119273047097 
1.9077638790961526 1.7670841511325939 1.5447180954413655 1.3671786178784393 1.3506416883777872 1.143353116575977 1.8243683187295268 1.676706038989542 1.440455045596356 1.2481723106943208 1.2300364687211514 0.9980045556930088 
1.907939179386492 1.7678862453331097 1.5450449599406486 1.3683397942170652 1.3511417187837849 1.1448903041069045 1.824046781318396 1.6770022434803122 1.4401661975056907 1.2487067472541342 1.229836856025221 0.9988436096997368 
1.9078096437595655 1.768139665530413 1.5440560356483182 1.3677314360728865 1.34958525689265 1.1436610536439547 1.8228461532510087 1.6761110758007658 1.4377550218385606 1.2464829492704665 1.226544262235163 0.9954853425450322 
1.902697393244391 1.763965816295486 1.539020347577965 1.3637821164170618 1.3437181141366668 1.13881359363989 1.8135479743472462 1.6674154509476635 1.4273340587469354 1.2363658625419096 1.2141981943896145 0.9826470811328959 
1.898417425589009 1.760629639697117 1.533132215361741 1.3587944642881058 1.3378714354451253 1.1338994594671965 1.80468942075361 1.6591358931021896 1.4154185152738394 1.2244335750786974 1.2011724111800104 0.9688359860058875 
1.897363475729677 1.7613314282760641 1.532395441076813 1.3603440847936232 1.336095766265652 1.1346594810043233 1.7983284597183575 1.6541721464929218 1.4079179229745604 1.2184141820551007 1.1912803979890714 0.9599214696176975 
1.896471335365763 1.7627279821526634 1.5311067475078282 1.3619450376076123 1.33493435743635 1.1369503735273587 1.7929654290766455 1.6508577900788426 1.400860227240391 1.2136786186894784 1.183288317640295 0.9543467167984601 
1.896066738600464 1.7652000767128353 1.5305230614489285 1.365050576069253 1.3341702012962964 1.1405579159459636 1.7875262299130046 1.6480631833236854 1.393801200683584 1.2097702346425125 1.1748153350322765 0.949238276212564 
1.8963796707334215 1.768545206425609 1.5296735469932792 1.3679902967386135 1.3333640707514958 1.1442709630026446 1.781298925607659 1.6445431444541063 1.384438935876552 1.203398295981426 1.163885626670851 0.9413426812649046 
1.8970520614724837 1.7732420584728414 1.5285657538807418 1.3718943610704872 1.3314586001588635 1.1481998423345128 1.7754114979736388 1.6424575675301327 1.3746973220083758 1.1980707830245256 1.151547422878016 0.9336178774728985 
1.8928311680987295 1.773534014031307 1.5256541586237689 1.3748576943545832 1.3302540030107033 1.1542048260711788 1.7655338668306537 1.6369859201978496 1.3645221199108502 1.1935383042558794 1.1418737743402292 0.9308537933134291 
1.8921193173851378 1.7785265014674367 1.524271351702839 1.3807404386132827 1.3296963849022077 1.1623826741749035 1.760044832162522 1.637314513592914 1.35685130121985 1.1933509369929705 1.1339024543680993 0.9320814241373979 
1.8950893625615655 1.7850721150961943 1.5273090028196654 1.3884493343633395 1.3345711701119578 1.1731150719746126 1.7578509756785414 1.6386454212836896 1.3532734944178875 1.1943483221799245 1.1312632623284469 0.935347706841686 
1.8992844020035549 1.7913909287740633 1.531815599115638 1.395800576620457 1.3410648081632746 1.1833237256532976 1.756564581133868 1.6393045317127628 1.3508134281587523 1.1943605559855033 1.1299082740178517 0.9372795355143524 
1.9047171739137545 1.7983583117949549 1.5371639643844113 1.403217074583259 1.3477237529263926 1.1926878968120704 1.7559832988391433 1.6400068447424236 1.3484816967990332 1.19354429813141 1.1277806291127719 0.9370348192047081 
1.9065068842099682 1.801280521057173 1.5395968065503387 1.4071962701556597 1.3523427945384265 1.1994473935692223 1.7505461768088268 1.6353149339316877 1.3416414365768525 1.1873688392155153 1.1218174769275082 0.9318355367445482 
1.9094362090234906 1.8059281665476066 1.5420629806625927 1.4118739825954723 1.3554290229775956 1.2052459262449302 1.7471098823285272 1.6333471300767637 1.3358160580446696 1.1831459957798953 1.1151834561766059 0.9268570803149749 
1.9102761321400632 1.8095791552247722 1.5416552678935715 1.4149638804662117 1.3554576160928087 1.2094160438095733 1.7430224530464316 1.6320383236382656 1.3287864146746835 1.1794469694835794 1.1073561847138436 0.9228540176127533 
1.9091542564258657 1.811484802814807 1.5399183282333515 1.4170235261381514 1.3541617556366743 1.2125845440335286 1.7383858284135314 1.6305190904828437 1.3222948881505214 1.1768903887911566 1.1003950990571523 0.9205849173373416 
1.9096295445308233 1.8170160256158998 1.5375134498745044 1.420848284844304 1.3507163061668428 1.2162634499749634 1.7360655676399437 1.6336419115415104 1.3157455173189838 1.177305612976087 1.0916378509125635 0.9200736044170597 
1.9004367420824615 1.8119946122041866 1.5269542601718624 1.415363549289369 1.339134352728284 1.21034932092227 1.7247624716050036 1.626797543475217 1.3018199128362573 1.1689310285286298 1.075372766745095 0.909995193095546 
1.8913397982657691 1.8070447869668311 1.516343990163182 1.4098027259528194 1.327853139659654 1.2047566518197774 1.7137910238135805 1.620285253560002 1.2881042416295354 1.1608002269572488 1.0597676166518772 0.9007508151003808 
1.8845783978794832 1.8042842755935107 1.507805120615393 1.4061587005576575 1.3179828624659728 1.2003686246957639 1.7057165970213222 1.6165627481647595 1.2772273303347372 1.1554720519138488 1.046380522254691 0.8937103595427323 
1.8808825913924025 1.8037436508004678 1.5006176746270183 1.4027206566537045 1.3079279675131195 1.1943397353362233 1.7019592658471587 1.6163035537308579 1.269172732689684 1.1517687530936929 1.034225114857979 0.8862242511932293 
1.8715278617089834 1.7983771745529356 1.4900806156557436 1.397098481121857 1.2960809948274838 1.188010887977463 1.6930846317160286 1.6118559163129316 1.2586736170083968 1.14708465204317 1.0216383793461363 0.8805049136450064 
1.862575847422864 1.7939662632845133 1.4806530612547286 1.3933627145158576 1.2862036651335587 1.184671277022871 1.6852920387882333 1.6091412064834458 1.250341535902491 1.1456352485861283 1.0125909029825422 0.8800377850995945 
1.8605530996166166 1.792695532345914 1.4773797497234757 1.3909530402184682 1.2815949802074755 1.1809255389282594 1.6850358416642062 1.6097966402291315 1.2491352513210887 1.1456170002636132 1.0100364570118248 0.8787906916285583 
1.8537082517772314 1.786981385999026 1.4700317461561843 1.384940982824539 1.2728803505070694 1.1735810913213454 1.6800678178892066 1.60614322646114 1.243940080834684 1.1421274516913602 1.0033035316926777 0.8738913936565573 
1.8484997198952995 1.7842140731574225 1.4636050870549062 1.3815239756345166 1.2650481442431352 1.1691088279766775 1.674947393338967 1.6037198679485767 1.2371893173047528 1.1389056375543147 0.9944065382191531 0.8690874568494245 
1.848239576375855 1.7849068125484873 1.4634734557490272 1.382626975536786 1.2645495876722272 1.1700378017320638 1.6703424408431944 1.5999833335013214 1.2311819092571172 1.133892275078193 0.9864785845024716 0.8619993013233829 
1.8504644539668955 1.7861804820888063 1.466258424628824 1.3842455660015676 1.2671717011498482 1.1713010455877688 1.6694081185842484 1.5978565284765087 1.2298855795540495 1.130858327994714 0.984087847295657 0.8571177926020438 
1.852651582299003 1.7873174526073983 1.4690176846433811 1.3857123614931781 1.2703634559428258 1.17303414323497 1.6681155659590856 1.5952414652318314 1.2281305361381583 1.1271603279014926 0.9818935615406592 0.8522328069224983 
1.8519524618169874 1.7859675934433972 1.4689370739517742 1.3848207289140353 1.2706259298589808 1.1723662301644482 1.6656051281231095 1.5919148114236514 1.2256788524038424 1.1234949813995612 0.9792868709576373 0.8479122004252565 
1.855232164742731 1.7877841937706016 1.4722303644117656 1.386271324198838 1.2734614351035527 1.1730259865390877 1.6675499818284307 1.5921711215494394 1.227313652941252 1.1227576502059562 0.9800717236488358 0.8454741402881581 
1.85657624873125 1.7872025921402979 1.4747713664676976 1.3864228508478211 1.2768100091058965 1.1736530736776518 1.6673580543341615 1.5897486025636256 1.2280708844985293 1.120435556091023 0.9815555579553303 0.8430118927707959 
1.8616263545636647 1.7906844738272567 1.4801530683027346 1.3898745649899489 1.2824661583082806 1.1771226138368083 1.6703320655504401 1.590882588378539 1.2309385162574125 1.1207621654954274 0.9844165644715657 0.8425996517955606 
1.8659356976490376 1.7937980886825027 1.4839760005340383 1.3921854493425077 1.28560055715646 1.178458462467388 1.6737764227521548 1.592960473006471 1.23369212357095 1.1216023408325253 0.9861948479692033 0.8417694656858253 
