1.8996588020653498 1.8236618899193895 1.5946220480930142 1.503282608408798 1.4836650121453832 1.3850274339320359 1.719644152336279 1.635302765589406 1.375242495949118 1.268199923964814 1.2448832534275494 1.1255103016607 
1.9043731926644525 1.8277778713889168 1.6000123231209813 1.5080365129329594 1.4892172747248804 1.389929056297119 1.7183578895384397 1.6330610909390377 1.3733739526214264 1.265025969669793 1.2425315573211813 1.1216146223810566 
1.9099079044229565 1.833470096013919 1.6062142836425313 1.514525904227884 1.4959518597125008 1.397045581281187 1.7181618164123222 1.6327720039789053 1.372682100479674 1.2641679234094219 1.2418549796885665 1.1207444758629372 
1.9091112215147368 1.8337043914419495 1.6049636442341895 1.5144881770398506 1.494283260467536 1.3966562216929013 1.7053676432117184 1.6205076172587065 1.3562748400355624 1.2478972637174466 1.2232970223594473 1.1019173036092547 
1.8992270975814374 1.8248563187515916 1.5930954031029059 1.5036588640006117 1.4814229236067635 1.3847927261823736 1.6752831300373112 1.5904749547501873 1.3181285828733138 1.2085114715581355 1.1807302300642641 1.0569583208847972 
1.8933187545403467 1.8202480598243223 1.586038235319127 1.4980535293821144 1.4733313074438517 1.3781698859335918 1.6552768064871235 1.571174210294393 1.2925953286679515 1.1829834219862125 1.1515166265817485 1.0269555171935199 
1.8855788744279567 1.8129872115624532 1.576573450648272 1.4889925395679455 1.4633972525903551 1.3685928746303628 1.6389268819227414 1.5548621359750838 1.2713211545038492 1.1609360083523121 1.1279207203917303 1.0018583178718437 
1.8781211047788398 1.8054403626859818 1.5678099843462183 1.4799676232998105 1.4536312771179938 1.3584255256787874 1.6272761887324751 1.5428233254056312 1.2564700781219145 1.144986059397969 1.110735251991081 0.9828574764510315 
1.8642515009479703 1.79164743931019 1.5521049965729639 1.4641027315003414 1.4366860833135262 1.3411315334398637 1.6184038381648629 1.5342092006590107 1.2461248914080645 1.1346339202521492 1.0990287651316322 0.970788913506309 
1.8553092539693996 1.7836486611282194 1.53645378578872 1.449110193996471 1.4169946943670924 1.3217806483469523 1.619743217137979 1.537139618884534 1.2418075122435401 1.131952302857541 1.0905363934617176 0.9635869156150317 
1.84000207865922 1.7686410501484606 1.5231642077826835 1.4361450897002885 1.4036157730198995 1.3086713693934968 1.6132713957267852 1.5313811122872876 1.2397847194857057 1.1311718107653894 1.0895752314871379 0.9641875854159554 
1.8261146835459596 1.7547727043757433 1.506363115408154 1.419035673273283 1.3843347981836474 1.2887650057408293 1.6079177089211252 1.5264114010391039 1.2328156215193575 1.124440644597197 1.080318172883415 0.9547878095274154 
1.820864041015586 1.7500150892502642 1.4998626696679964 1.4130091948050478 1.3771158992124117 1.281973149720231 1.6059056569623291 1.525103254144981 1.2300305488334873 1.1224892461861762 1.0769565093649835 0.9522826680159677 
1.8161467246111174 1.7453513140040573 1.494872144538017 1.4080145640211574 1.3719629921086391 1.2767712150952064 1.6036759345066227 1.5230360425464953 1.2280188541368942 1.1206661367667403 1.0750209436637457 0.9505431675077624 
1.8285629366243428 1.7588663354320704 1.50891590607172 1.4236557112996948 1.3871782617948711 1.293921134658616 1.6072117658218659 1.5274482095692279 1.2313872090436215 1.1252923314926837 1.0787728106493228 0.9558865778512846 
1.8297832746758727 1.7605061206606356 1.5103458614117364 1.425629541530183 1.3886806435907286 1.296035839968772 1.607664195123957 1.52835177000701 1.231917997710708 1.1264532487784658 1.0793105493246882 0.9571761752590586 
1.8275599211315319 1.7584707642227921 1.5075892702345324 1.4230493916327325 1.385614329503809 1.2931246008897557 1.606226925850233 1.5271571957811974 1.2299654790791041 1.124748524349461 1.0769943092357963 0.955071152022869 
1.820809302158359 1.7513558568967103 1.4992249831250846 1.4140637795680964 1.3763197685227115 1.2830264720131108 1.605296230739489 1.526065795136766 1.228537758323451 1.1230342142100613 1.0751211926226782 0.952778254100297 
1.8129246339355338 1.7430571957369299 1.4895524852553164 1.4036806138186455 1.3651576774608454 1.270908393083581 1.6035402198667452 1.5241042930227215 1.2261370701231937 1.1202521028814405 1.0715880704497833 0.9486061627515867 
1.8007930707360575 1.7304047173453383 1.4756458678189017 1.3888756349691644 1.349874457425949 1.2544344753756569 1.6000078607341277 1.52035191867245 1.2225793217664858 1.116308649169664 1.0673942671810637 0.9438089445491604 
1.783895116267781 1.712470679061116 1.454762393878822 1.366238508988837 1.326778330937026 1.2290706978217487 1.5959826373880261 1.515729071979567 1.2170507038098455 1.1097235946144608 1.0607636553182052 0.9356781354953423 
1.7748560261131747 1.7025869595795249 1.4435591814090096 1.3537176780001987 1.3138258587157774 1.214424484490596 1.595376797070288 1.5145677819530727 1.2161317039820358 1.1080003442825503 1.058891683898901 0.9327057626766602 
1.7657203299158815 1.6930504520179692 1.4323405139415173 1.3417342872112383 1.3009722257904854 1.2004916833857073 1.5934083588579073 1.512481982596239 1.2135819966027221 1.1051845149468253 1.0553249010983534 0.9286345871645367 
1.747342905132945 1.67378024065241 1.4104777670415227 1.318249064933649 1.2766890594496532 1.1739966015276364 1.588878941681348 1.5076038462402648 1.208625911735488 1.099595225707369 1.0494112719608266 0.9217359077297791 
1.7379529528301394 1.663875926759865 1.3970665232017407 1.303762824922923 1.260468672459177 1.1561937154521296 1.5850371976237658 1.5034445620810235 1.2015229177385673 1.0916317855627877 1.039540151149055 0.9103001478913425 
1.7133438296908652 1.6379871112617952 1.3647062375250434 1.2688096045742088 1.2226901286670144 1.114641578562257 1.5750470348341221 1.4927249779714147 1.1864439295389229 1.0747575986517892 1.0199006000291206 0.8874975672416011 
1.693632453910898 1.6168965617318414 1.3416334690742664 1.2433599509957889 1.1970678851845664 1.085787789644114 1.561951457997415 1.4783964148834543 1.171017435199088 1.0569983140668913 1.0021342175278969 0.8661619896648953 
1.7022155362923226 1.6263119795029979 1.3488065954742956 1.2516517705316283 1.20278540562935 1.09272396087711 1.5598949586414335 1.4766940118639877 1.1640505925409599 1.0499365241170344 0.9911746980199605 0.8542717393633948 
1.7128520905003124 1.6386041806462261 1.356591672512879 1.2615475983217164 1.2081546457019856 1.100363133166179 1.5606125507413076 1.4787403120329445 1.1584430135018684 1.0455389004868687 0.9804523943217692 0.844066510668022 
1.715883654884666 1.6418585744638179 1.3632357276349385 1.268800421871131 1.2158283518245327 1.1089100245467889 1.55568874737216 1.4736384699580694 1.1551287420458207 1.0420006104318558 0.976805683183897 0.8399953595945396 
1.7172354884269658 1.6439046802393988 1.3677499231632222 1.274466448092299 1.221704997907842 1.1162831078686983 1.550665384766488 1.469043229627025 1.1516966897204317 1.0391968726439664 0.9737702576650205 0.83770722195347 
1.7158764433636708 1.6435558562246557 1.3669584217855202 1.2749977296177277 1.2212619231312996 1.1173739609147693 1.5393372567083408 1.4582877197351558 1.1374983726978953 1.0251567838776467 0.9575008646943145 0.820884760201065 
1.7202002749686562 1.6498921670709998 1.3661911244047225 1.2765317721710807 1.2169493460297516 1.115356843239974 1.537785900963538 1.4587119846502392 1.1279072123194531 1.0174624595346209 0.9416274220742726 0.806050481646305 
1.7085256380407758 1.6388456274959642 1.3577141996173716 1.2689140958956364 1.2108995994064249 1.1104201793747446 1.519724415360443 1.440943244393283 1.1108061444926562 1.0003226607263478 0.9256242664508315 0.7896425884934525 
1.7042811635845183 1.6359020742541406 1.3513617542867637 1.2640331890219496 1.2032306584146697 1.1042487624394242 1.512059984705964 1.4345475625956081 1.0990585533760246 0.9897125924979433 0.9107772121375238 0.7753169946215548 
1.6968533958603171 1.6301278711385467 1.3418044262271198 1.2563616308462664 1.1928824206277373 1.0958895467439635 1.502721848261577 1.426947224834433 1.0859560877138128 0.9784201825712153 0.8954495941384362 0.7614692409169854 
1.687722871886555 1.6212942915118773 1.330930772463016 1.245617681509459 1.1814172124567173 1.084404591141609 1.4924404645710327 1.416885749695084 1.0725421992112947 0.9646416207530132 0.8801799122276083 0.744918361492721 
1.6793474257408711 1.6135676163032309 1.3200255965482224 1.235257160101689 1.170031834926935 1.0734836611623346 1.4835079983412593 1.4086123161404243 1.059743261522568 0.9520758669257876 0.8657728914342895 0.730037927495887 
1.671807732540426 1.6068116542214772 1.3098357516047423 1.2257945560908483 1.159708746962771 1.0638735711267389 1.4764687051820502 1.4024487280973803 1.0491369972419997 0.9421205000115218 0.854367087721642 0.718919827339572 
1.6724320433327031 1.6044935287392095 1.310190761517574 1.222280808883949 1.1614597382457992 1.0613007433173691 1.4794821871742831 1.4022261181300255 1.0528240281101113 0.9411742550484476 0.8607132659405223 0.7198596185132211 
1.667438672800664 1.6002408905009395 1.3024091886773679 1.215190879998381 1.1535806785618594 1.054119330071904 1.4732852513859085 1.396777939413148 1.0423470627153126 0.9310781810520746 0.8490972184333428 0.70808563495614 
1.6610203015900076 1.5960514557288434 1.2937536064854698 1.209210569476698 1.1452035741710553 1.048753085017708 1.4672686188609636 1.3932943001872073 1.033289481168835 0.9252453506687618 0.8398690278216955 0.7026889716895803 
1.6541566020546816 1.5908685475617053 1.2856345583878375 1.2031146617098014 1.138090458320906 1.0439724914101376 1.4602345682530222 1.3881331585338237 1.0241616805568787 0.9184420610038992 0.8314450201432985 0.6970864315284655 
1.6484030840489503 1.5876945281955501 1.2780288983830101 1.198707242183049 1.130552485602544 1.0400433212429616 1.4551385695878212 1.38599041990271 1.016638280954485 0.9149287303730769 0.8236166899122979 0.6941798320767395 
1.642247973345198 1.5843186574033676 1.269939026550649 1.1940822138347131 1.1218855272960828 1.0352363684668395 1.448958842050529 1.3829565894113993 1.0075953806744105 0.9101294706778865 0.8130992905890461 0.6886346336021808 
1.6388864321460745 1.5822312057447514 1.2654402888609522 1.1911532124930404 1.117271494253966 1.0323770836436124 1.4462959832179894 1.381766594628952 1.0035748393978847 0.9081130487073127 0.8087761899762445 0.6867501557571648 
1.63639080809292 1.5798985288337346 1.2630541817400391 1.1889534686483738 1.1148776323933491 1.030173101867351 1.4448956382420841 1.3805896892310183 1.0026237552596686 0.9075014485999456 0.8080226876833347 0.6864438421393259 
1.637675420114511 1.5796973166424129 1.2633722951083106 1.1872541373300156 1.1143627822424975 1.0272620118583378 1.448416834908805 1.3825245597121376 1.006002038788809 0.908571919336736 0.8110086044224438 0.686438480132954 
1.6392906977390833 1.5792435584905486 1.2653402115217434 1.1865167829550034 1.1164514275569226 1.0262553363729177 1.4516378011383868 1.3834697434472105 1.0104771966224129 0.9098353643565907 0.8163590534157689 0.6878795893424156 
1.6387604917257586 1.5779336348659438 1.2647959498833201 1.18492506161413 1.115346098949223 1.0238825749280285 1.453156997451153 1.384197914332069 1.0128366624689542 0.9111403358655845 0.8186123810700948 0.6888140803157627 
1.637776908757493 1.576214745318432 1.2635385855838555 1.1826535747036195 1.1132889255082212 1.0205645262104939 1.454031077955093 1.384321529182888 1.014111892277795 0.9113521002111369 0.8193322918445545 0.6880734880514219 
1.6380146322607165 1.5760976840793246 1.263812794167004 1.1824613114010158 1.1135616471036571 1.0202997187886558 1.459486936118378 1.3896381151077464 1.0218771745665964 0.9193611554553576 0.8288725614352366 0.698585497530696 
1.6360966867818783 1.5724243273679785 1.261573597733656 1.1778258951554088 1.110649141942963 1.0145183159010192 1.4585638641138208 1.3867640183169738 1.0208643982912913 0.9153524001709069 0.8271261655265417 0.6927074349959297 
1.6315573401500052 1.567232937516743 1.2569937248042886 1.1722938839887205 1.105628135585089 1.008292269353167 1.4560159889909727 1.3835542224420987 1.018840728572116 0.9122917057813033 0.8248737965272991 0.6889531961152078 
1.6297230138317984 1.5647877833792672 1.2558459027336912 1.1703472290790455 1.1044190694718197 1.0061337814689455 1.4550620092673028 1.38194397716152 1.018998174882075 0.9115486742972094 0.8251968431913684 0.6881231977000921 
1.629193412116637 1.5645531944246096 1.255267610545357 1.1701505450941987 1.1032326926284637 1.005324772491084 1.4550495187739316 1.3822896318008937 1.0191146658174683 0.9122226845371969 0.8246334349783849 0.688168457708031 
1.6291478756071867 1.5646773563311414 1.2553315679116057 1.1704485354834744 1.1027930949164535 1.0051094661853555 1.455558291239279 1.3830192941587653 1.0199923940870392 0.9134970787120286 0.8250331804208909 0.6890371380523769 
1.6290317618548174 1.5644950167807534 1.2552058031780329 1.1702315090322128 1.1020261410383196 1.0041721923713134 1.4554159357145333 1.3827999574529246 1.019819921913575 0.9131992386833282 0.823985849594403 0.6876429718478988 
1.629625512673415 1.5656465259745223 1.2559734371220157 1.1717674715983926 1.1022457611422645 1.005243975707435 1.455619300351603 1.3836174616909438 1.0201066173474662 0.9144327441075641 0.8234646039485183 0.6882322912331926 
1.6311609892932855 1.568001702866502 1.2582727940284848 1.175241928877731 1.1045660665583794 1.008964500164525 1.4559131188337613 1.3847838014622535 1.0209051184082927 0.9166190200908172 0.8240528089826828 0.6906563539071005 
1.6324345012902173 1.5702533613537148 1.2599355916088093 1.1782575749141782 1.1058259306973408 1.011782687558272 1.456345742123978 1.3862886201807474 1.0215371821929147 0.9189077388087665 0.8239851385811762 0.6926793821405688 
1.6326808771255974 1.5687796599623574 1.2612067726315181 1.1773127444785476 1.1070652555886713 1.0104534898309818 1.4529298044061212 1.38073451159577 1.0178411925893007 0.9118242529740093 0.8191163837524007 0.6829161186497286 
1.6378743378990983 1.5715486809095063 1.267344137931134 1.1803787839792825 1.113393578726054 1.0133006320280324 1.4580870102118082 1.3831668876416938 1.024473790073914 0.9147018400923932 0.8264566798982328 0.685684733291044 
1.6414548877083892 1.5733378715780537 1.2723516411675508 1.1831722649478225 1.1188875409002284 1.0163302804412353 1.4607195074968227 1.3837338578432488 1.0286914163060565 0.9160916655781561 0.8314064351337197 0.6872078071018694 
1.6444619475190085 1.5755217816767912 1.276342673280969 1.1861974571453144 1.122917834232768 1.0192930148578525 1.462807301676475 1.384853418069223 1.0317949043477634 0.9179403642601246 0.8345625006181443 0.6888456685920368 
1.6462172051439903 1.5764349450935455 1.2789019023021626 1.1877315038812812 1.126164901296471 1.02145163101935 1.4637451658373086 1.3847981658393724 1.0334935412048254 0.9182728076732373 0.837117798707022 0.6898421982686258 
1.6487233633013183 1.5769698616446703 1.2826647717527797 1.1890223431608047 1.1304163413077548 1.0229302618143674 1.467214854101338 1.38609691000868 1.0390667043532913 0.92098036457658 0.8439619683940801 0.6934097056831626 
1.6511781658013893 1.5773470061401327 1.2862022019959536 1.1899371189181551 1.1342354224847855 1.023779388432508 1.471639704553815 1.3882930751751374 1.0457773133986221 0.92481589074758 0.8519530963728227 0.6981821545837733 
1.6573492889501868 1.579573785172345 1.2936115512717448 1.192341193955694 1.1426841320258587 1.0266322139908186 1.481463423370179 1.3939083728867154 1.0589419506203774 0.9325259953500975 0.8681326135929293 0.7084496538242433 
1.6610471492314391 1.5801591715425034 1.2992410949357667 1.1940907830688126 1.1494452286080838 1.0291014085161336 1.4913828900620691 1.4007313447659726 1.0738587968489572 0.9439269521577874 0.8867748453637428 0.7240131226779595 
1.6499157049870428 1.573366457092209 1.2856523553289552 1.185817082649297 1.1348256447414686 1.020337894377588 1.485546188094766 1.4000384465088413 1.0665493997761613 0.9438155523739211 0.8788941275050653 0.725062109134721 
1.6346200565309514 1.5625643373036677 1.2667680723847006 1.1723164795451995 1.1149403433427503 1.0063381877943667 1.4775226411846454 1.3973896143213782 1.0563104539922201 0.9409656498582986 0.868436753720874 0.7237451030668532 
1.6339340201347912 1.5565168049056972 1.2657042317041687 1.1640495624988827 1.1154502687945527 0.9986157839498834 1.4855173100148782 1.3999163761288886 1.067252780907054 0.944474817109403 0.8838838149631658 0.7309273425955825 
1.6318552082795215 1.5485774829788146 1.264251111444637 1.1547604395670128 1.1164803288858252 0.9907921703308924 1.49410771057143 1.4026755329686906 1.080618944304143 0.9501989806293207 0.9032910686976818 0.7423446334344985 
1.6276477657274284 1.539681849668135 1.2601764979864885 1.1443023005296677 1.1146922637560064 0.9817951883144926 1.499602834912461 1.4036351418361859 1.0897780596421869 0.9534144787014145 0.9176656559322083 0.7506618446394422 
1.6171717850281986 1.5244843577325713 1.2497025968970739 1.1271932200697847 1.1069740101245784 0.9665399286999425 1.495483898506196 1.3947329727841422 1.087650720172285 0.944347427471103 0.9201189963756266 0.7452697110250022 
1.6035735906459083 1.5071378579403447 1.2335444430651903 1.105281934728425 1.0923626895024428 0.9451309473491015 1.4828249362001606 1.377964460222763 1.0718924497434479 0.9213955101024804 0.905857481183994 0.7215220290725779 
1.5916494114144015 1.4922147075792447 1.220202721213082 1.0873139222486807 1.0817638526294961 0.9292846267510347 1.4712439083496014 1.363053748946024 1.058350353075866 0.9019214791298688 0.8952227777798162 0.7034065016161068 
1.5835322931706952 1.4824197417986718 1.2132145158686654 1.0779068739341262 1.0786206003569745 0.9238052645847175 1.4613007917312713 1.3510713420372888 1.0486729432546833 0.8886555627882156 0.8895211520331824 0.6937158260227597 
1.5846478487128963 1.4830115244968296 1.2159630126078715 1.080176108507502 1.0844992262009274 0.929705840032432 1.4591159537303438 1.3480481236923296 1.0471277906876555 0.8858278542642529 0.89109434608823 0.6944519500947565 
1.5819958003987118 1.4806139212499525 1.2154781875785186 1.0802287238354478 1.0879475246900285 0.9344178336264564 1.452137436429197 1.3409735290449099 1.040855247514831 0.8791396462446452 0.8886069087505228 0.6921915266739112 
1.581915666037112 1.481015031515089 1.21724749301596 1.0828849469697321 1.092012739876985 0.9399149818859363 1.4483403292229489 1.3373997376901343 1.0377494852100095 0.8762832551028462 0.8875383703556933 0.6918617694118094 
1.5802753445364546 1.4805024621491887 1.2168971516729792 1.0841845108789416 1.094269395966921 0.9444802204545153 1.438881934471974 1.328532497619012 1.0266205406818092 0.8651977290942284 0.8778021233454668 0.682021952454472 
1.579255552498379 1.4797766956730196 1.2165766711954327 1.0843199554822183 1.0950286816777726 0.9459274721969757 1.4321521687645347 1.3216470041039552 1.0183665996569997 0.8560148948803169 0.8695398484813448 0.6721536409608745 
1.577994716919309 1.480335393289389 1.2159415884923297 1.0862041689412032 1.096098794190218 0.9501358411433861 1.4223811698083078 1.3131998104725915 1.0057906403547658 0.8443579585846572 0.8570492589257924 0.6601961695021032 
1.579299682722456 1.4830753497200504 1.2179013650732353 1.0902333420636383 1.0992302316836315 0.9558410471136141 1.4159955924533274 1.3078105837418696 0.997065577104761 0.836340104351842 0.8480348649950956 0.6515275415109096 
1.5807546045577854 1.4860192494011109 1.221297783438028 1.0959180469317222 1.1040033658601953 0.963478864112047 1.4117015406347904 1.3047487610994848 0.9928163958308909 0.8337580497906093 0.8443574786964583 0.6499289511866971 
1.5815415213088022 1.4886551833462847 1.2237520646044935 1.1010857309509374 1.1083034997796228 0.9711628694012967 1.4101349809942878 1.3051058715306434 0.9923589051466009 0.8364190743304221 0.8458981786383987 0.6560216459109869 
1.5827870146072371 1.4917915047114627 1.2265048627744164 1.1065899594381337 1.1119496136108373 0.9780895169304752 1.4133436238966413 1.3106362421088813 0.9983184081290348 0.8466798709838862 0.8536728933316848 0.6700631080199015 
1.5845216342619024 1.495383389677714 1.2294405060205271 1.112199006708786 1.115955835256938 0.9853020343651027 1.421456320413684 1.3213632140800688 1.0106202151372246 0.8641851028130548 0.8690147798766199 0.6932888000855127 
1.5853689486202132 1.498910980455197 1.231202893778747 1.1176761560170998 1.1179859158545604 0.9915805222618888 1.4337112797384137 1.33748549813789 1.0285883025045346 0.8895691766968773 0.8899583352321389 0.7248208485751221 
1.5839234605700618 1.5000891276268353 1.2303515789172783 1.120365507155696 1.117511416739999 0.9951309604389966 1.441623903015013 1.348974921792188 1.0407838183524183 0.9081215879078307 0.9045980960317349 0.7481654744936042 
1.5775841347218982 1.4958749776790305 1.2230236824061258 1.1156420458400802 1.1097153118373377 0.9901203563437325 1.4364869720697924 1.3462410882328024 1.034654554199729 0.9051962733276359 0.8978815022742366 0.7450244552001228 
1.5699098347266442 1.490522224393665 1.2144224482326733 1.1098925601207712 1.100362847596846 0.9837875830744359 1.430682294980769 1.3430902581030955 1.0281326873373107 0.9022729271187517 0.8905241919069017 0.7416690290226768 
1.560400184542145 1.4836894174183357 1.2022736851146498 1.1008849010496784 1.0877928534050774 0.9745659769144212 1.424340492339932 1.3398624517312068 1.0194896351210052 0.8976885136611474 0.8815840255580635 0.7373438448642262 
1.556730111862156 1.4835478365116375 1.1972648158107546 1.100431088809454 1.081986800833707 0.9737561189632443 1.4185961190481104 1.3378791017944636 1.011162374190397 0.8944019728390363 0.8716087109353372 0.7329442591482385 
1.5499953756278628 1.4805078818256119 1.191103146695432 1.0991563263466029 1.077376103163496 0.9747600686054799 1.4056218472504474 1.3286047949438387 0.9959989051538962 0.8839862797282318 0.85675339548073 0.7234945088580563 
1.550249001461136 1.4837232041493622 1.1904790365778182 1.102453135752831 1.0763023304496047 0.9780538259887591 1.4018231152792602 1.327882007759443 0.9894829036073589 0.8816115905154889 0.8486829717457809 0.7200176154312129 
1.5465067182531118 1.4845438503196897 1.1888293001108317 1.107024172600585 1.0766957137473938 0.9856272489749915 1.3899204787332295 1.3206310427678163 0.9764788847701776 0.8750419568923594 0.8363429724712285 0.7153020211924541 
1.550077390191938 1.4920305335964978 1.1933742510982253 1.1169410462438247 1.0816056447634923 0.9966373304187687 1.385423847558663 1.320156973614975 0.9699491868052934 0.8741948424603351 0.8285711149830473 0.7141045372942606 
1.548221846816938 1.4946499257221573 1.1953520886170945 1.1251018306185667 1.0852949942578975 1.0073989964563446 1.3752327272724607 1.314630201867145 0.9608021559932357 0.8718533686700133 0.8198410771370571 0.7135312924190852 
1.5544350916525913 1.5058261689056278 1.204012322761275 1.1405655045463194 1.0942003530254412 1.0239718791846777 1.3763748466028431 1.3212311361608915 0.963215935063888 0.8826261577593314 0.8218355533566312 0.7257118392041018 
1.5550291065489545 1.5102952153186606 1.2063810146941305 1.1481425293988723 1.0966084365052275 1.0321948353941905 1.368240704706025 1.3171783255180143 0.9535839010881214 0.8787481844160135 0.8102574694592083 0.7206894490794492 
1.552667806078441 1.5130089855623594 1.204098243679659 1.1525065964203587 1.0936298116055723 1.0365544072514667 1.3555741230314335 1.3099618610449846 0.9362993471280646 0.8689507130973769 0.7891958260358705 0.707989354575646 
1.5528408801279319 1.517387608475992 1.2051346572879271 1.1590944299566321 1.0943634704230993 1.0434470569973784 1.3461414088410215 1.3050850730724377 0.9236511439913285 0.8627176775495503 0.7735717801190074 0.6996882551225867 
1.5525336583947416 1.5211884443975243 1.2031142135510495 1.1623843313502469 1.0903458081033561 1.0452308377428217 1.3392412065974373 1.3027741678313092 0.9114219987736526 0.8569384941572877 0.756346633659832 0.6897200542021089 
1.5531560113879868 1.5238519533966022 1.2021295569574189 1.1640217574730465 1.0879381175924667 1.0456770667231063 1.3353040512597272 1.3011026437105722 0.9032490162245624 0.851874383621576 0.7445486292450211 0.6813103855590635 
1.5498743444444942 1.5210804574601735 1.1982710576356461 1.1607880090986682 1.0834406728415036 1.041834423537277 1.331877260023329 1.2982574129452336 0.8986879768680842 0.8480656544556266 0.7386678846188253 0.6761697407214036 
1.5468205448530736 1.5203186295048678 1.195434862959735 1.1609390375121167 1.0808787652551788 1.0425995599555755 1.3255788023273307 1.2945555601902765 0.8908253896132284 0.8439696748222416 0.7299344274519185 0.6719517881660559 
1.542614767971411 1.5176331271830785 1.1952349516155767 1.1628140762492902 1.083162470160174 1.0472778633789077 1.3169538931046487 1.2876014689815674 0.8850388826280402 0.8407400371836053 0.726600420426172 0.6719361259252922 
1.5415278073474414 1.518903679311302 1.19410204724111 1.1647489452347275 1.082864598010947 1.050407608419422 1.3138601497211986 1.287240808561246 0.8807952153738178 0.8405716017243325 0.7228528548919274 0.6732582387356354 
1.5430493484491186 1.522400101402141 1.1953221579763549 1.1685443245120186 1.0846980920741265 1.0551164523166388 1.3125229509419063 1.2881837111799115 0.8777871418226916 0.8409584076214769 0.7199202427694682 0.6745264508892517 
1.540914246302681 1.5241131582328655 1.1931666777355794 1.1713884605452454 1.0836412724045534 1.0596143694281235 1.3080453796633202 1.288210743589169 0.8719017844106984 0.8418532688649253 0.7147338022358813 0.6777526191012174 
1.5368849775255664 1.5233139294392868 1.1820407988490753 1.164341162900187 1.0701604861625944 1.0505776314122437 1.2924934107931694 1.2763264121782327 0.8400858485558247 0.8149933290670298 0.6736224825106122 0.6420569619774869 
1.5354004988138958 1.5236243920855166 1.1800517041884058 1.1646882076152227 1.0699122568500465 1.0529429394596652 1.2875831203296975 1.273517525657955 0.8324287504393155 0.8105024496927571 0.6671790144765947 0.6396127216980289 
1.5439526150159402 1.5333739003304314 1.1936095230076542 1.1798938656568057 1.0875387760510244 1.0724674494895219 1.3089389702406145 1.2964440090549842 0.8684671806202927 0.8495181484904016 0.7157318910140585 0.692616763163122 
1.5458535827148572 1.5352729465448025 1.1958700745450401 1.1821611380824357 1.0931027633266508 1.078087831483298 1.310004642813284 1.2975021716330035 0.8698011842900424 0.8508547592817238 0.7220266727707227 0.6990867166470554 
1.5484422137325502 1.5387577719670373 1.199496525576027 1.1869684521456163 1.099352746150643 1.085669679040987 1.3114058531472856 1.2999567312756837 0.8722980782215217 0.8549889641328478 0.7284836874419083 0.7076656515537262 
1.5492395681710946 1.540854037768328 1.2035582277509302 1.1927448736871435 1.1077350114476658 1.0959766337413221 1.3100089924069072 1.3000813383427055 0.8743756219079762 0.8594304243549679 0.7369241319070504 0.7191280152427383 
1.5544057410943255 1.5468303017289904 1.2105414350392967 1.200798626059757 1.1182893382067987 1.107735446010012 1.3143035889576653 1.305335473488329 0.8812645924732253 0.8678329656950119 0.7495250228958336 0.7336855827580365 
1.5543346058404703 1.5483987445465235 1.2115559891780692 1.2039312771554902 1.1212330011702518 1.1129896891315973 1.3148675430298105 1.3078452740723001 0.8836223761954254 0.8731386538879434 0.7550390928377483 0.7427426451424813 
1.5603515628212796 1.557156422328473 1.2184300306537137 1.2143355646602836 1.1296939760832618 1.1252766786878725 1.319918228527362 1.3161395267975238 0.8899768929577946 0.8843630442294668 0.7639997447635763 0.7574527932477441 
1.565932449445534 1.5647232538907605 1.2262862505249295 1.2247417659517006 1.1389352484783715 1.137272142130673 1.324526901586559 1.323097100770193 0.897777837232848 0.8956670531321838 0.7742096466891187 0.7717609746977947 
1.574943849879738 1.5755033016639508 1.2380596739551815 1.2387712781437945 1.1519103186767667 1.1526751084126048 1.3311904830917363 1.3318523287339368 0.9079712155536707 0.908941280586381 0.7864587428937453 0.7875784897735654 
1.579682855800369 1.581622523685601 1.245238538477512 1.2476982408537771 1.1596041525061949 1.1622451002390204 1.3364949269299937 1.3387869779130694 0.9173002684560874 0.920636554254506 0.7971841414062437 0.8010208722808726 
1.585208472927066 1.588958193232207 1.25196359125965 1.256708029352785 1.1671507550611273 1.1722385091097118 1.3428817560156814 1.3473060705866948 0.9262064250693579 0.9326095533714847 0.8078900872270682 0.8152230555128822 
1.589955583138375 1.5955738407585185 1.2587953102680713 1.265884180370736 1.1747400520765818 1.1823329966269611 1.3484102181283297 1.3550303470080993 0.9353165203036296 0.9448354979110861 0.8186974715686436 0.8295557093486187 
1.5926842067714615 1.6006906697607879 1.2626971798888442 1.2727811303830836 1.180028166485546 1.1908123745826795 1.353400874574581 1.3628138409405888 0.9431092794046936 0.9565682153716171 0.829166701272573 0.844443637112176 
1.5957813547447564 1.6059601878163139 1.2665263438835412 1.279327546975758 1.183427863180097 1.1971179975470299 1.3598511173474137 1.3717817078715584 0.9522425683359309 0.969203746201494 0.8385573543598613 0.857769449940373 
1.6004232917941303 1.612254533042832 1.2736021814197558 1.2884380011925913 1.1910908614027564 1.2069413434451404 1.3654844559046286 1.3793323623105347 0.9619020755342822 0.9814609362155785 0.8496414105475085 0.8717227156138355 
1.6054012403736986 1.6189655213602945 1.278790758722243 1.2957785386991907 1.195502231948318 1.2136563777912635 1.3723427875692757 1.3881862062970554 0.970215124904477 0.9924986676834433 0.8574597195165556 0.8825946903043379 
1.6141213639776284 1.6301627409706674 1.2874077733371816 1.3074637888863307 1.2022382842219757 1.223691005298723 1.3834848128002706 1.4021672552334832 0.9828841358212065 1.0090114017438057 0.8683428710187007 0.8978096268413476 
1.6176261574118693 1.6361904503947853 1.2919924078504061 1.3151612778526787 1.2055457099351687 1.2303435550947102 1.3894399279361054 1.4110096095218805 0.991500534615635 1.021507765493288 0.875882062233889 0.9097110485000663 
1.6242776067962674 1.645366091913836 1.3006268642234828 1.3268692748043456 1.2127465753156386 1.2408489385980106 1.3964355676291729 1.4209096125439542 1.0016909655875958 1.0355368767068656 0.8845952783843071 0.9227462484452644 
1.6313123419194253 1.6549370649479818 1.308714196797238 1.3380469277789324 1.2194952320114416 1.2509218012884098 1.4046089944531326 1.431978756594748 1.0121656580316485 1.0498171513833443 0.8938205028408333 0.9362434637094349 
1.642357605575074 1.6681869784620338 1.3208135098454628 1.3527962220195215 1.2307075326779675 1.2649704824660102 1.4147448535302365 1.444649539199833 1.0240668063121126 1.0649986452152367 0.9048787360692537 0.9509546874117032 
1.6506286387134934 1.6789657830167832 1.3315368950731934 1.366507116901028 1.2415337703587288 1.2789672789173148 1.421219041154867 1.4540339612750315 1.0335759105847815 1.0782533842011164 0.9147102070826367 0.9649072289817089 
1.6518763464857047 1.6821710914288592 1.3329364693333887 1.3703006049910946 1.2417192430171 1.2817452146347026 1.4265957485142595 1.4615674963678413 1.0407687528355951 1.0882112449515307 0.9210573511345316 0.9743463248963172 
1.6473708496502206 1.680002899907405 1.3266452637677075 1.366955260166656 1.2336251762497756 1.2768751320694167 1.4306508418469162 1.4681079179329053 1.045427554102765 1.0961285500785436 0.924533498839977 0.9814994742216064 
1.6545932855859928 1.6889053805664338 1.3350427630253086 1.3773386013999065 1.2403166279245998 1.2857323910154284 1.438574916612357 1.4779107667603784 1.055536844030681 1.1085488139483304 0.9328473548798056 0.992434698761712 
1.6581681191912507 1.6946578143100894 1.339744475899136 1.3846511679127889 1.2450960966536881 1.2932934261033922 1.4416536029512255 1.4834785832637591 1.060074931362048 1.1162895933413741 0.9376075347938764 1.000725479540843 
1.6635363173220508 1.7002558651948272 1.345269520895129 1.3904197250936172 1.2492690537467939 1.297763497995459 1.4468701379354716 1.4889426194885451 1.0657533489740532 1.1222063664626976 0.9416757858463869 1.005121989476606 
1.6652897058763798 1.7012396903604852 1.3481885997507321 1.3923502361323603 1.2520811461314478 1.2995129380109456 1.4482553822782223 1.4894530311016323 1.0685814654474592 1.1237851342039722 0.9444368927026516 1.0064729126299623 
1.6690964811342812 1.7035727514887176 1.3526353994091829 1.3949550458759736 1.2560291016273628 1.3014938188154563 1.451158043265736 1.4906833073509744 1.0721936051547967 1.1251116314458933 0.9474099995961831 1.0069075248575907 
1.6717294190271015 1.7052402183037703 1.3565297192618708 1.3976186285681407 1.2592250108859377 1.3033850466077512 1.4534517846976178 1.4918736682845133 1.0761113879337445 1.1274664832804078 0.9505211560195227 1.008293320279714 
1.6754473957367 1.7084671014745616 1.360651233006052 1.4011094314224317 1.2626090368284593 1.3061077447212728 1.4557975920714012 1.493680852799851 1.07870034350643 1.129305225358003 0.9520526419693871 1.0090292830343874 
1.677936957035335 1.7104311598497612 1.3633389438378851 1.4031376969438887 1.2650990948479095 1.3078906837289574 1.4563590308660155 1.4936813407099252 1.0789820530411987 1.1288510050422953 0.9518323984741222 1.008011525521906 
1.6805832102658915 1.7128839841937953 1.3665429399135653 1.4060765353662688 1.2679367518246365 1.3104484817449367 1.4564229570518346 1.4935794074998523 1.079003016598012 1.1286536787286037 0.9510370706905225 1.0070169444987556 
1.6451609546479031 1.6773512975217804 1.3173697926922416 1.3573562462736155 1.2124536175450176 1.2557852456921128 1.3557066027345295 1.3945942783827847 0.9310472580368839 0.9868139669147371 0.775518923494456 0.8416545664926912 
1.648342201836515 1.6793681469097985 1.32139081060648 1.3598966993324346 1.216876055461381 1.258583605826506 1.3571085182678835 1.394628584554056 0.9331587165939403 0.9869298601497727 0.7781380663836269 0.8418694725759153 
1.6538524101187022 1.6840410612854546 1.3281755778719317 1.3655829770817443 1.223568574643628 1.2640753769041781 1.3605708113345076 1.3971111030606838 0.9380700953849025 0.9903241921186415 0.7829720269942215 0.844873775599314 
1.6947157560983759 1.724634231101798 1.3825037171624857 1.4190201778297904 1.2841859530333175 1.323418036407276 1.4580296804825648 1.4926996637931187 1.0794005665961504 1.125791863662236 0.9502224040550139 1.0026087742923908 
1.6989692055242673 1.7288838233611188 1.387079801208193 1.4235635877191297 1.288978474808544 1.3281597877814852 1.4595613131759009 1.4942764604582917 1.0806540799533217 1.127100773613327 0.9514664335223603 1.0039080074786533 
1.7051737304810586 1.7338951494259074 1.394012439084634 1.429001615955241 1.2962737324819515 1.3338292722843843 1.4610204727938243 1.4944416214769616 1.0817735673987834 1.1265029912089406 0.9525171706182993 1.0030273667266962 
1.7120751382872454 1.738623536427967 1.402676631280813 1.4349607152188137 1.3063789131570096 1.3409833656765806 1.4626191305809215 1.4936081291360497 1.0842302218354227 1.1256845456082667 0.9563886797433824 1.0031399847585032 
1.7210785320281612 1.7458509653083822 1.413475245134562 1.4435361264160347 1.3183172394413305 1.35049791686926 1.4662207681001556 1.4952215957737538 1.0888545798260714 1.1276030221971782 0.9621082949482405 1.0057517839249457 
1.7286046407487776 1.7536507490085391 1.4222103295990403 1.4525491961025658 1.328840291087763 1.3612617179287054 1.469114579880756 1.4985041188792945 1.0922023010496773 1.1314251243004152 0.967491686795401 1.0115617180865486 
1.7357420398709165 1.7608947922221958 1.4305806027537387 1.460996543895724 1.3385466794158691 1.3710059275128061 1.4734794613347177 1.5030275324408564 1.0976803519127278 1.1370365848446786 0.9747043177165319 1.0188221372129924 
1.7390121586699732 1.7640499929429438 1.4341484460131733 1.4644080219672384 1.3435351586028554 1.3757891597196135 1.4761937601825852 1.5056085504545995 1.1008026593363591 1.1399454304491947 0.9798323591319078 1.0236115188888801 
1.7419777124515141 1.7665717561078038 1.4367127585839174 1.4664354637957342 1.3467742018162547 1.3784375827282895 1.4801362959801405 1.5090039342154844 1.104744610612702 1.1431316955967104 0.9849456100099182 1.0278167509229503 
1.740347389942505 1.7634391642128429 1.4340314479395806 1.4619695078488093 1.3442344399990984 1.3739995916592151 1.481022726928824 1.5080905032124863 1.1050183137304515 1.1410408064042628 0.9856903721147376 1.0259113791549883 
1.7361096119502393 1.7577682934010417 1.4282778835737848 1.4545275869800511 1.3385254426816138 1.366500329047165 1.4862783506820014 1.5115211292886415 1.1112715526395922 1.1448131953668295 0.9932759494249371 1.0306647856049076 
1.7279766629728077 1.7484939630603933 1.4168339230053182 1.4417857526202151 1.3262913190467016 1.3529140601156602 1.4915621605480074 1.5152839568406444 1.116365843430656 1.1478678005147807 0.9989509467329414 1.034036162355379 
1.7175991343158654 1.7362823818038962 1.4036736164089607 1.4264744458147893 1.3128102591778488 1.337161358910214 1.4975621971065545 1.5189543302425557 1.1237639295700008 1.1521176556943349 1.0079764504206485 1.0394932648952615 
1.709374776914533 1.7264828013425475 1.3928230669943724 1.4137668942692108 1.300931229524301 1.3233301928587626 1.5069017411734615 1.5262809678861917 1.135229855822868 1.1608305478973275 1.0203983504257588 1.0488057632048031 
1.697584806973204 1.717787766508497 1.3758830377856435 1.4007336533282302 1.2824255184868436 1.3090515056200998 1.5084972074439682 1.5311970672536734 1.1343825552547298 1.1643987356426708 1.0190117067366056 1.0523238533675126 
1.6788682247004496 1.701599100419614 1.352974456783586 1.3810796006562547 1.2580867877490962 1.2882636951140243 1.4929879514278874 1.5185038708376215 1.1139813229623017 1.147952686546288 0.9965926312736012 1.0344263411905363 
1.6640400963497721 1.688687230975517 1.3341282372619805 1.36474659745308 1.236773441119981 1.2697415746756342 1.4806944547946954 1.5083405418736713 1.0969616126646182 1.134001720219048 0.976235202632931 1.0176788750189127 
1.6524453060797624 1.6789455508934885 1.3180170781841332 1.351092776853255 1.2182215181095102 1.2539323508327869 1.4750684298652181 1.5046958317430934 1.0873915585404552 1.127254662826923 0.964009880854465 1.0087604887509423 
1.6617790665044048 1.6894892952523408 1.3289820932850263 1.3634727049604807 1.22870615798581 1.265931765764747 1.4772373146763693 1.5083416379495231 1.0894557458989558 1.1312728385196253 0.964592784895393 1.0115847238725237 
1.6692672625912126 1.6972013525326806 1.3367964615298622 1.3715188721409415 1.2360815042539712 1.273552795230241 1.4790799184488848 1.5105352171461477 1.0900683422422468 1.1323816617372253 0.9639095893073998 1.0115141785653625 
1.6695852795926778 1.6970111178517837 1.3393692274472189 1.3734051316754863 1.2400356966767367 1.2767224668315975 1.4752409741572936 1.5062096999131829 1.0875342998878519 1.1291866903716852 0.9625536115108394 1.0093766310513435 
1.6720013914814218 1.6988157583492716 1.3401762919540885 1.37348419037709 1.2391117842696073 1.275062485377015 1.4775208319058686 1.5077977770297348 1.0879115998626958 1.128688609323143 0.9606649621568437 1.0066099031977631 
1.673071813689825 1.6993158583863568 1.3412591267027265 1.3738563017154888 1.2400098693814336 1.2751978548301282 1.4779606904662113 1.5076050196796773 1.0881978467922826 1.128131041396947 0.9606367601561789 1.0056480884302224 
1.6809763445262518 1.7065376312454523 1.351283370006765 1.3829519015702751 1.2504541979844124 1.2846108038066781 1.479023911793464 1.5080122504995905 1.0898610034572482 1.1288871612596363 0.962011414722736 1.006009531792239 
1.6925972188814709 1.716915099608973 1.3649066603124516 1.394948853996192 1.2637175939921426 1.2961073532949692 1.481938210036198 1.5096532622643155 1.0928063434869373 1.1301052244217307 0.9634509174655915 1.0055594384546793 
1.7002685455993238 1.7230671800235882 1.3743009332582292 1.4024087973463515 1.2731712308854768 1.3034616844673417 1.4834408544847484 1.5095178529830116 1.094708498530289 1.1297938203382245 0.9647013137517956 1.0043385905532258 
1.7154861598573157 1.7364824222726818 1.3914941021297935 1.4172982306000386 1.2905603542113016 1.3183415589527625 1.4872157147710616 1.51138645635787 1.0978040143222285 1.13033273511033 0.9666767016236607 1.0034651382394906 
1.7302463051661199 1.7496865806712383 1.408199435783515 1.4320183326274178 1.306991256795932 1.3326203508055137 1.491787280191452 1.5142919610765322 1.1021355015337315 1.1324104899642224 0.9694860278214483 1.0037699000174343 
1.7394485170330167 1.7565669084917777 1.4186713923274692 1.4396092108653515 1.3168325236750344 1.3393633024718723 1.4949239664305207 1.514808181258723 1.105325762573351 1.1320738500682543 0.9711665240360996 1.0015041577588981 
1.7449401630698544 1.759939323355851 1.4247099623061004 1.443041484467529 1.3214941773213569 1.3412371564694476 1.494945569676117 1.5124260330655017 1.1044657352286895 1.1280136566080439 0.9676739865751532 0.994466285750427 
1.7480011058993898 1.7615005589058124 1.4277990981316278 1.444294505087342 1.3235663727314508 1.3413442122831447 1.4962489092478863 1.5119977351919183 1.105379209513862 1.1266053211420095 0.9669957989699284 0.9911898042380632 
1.7397661347539903 1.7538699751226827 1.4167781520184592 1.4340620691019061 1.310667669715264 1.3293319474220275 1.479359421383742 1.4959204469612815 1.081193056783496 1.1037445864133786 0.9378527786581644 0.9637642452575421 
1.7338458737389664 1.7486316089907674 1.408869979906464 1.4270268429015762 1.3008741855697037 1.3205168066941215 1.4731076974483706 1.4904822301395075 1.0717926080551405 1.0955502657393863 0.9252558678990584 0.9526748716963411 
1.7314522491891742 1.745980905600703 1.404581116213033 1.4224522992080437 1.2936540699979457 1.313035903668384 1.473180074268672 1.4902288289797143 1.0701311844919996 1.0934821368098568 0.919713810281356 0.9467818779012672 
1.7322512596517976 1.7469581907891327 1.4059188322820204 1.4240000901563314 1.293816764215567 1.3134421620936492 1.4751438573119708 1.4923866434557902 1.0732952697954277 1.0968733883020592 0.9215838499915456 0.9489390319537075 
1.7313934089824559 1.7458756767559054 1.4046086774144215 1.4224219763093826 1.2915602721777601 1.3109106295579 1.4786371779675669 1.4955690041211374 1.0777617102439159 1.1008764899333123 0.9256201726776974 0.9524344838821671 
1.729252688117315 1.742610792713324 1.4011397538293457 1.417593074644822 1.28632464026814 1.3042272024769916 1.4785158637501865 1.4941173564619883 1.0765160982358601 1.0978453558133585 0.9221308910132878 0.946943977055116 
1.7322387941473194 1.744878750615343 1.4036462160918468 1.4192157391844835 1.2877712840209474 1.3047242982135956 1.4816240271907577 1.496382428508488 1.0792503036594243 1.0994234090417392 0.9235331060384137 0.9470290451453744 
1.7314181261354087 1.7432606108411473 1.4031419256476694 1.417729203095658 1.2861015976625836 1.3020008253876991 1.4821570107482707 1.4959740085677458 1.0806423740119808 1.099516607564547 0.9236005611249107 0.9456145231066674 
1.7326533012882295 1.742923499888908 1.4042002883011384 1.4168533140960642 1.286748210360131 1.3005444324839501 1.4828701186769528 1.4948574021842354 1.0810156224888705 1.097401312221286 0.9233294554301841 0.94246068738436 
1.737706451217308 1.7485848984828418 1.4093566124307395 1.4227478685987374 1.291200964761973 1.3058044907267894 1.489353484704773 1.5020317037274047 1.0885017927418632 1.105785507864093 0.9304568894915283 0.9506184617406975 
1.7402160997074156 1.751486656649399 1.4111340805468804 1.4250097641844035 1.2922589496230583 1.3073968898620227 1.494832133746425 1.5079378444819567 1.094289919391059 1.1121258303001915 0.9360043949046876 0.9567955173499143 
1.7420633612440424 1.752638555392666 1.4137752673564814 1.426785778541716 1.2944320216175473 1.3086295923021496 1.5004169926353441 1.512682485867041 1.1023733050962774 1.119010301583006 0.9444684514523977 0.9638349480325404 
1.7480666356854622 1.7582340897209023 1.4186045829605551 1.4311146405011341 1.299669559079034 1.3133130298054192 1.5113108465159277 1.5230596266255272 1.113895181243141 1.1297843273194623 0.9578436588487131 0.9762758965869689 
1.7508460011629376 1.7602538156437124 1.424549643848276 1.4360966066000747 1.305058211647377 1.3176527279553782 1.5213457741710954 1.5321634182711221 1.130651552242445 1.1451657994754516 0.975811549730915 0.992592542934033 
1.7583894362775159 1.7670868884161752 1.4329756972162366 1.443634999025848 1.3149740712319615 1.3265818744473934 1.536657237972203 1.5466021235638983 1.150131038713572 1.1633847462522275 0.9992691656467539 1.0144957008348334 
1.7696734059235337 1.7777805589084947 1.4444375942327865 1.4543588675540162 1.3270478377334407 1.3378399439518167 1.5565632408074526 1.565774209339584 1.1736886821610746 1.1858772595142382 1.0257685521758795 1.0396926827832347 
1.7700416407914843 1.778371422351307 1.4478294840677233 1.4580012759376482 1.3317749583678955 1.3428261411797917 1.5554798859952546 1.5649521339120283 1.1758743472564617 1.188376197269118 1.0296090546104428 1.0438641247958518 
1.7733188271649545 1.7814888625971508 1.4531133454681673 1.4630725544407188 1.3351645017666138 1.3459967130560497 1.5585159614125517 1.5678057618077854 1.1814612706211278 1.1936890879779751 1.0329455871330735 1.0469094950174491 
1.7807940202288866 1.7890529828160373 1.4612350123381794 1.4712888887376807 1.3386889482187263 1.3496560054039546 1.5663031476961793 1.5756867656114142 1.190498202133443 1.2028171939754435 1.0364199477446194 1.0505472578246824 
1.7798256629749698 1.7885476866285368 1.4616888441061218 1.4722967478549596 1.3383362370436998 1.349913819524895 1.5676391003621626 1.577534717761955 1.1942559337865106 1.207216083451629 1.0396426510028771 1.054504755107482 
1.7753873664000765 1.7849628813992184 1.4558298855199394 1.4674920247732184 1.3319691777113312 1.3447059446484946 1.5691467511909138 1.579972694059299 1.1956846915357742 1.2098570447672732 1.0413275740001315 1.0575704721544563 
1.7737847050485018 1.7846458595093875 1.4505262365996694 1.463787903715562 1.324628425734553 1.3391374575688637 1.5758090682135322 1.588024837168487 1.200370110700862 1.2163622267499101 1.0447499728949505 1.0630856832184319 
1.7718280083436313 1.784493921399274 1.4493912466794325 1.4648477908339008 1.3236967178137746 1.3406032467180435 1.5797444605856226 1.593937459598387 1.20704310426387 1.22555992097937 1.0528015341701207 1.0739809750228166 
1.7681112634219291 1.7818410798215116 1.4424800089566199 1.4592767969578253 1.3156776932970666 1.3340719570321122 1.5889501461781266 1.604214063315582 1.2162621853200444 1.2361366823047886 1.062804271650942 1.085492106714503 
1.764718801266774 1.7790336970795242 1.4375647617914262 1.4551016775966004 1.3099987637950046 1.3292197745085046 1.593964253659548 1.6097982761030776 1.22191736166749 1.2425017048456874 1.0689183109781775 1.092389492509169 
1.7613991206232504 1.7764924179777295 1.43035701687808 1.448902910733621 1.301369528355555 1.3217265595925507 1.597092828401768 1.6137236292291066 1.222333766257138 1.2439848411987824 1.0685229476863656 1.0932244685938748 
1.7470835995273066 1.7623146965276348 1.4152692805742977 1.4340289824118932 1.2876025354655412 1.3081942803717228 1.5888524172298981 1.605585248312057 1.2145526075626736 1.2363616066496443 1.0630480653937007 1.0878985132802093 
1.742724581226767 1.7575013100114636 1.4091234448450607 1.4273579689384197 1.2816765893204145 1.3016976485697478 1.5862665283022304 1.6024866263067565 1.2102815439442223 1.2314638867185714 1.0591729851218876 1.0833140362295737 
1.7449815660436674 1.7589523938902412 1.4109445013295916 1.4281866978697881 1.2848422571787597 1.3037532297072978 1.5872856913083446 1.602631811731007 1.2104873340238673 1.2305415246842382 1.060817998448466 1.0836455527395523 
1.7457279855451966 1.7582998546652076 1.4120462477963285 1.4275597309099506 1.2873639315732324 1.3043611737995309 1.5879753145171023 1.6017858093127464 1.2115997713418776 1.2296447394738408 1.0636753697983656 1.0841851648660803 
1.7485348742273459 1.7594142145695084 1.414233058441656 1.4276621854028495 1.2900297674043184 1.304737894302622 1.5932892662631104 1.6052211243405814 1.2170668113087466 1.232645851503683 1.0702211362093537 1.0879050751004151 
1.7499400544792272 1.759337707579406 1.4165488517770082 1.4281420183268752 1.2937596317209623 1.3064428650770612 1.5986934967875364 1.6089747890227368 1.224802576691754 1.238192362644335 1.0804372666058681 1.0955928359161353 
1.7473860760820004 1.755260856734762 1.4130959145384472 1.4228220689830653 1.2907724619332603 1.3014131260999522 1.5964676562602984 1.605083036414394 1.2215526768360216 1.2327909468296927 1.0777033112528003 1.090425147997445 
1.7441837095607677 1.7508117625082258 1.4090387173875527 1.4172350271345822 1.2862250664238977 1.2951988019362741 1.5924714068067787 1.5997281633256197 1.216214814865022 1.2257012241721714 1.0715238169528292 1.082279217825585 
1.7424198948010896 1.7485866887399777 1.406661558370968 1.414293130167378 1.2839721141047573 1.2923284056456548 1.5884753377999419 1.5952373544518819 1.210753298074649 1.219611359015092 1.065744434092264 1.0757971542250147 
1.7379342838076357 1.7439409672904527 1.4008849370429963 1.408329907867457 1.2774034753491004 1.2855637523646812 1.584424032837788 1.5910103828680566 1.2051815414425993 1.2138274467130654 1.0591239681141957 1.068951870943664 
1.7334306334535685 1.7396947856895015 1.3944517154047464 1.4022309984290178 1.2699902882287093 1.2785270894882284 1.5815900511179373 1.5884531079497561 1.2004752872905131 1.2095028324709456 1.0533378664964248 1.063614990189232 
1.729839331711246 1.7366129429424422 1.3909140016317365 1.3993291821423615 1.2659821982694741 1.2752220694432832 1.5769151278794968 1.584342677767411 1.1953907172699685 1.205171924247827 1.0473911081039449 1.0585407566056253 
1.7292732151633095 1.7360494503847665 1.3873774958104408 1.3958145139599494 1.260699035884953 1.2699779134226115 1.576965116190352 1.5843928866229016 1.1921616672587867 1.2019697510258942 1.0420149634632172 1.053222210922866 
1.7291514519456184 1.7354783938054774 1.3863072665775218 1.3941909298821449 1.2596623559373519 1.2683334587424713 1.5763863271944603 1.5833238342694271 1.190326403204449 1.199498836083487 1.0400857463525015 1.0505707360124021 
1.7224411931721821 1.7284239714480965 1.380787489057027 1.3882434408548128 1.2544172017061987 1.2626196090178585 1.5703576111626327 1.5769174956466208 1.1856616097927815 1.1943363069405577 1.0357518423524092 1.0456709042889212 
1.7196856211108589 1.7230966975000097 1.3774743532477982 1.3817305045975645 1.2503295854515482 1.2550169981858572 1.5699730367924922 1.5737086546548062 1.18529839899303 1.1902419452092252 1.03480470285723 1.0404635344573303 
1.720209408153987 1.7217077261026303 1.377228395547191 1.379099394431558 1.2484879571311411 1.2505515844304425 1.5716051671146574 1.5732450182732154 1.186414955612702 1.1885863591348715 1.0341878806587756 1.036678184742734 
1.7185329645065759 1.7191644166326152 1.3758510893609672 1.3766397355211566 1.2466024266363995 1.2474727858417431 1.570092077330422 1.5707832035694043 1.1852425073780302 1.1861578910987187 1.0324006931883376 1.0334514660184868 
1.7176122189638263 1.7174205392896171 1.3747206011164013 1.3744811039711822 1.2442196138680017 1.2439549917797827 1.5706529393643396 1.5704433227512031 1.1860082851033715 1.1857306719377043 1.0319115120657585 1.0315924305528033 
1.721245022401009 1.7211594215935517 1.3745651681678281 1.3744579764184315 1.240587464042842 1.2404686950262993 1.5762042235510758 1.576110745392039 1.187924546736976 1.1878005119296124 1.0299478545733516 1.0298047924438154 
1.716510879846673 1.7167199992520619 1.3739400615136017 1.3742013127020363 1.2417048701813165 1.2419939371156368 1.5690536563903732 1.5692824257704536 1.184580545438764 1.1848835486375864 1.028275624836065 1.0286246719926562 
1.7201764616597595 1.7191972995116906 1.3773774611370297 1.3761544120658444 1.244821995969018 1.2434685750143788 1.571600600422477 1.5705288098752885 1.186629705699419 1.1852098353659954 1.0298073556002065 1.0281709415502318 
1.7218430999138685 1.7204694094115713 1.3802718211718301 1.3785578073918412 1.2472017559003838 1.2453046004576553 1.5719667131084551 1.570461930490835 1.1880597572180451 1.1860680059427453 1.0304600459605409 1.0281630387837328 
1.722721103499603 1.7214653859729188 1.3814058927204884 1.3798395975992608 1.2479273057525786 1.24619325752585 1.5722238248553833 1.5708478061552908 1.1884452008582012 1.1866242328988947 1.0302632262887432 1.0281621419323366 
1.7265212388960092 1.7252473046896815 1.3832585521004415 1.3816681569534017 1.249073406793616 1.2473119295264559 1.5756474620799572 1.574251440761294 1.1896190812016298 1.1877694356814414 1.030521087585795 1.0283853295039802 
1.7246734085456177 1.723918769334669 1.3835546143699422 1.3826138029342683 1.249989782255983 1.2489483627693978 1.5734125475997578 1.5725853242556858 1.1896856936789482 1.1885914381587812 1.0313113664380704 1.0300488782889674 
1.7248479678630377 1.724576046552094 1.3835024887007796 1.38316346262517 1.2496334823624287 1.2492581271863914 1.5741964280995082 1.573898479045345 1.1904087609897913 1.1900147252623599 1.031783757500209 1.0313291183425637 
1.7244021086395829 1.7247036526779433 1.382672402082518 1.383048454957613 1.248410745980921 1.2488272290275544 1.5749961372272125 1.5753262803497694 1.1911478377937141 1.1915843355636395 1.0322691464345142 1.0327727959046173 
1.7225656751907283 1.7233303104817979 1.3801896567302951 1.3811438528355002 1.2460215695345285 1.2470784279367877 1.5750208815584923 1.5758571099643806 1.1909583370316905 1.1920640143152086 1.0324863310210406 1.0337615186421334 
1.7223444840457698 1.7235612047278417 1.3795362751747016 1.3810550456961843 1.2454541610685192 1.2471362283419118 1.5765623946177612 1.5778915326608762 1.1925597666041272 1.194316332318574 1.0345214012880013 1.0365458187860728 
1.7220903114764334 1.7237423529289404 1.3780120780606389 1.38007606517938 1.2435799345763827 1.2458666510028271 1.5788309856602762 1.5806327655976893 1.1941647824655524 1.1965459398121745 1.036148297340202 1.0388916942978221 
1.7198507638636122 1.7220844887409708 1.3757540880412642 1.378545482442364 1.241677692302737 1.2447697891426552 1.578926969610137 1.5813597667078323 1.1949154933141715 1.1981282788425662 1.0377317654202602 1.0414295719645423 
1.7198333033335644 1.7225531996473258 1.3743411055684975 1.3777432303645119 1.2403068481852546 1.244075565235183 1.581977656243994 1.584934143494688 1.1973471460087255 1.2012506492881658 1.0407630812318625 1.0452515130891895 
1.7192187738270226 1.7220883940376843 1.3736960436280257 1.3772857600655322 1.2391494374284688 1.2431277379574839 1.5843791646191547 1.5874925454562898 1.2006602205783659 1.2047656244595004 1.0440476393725002 1.0487662837254497 
1.719754013858831 1.7228638345103073 1.3734068036032003 1.3772988681704346 1.2383454074625382 1.2426605619651572 1.5879792542043993 1.5913466108499306 1.2043132863933537 1.2087499393437668 1.0476753274672264 1.0527723001027147 
1.7174272456144426 1.720785902725499 1.3712508444405096 1.375455072846369 1.2356325881016614 1.2402966063884922 1.588713375653019 1.5923435461667217 1.20614374117632 1.2109213448522615 1.0494006569365248 1.0548883911669567 
1.7166418752970698 1.7201231417382419 1.3701452721603795 1.3745044057926625 1.2342703454362987 1.239107574161114 1.5903683919216456 1.594125439463106 1.2081847378705959 1.2131259850252323 1.051587171671203 1.057260551776827 
1.715425259842585 1.718883669160307 1.3690938996672215 1.37342468017216 1.2318840489697072 1.2366954176780958 1.5899307050642173 1.5936614737471693 1.2081448302691198 1.2130503604162524 1.0501114868936536 1.0557515715858536 
1.712644519630726 1.7160418342631278 1.3654371338956475 1.3696959125810226 1.2282116603505928 1.232944527925389 1.5885440575008174 1.5922061892045138 1.2061258386342446 1.2109450296942301 1.048248469887345 1.0537899130951862 
1.7119091658139491 1.7149960890677889 1.3650990223415336 1.3689682006233055 1.2267370417484793 1.231041170358575 1.5891327295093418 1.5924576683597624 1.207561667492725 1.2119338984935648 1.048615091250269 1.0536470960989786 
1.7102293915357116 1.7134329061660425 1.3630827281102973 1.3670999509665014 1.2245940370884592 1.2290639966790218 1.5881534042001768 1.5916026475011311 1.2063752265661833 1.210912440902566 1.0473668026401306 1.0525896501166114 
1.7067312054860895 1.709836208231654 1.360204673929626 1.3640986790478173 1.2213227346528845 1.2256580572818832 1.5865327855988354 1.5898725518040748 1.2059484346272855 1.210338827841196 1.0467970644685627 1.051851959821343 
1.7056332197296258 1.7088382955227948 1.3578962196888429 1.361919888776594 1.2177137293490825 1.222198988154241 1.5869355941074768 1.590379897963141 1.2054302315129026 1.209961025424063 1.0449912086928053 1.0502143906104364 
1.7044106974206539 1.7078450847433322 1.356519180801348 1.3608318396782022 1.2157698919951752 1.2205799598067961 1.5869922741721083 1.5906801961054147 1.2056835989105767 1.210533745371008 1.0448086346704646 1.050401871229274 
1.7010466025207216 1.7046130874210985 1.3533411392355181 1.3578212227709838 1.2122235991545827 1.2172231875080635 1.5855231807032308 1.589348920283803 1.2049300609360238 1.2099597867728042 1.043939781284002 1.0497411589564782 
1.7031350119891522 1.7078184807535284 1.3558159572240216 1.361694534028572 1.2148193572145984 1.221376749739117 1.5862349415087569 1.5912625125362847 1.2056986897493462 1.212305417212713 1.0446331850287403 1.052251673984551 
1.7024868327464266 1.7078086300036546 1.3552871281300358 1.3619662626933753 1.2139633370390392 1.2214155250016105 1.5861842849035417 1.59189493582804 1.2059528886631352 1.2134542721977455 1.0446177069507103 1.053268747620929 
1.7029665092098114 1.7085221157451402 1.3559674899827983 1.362938268004186 1.2142261141526525 1.2220057057110045 1.5866640953554882 1.592625455023952 1.2066713943283192 1.2144993793288863 1.0448698848613878 1.0539003580938047 
1.7049477244120537 1.711410623753937 1.3585209335810176 1.3666231035284893 1.217150701835167 1.2261873474709482 1.5878266789476236 1.59476429057646 1.2082739533639877 1.2173764933240003 1.0468059277525323 1.0572994989584739 
1.7053504832820028 1.7127994923487573 1.3589909392009059 1.3683267895463278 1.218217745245143 1.228623744272493 1.5869035032509569 1.5949058150217397 1.207020642172353 1.2175223450886477 1.0459908855387603 1.0580920389031192 
1.7043726462792694 1.7123922964627585 1.3577784824429204 1.367831739281188 1.216881546160102 1.2280887414942783 1.5859648987871704 1.5945801703849825 1.20580303125552 1.2171122420652092 1.0446048248907336 1.0576391160433696 
1.704798084359227 1.7138126777028142 1.3584656933595674 1.3697614485211977 1.2166551079229027 1.2292546674529612 1.5858036796636872 1.5954907383795403 1.2057635929297625 1.2184757805778867 1.0434013866364613 1.0580660846350243 
1.704723761918983 1.7147576290867492 1.3575971604460617 1.3701754165475344 1.2148189476836495 1.2288595109739802 1.5858698858516769 1.596650843769924 1.2049772779812946 1.2191311916734844 1.0414822447124148 1.0578260197741451 
1.70064400208192 1.7117393133527108 1.3536070666989035 1.3675209490450995 1.2104602761830765 1.2259998104719307 1.583667517005135 1.595576466195591 1.2033556721174377 1.2189857787017904 1.0397244167649473 1.0577751735965493 
1.6979376164352475 1.7101360987260077 1.350590065603109 1.365894158478544 1.2069311916202223 1.2240327725048092 1.5816752799818963 1.5947633110169703 1.201165295580009 1.2183478132970937 1.0370088925876237 1.0568636478589892 
1.6973903285479182 1.7110525730987958 1.3499533589898616 1.3670921885183933 1.2062761771037385 1.2254261282949739 1.5810839634402754 1.5957422974615951 1.2004443524995274 1.2196858709963028 1.0362406995712965 1.0584714298969102 
1.6977860741446669 1.7128707781614936 1.3504870623443828 1.3694028095047712 1.2069138567269664 1.2280430801399274 1.5807715512241358 1.5969619426522226 1.200073518231096 1.2213210872983242 1.035858195487954 1.0604013156723073 
1.697401035590423 1.7141264281328377 1.3491194989412318 1.3701031196313074 1.2049798708789456 1.2284281115406959 1.5787334419791836 1.5967023569918848 1.1963914190696288 1.2200047391807296 1.0311185646779133 1.0584255431646763 
1.6927644271158937 1.7117095589231837 1.3444487890987145 1.3682254035461408 1.1992923610650574 1.2258875868973467 1.567878951867458 1.5883143946048588 1.1833577432496902 1.2103031673547746 1.0154285643554646 1.0467059652591073 
1.6888103728707404 1.7099402670958448 1.3390913081324252 1.3656429888648824 1.1946340475291208 1.2243225673962765 1.5571208728020471 1.5800128651488283 1.1686361574569777 1.1989686026063442 0.9998477106618837 1.0351380033772357 
1.689687756535985 1.7131327860173622 1.34054625648935 1.36997937711763 1.1948858928732944 1.2278157536567162 1.5504841942398542 1.5760014164104073 1.1601813598690551 1.194068681327674 0.9882857982322776 1.0278560438736595 
1.6914706538071211 1.7171821149635498 1.3427758256279005 1.3750230402253956 1.1979559186759294 1.2339934466400906 1.5461984079317537 1.574284269104754 1.154427763825303 1.1917822389810522 0.9822193884721936 1.025863719190171 
1.6941935763949763 1.7221890987629669 1.3464860713345683 1.3815455685202715 1.2024288445883191 1.2415629439935778 1.5421915788571794 1.5728948736320554 1.1493858063757356 1.1902651593229132 0.9766770796419869 1.0244713444006133 
1.7004181007345487 1.729794739795936 1.3536166939372791 1.3903403463273623 1.2113826277876407 1.2522843109396882 1.5391114921621794 1.5715063823687418 1.1444302609183707 1.1876399903277466 0.9720546995440587 1.022574429284094 
1.7038883854308329 1.735528688960828 1.3563254919104375 1.3958664120201798 1.2143162891133803 1.2583275607750513 1.5339595672005473 1.569030322844683 1.1355241801943674 1.182471718057599 0.9614366197550881 1.0164568726739418 
1.7047098519472927 1.7378890211420754 1.3601931307451014 1.401551969570219 1.2212122446676335 1.2671155894416894 1.5275130742897622 1.564454781259644 1.1302149643878197 1.179664543930248 0.9584465865796383 1.0162885563687905 
1.7109275737543772 1.74552837905118 1.3677815115847414 1.41082331383949 1.2311705991588004 1.278818675056413 1.5282779533295112 1.5669172479978128 1.1310113188792763 1.1827014681960277 0.9613227263687465 1.0216347408311053 
1.717515836556534 1.7526966050753023 1.3757240490819698 1.4194017753414605 1.2419625556442875 1.2901766275369004 1.5287164083709217 1.568138577372067 1.1312514608266768 1.1839825202436438 0.9641494687145195 1.0255091119256279 
1.7219226189179377 1.75694906361602 1.3809632426466716 1.424398814988699 1.2497677582419904 1.2976023875368023 1.5260587988479375 1.565473718764135 1.1273408666154217 1.180148268710847 0.9621628768255456 1.0235281667551752 
1.7247171588213994 1.758950863149099 1.3835081835439067 1.425957136443084 1.253834610278788 1.3005230067065174 1.5205628059152836 1.5592851271569803 1.118730022272112 1.170818399143505 0.9537102278642922 1.0143086609967205 
1.7227851956634788 1.7560313387856297 1.3816409605962219 1.4228805207737052 1.254096303159072 1.2993901531092387 1.5082480087827896 1.5461142546387865 1.1026127922336337 1.1538683642414547 0.9378596713780001 0.9976161564435744 
1.7217241667791507 1.7539519724984947 1.379515768112623 1.4195341383113547 1.2526018531326546 1.2965434114719647 1.4979565112750637 1.5348899390612214 1.0874756814160766 1.1378122749519626 0.9211682830359283 0.980083884691183 
1.7197006835201905 1.7504535909414483 1.3759257550099897 1.4141743232147195 1.2497964817120466 1.2917850358476095 1.4886286268575553 1.5240513514445013 1.0732271106805913 1.121843912600951 0.905889614412159 0.9629918621877394 
1.7125303118556003 1.7422037143871092 1.3675483737785072 1.4045291979963392 1.2423945268006615 1.2829878696325385 1.4762081118271366 1.5105310664876244 1.0567018855969927 1.104143373128798 0.8888050858451699 0.9447159329789246 
1.7102499312442612 1.7384861880731177 1.3625560151865317 1.397833428317194 1.2374923360251568 1.2762314368957537 1.4700803353970149 1.502835849759048 1.0453421735111426 1.090926055478097 0.8761099513879521 0.9300258306740732 
1.7025931553601554 1.7317449586989566 1.3545899197466553 1.3910539169921667 1.229945628342672 1.2699934637545383 1.4602077295642735 1.4940963030471799 1.0335845449111798 1.0809320796327817 0.8637994034955396 0.9199274747387699 
1.6943447268467418 1.7242781403571061 1.3460359339160899 1.383525853503779 1.2225315608986789 1.2636908123878088 1.4502854166657542 1.4851460674672239 1.0219278212248457 1.0708256271276664 0.852705783839514 0.9107349810528637 
1.6894324096445084 1.7195351492357607 1.3403798136189795 1.3781281897767166 1.2168879253067022 1.2583463296951478 1.4443260622024547 1.4794245626787632 1.0141567689254212 1.0635474670447247 0.8442227963975207 0.9029570270268955 
1.6834848968429623 1.7144784024473332 1.3312891060541132 1.37027204541958 1.206328334201912 1.2492168924803888 1.4396313201296922 1.4757551058554261 1.0053594500965115 1.0564385540382175 0.8328535224746065 0.893845503685262 
1.6740312380981304 1.7054055858851758 1.3217129499737679 1.3612320699896692 1.1971765359078668 1.2406688858709884 1.432144633034094 1.4686952972513936 0.9977889485900113 1.049576301260828 0.82576590019712 0.8876468600566105 
1.6615439859924142 1.6917923821874714 1.3090866378462351 1.3472716401778668 1.1855500467662932 1.2275837895750985 1.4221559614850827 1.4573814277077775 0.9876775722813392 1.0377572133343906 0.8169015086211803 0.8767902382141125 
1.652469609540947 1.6831907716525807 1.2984309676129917 1.3373101139886776 1.1747475579274085 1.217582518015272 1.4162299833206506 1.451958239405118 0.9802930851823908 1.0312370707923615 0.8093722135435649 0.8703785058102078 
1.6404167028835113 1.6722521350021384 1.286200075843261 1.326563560112824 1.1628096624552149 1.2073054936590035 1.4078726551429321 1.4448410490497596 0.9723420638330988 1.0251386896509223 0.8020378825836159 0.8652889742850131 
1.6318928153688923 1.6645807265712915 1.2774982115261881 1.3189982997989835 1.154966458410204 1.2007091048512164 1.4013099003620184 1.4392443403649742 0.9657105966347318 1.0199763678010436 0.7965819455979466 0.8615669622685227 
1.630165090330596 1.665373988283881 1.2779892785671405 1.3226068558920145 1.157860548828122 1.2069272346138187 1.3966026939443301 1.4375435241593766 0.9624538737687952 1.0209553164818528 0.79605396395757 0.8658719377902024 
1.625809597351181 1.663990599336189 1.2751125978670312 1.3234500387544705 1.1570145667359637 1.2100787476355452 1.3905063417472103 1.434961934784059 0.9571641326539613 1.020671859452983 0.7930534327768906 0.8686435489193539 
1.6246545301776283 1.6655642615422228 1.2756114521384205 1.327323074359325 1.1597336294281932 1.2163815429899822 1.386573693110716 1.4342902681558884 0.9540801018922311 1.0221892230534864 0.7925063755116991 0.8733088354795743 
1.6116143837776333 1.655374101645595 1.2639412079677443 1.3192838480019986 1.1517203447013344 1.2121972804782895 1.3734470992357004 1.4245418311860694 0.9415961924301522 1.014675260366074 0.7845481277773596 0.8709065731747351 
1.604576973546514 1.6509123652864468 1.2570951330888567 1.31572510330072 1.146549171747854 1.2105450743593524 1.3661413704429313 1.4202769511104834 0.933789673125426 1.0113394719161761 0.7786205643544807 0.8701116922876568 
1.5952338038782308 1.6443699446097308 1.2486459614461618 1.3108388012016619 1.1404738423286216 1.2082475784109024 1.3563460808495043 1.4138091514542583 0.9241323168441897 1.0065794378665849 0.7717411399140323 0.8687727048749919 
1.5885488443230318 1.6395999402415333 1.2412264645905837 1.305926364555077 1.1342242996868122 1.2046847285659594 1.3485946535560789 1.408370715699542 0.9142555688646584 1.000331834163064 0.7626826802806262 0.8639938680569671 
1.5857676161117809 1.6384175231450744 1.2368477632711474 1.3036661525669984 1.1291771901295387 1.2019959128669448 1.3459833554352894 1.4076307189560906 0.9092879908526452 0.9982773653393331 0.7563421100988892 0.8612818559268738 
