1.4282164875038044 1.6074817878090266 0.9655569203199282 1.2151113238455578 0.7410293365162438 1.0456193573847532 1.5019141916613294 1.673302603259107 1.0715615102800697 1.3009379052336447 0.8746818744627698 1.144230634301365 
1.427446397352927 1.6087028248175144 0.965162862171898 1.2173170958200865 0.7414863206532202 1.04886773473868 1.504195181682168 1.677177601166868 1.0754251614109882 1.3064688435075098 0.8802283175380409 1.1511400663063769 
1.427349792291802 1.6099326206880367 0.9654591541621271 1.2192895439375546 0.7434156624361973 1.0522463878557389 1.5062917880528495 1.6803185901356474 1.0787487657260377 1.3108220753235162 0.8855813730851898 1.157069566601529 
1.4308397176280507 1.6134204019355651 0.9711845764538891 1.2243457752538374 0.7515771321307747 1.0586270737997965 1.517167843984943 1.6904500473725688 1.0943927315282755 1.3242048733719114 0.9051873589605193 1.172683781188228 
1.4371665500094728 1.6190756622734253 0.9810261613566329 1.23222182944717 0.7649499892582063 1.0682260031314208 1.5393949850204562 1.7104663772217594 1.12547836794233 1.3500592077409532 0.9431000548754782 1.2022462398386322 
1.4426167994451367 1.6226421860784126 0.9896422899418404 1.2374232485456744 0.7758653066359713 1.074146827971544 1.556497458237992 1.7246764251596094 1.1493184804488832 1.3684872683007796 0.9713434415804381 1.2228378942040232 
1.4474093952175417 1.6269008319390614 0.9966785891971442 1.2430529231549274 0.7858205793716591 1.0813539395424654 1.5706330466674925 1.737440798094718 1.168444444586053 1.3845846957423769 0.994689998383421 1.2414590418068612 
1.4527505373436453 1.6339399875002294 1.0048475029337784 1.2525950116267628 0.7957885174795186 1.0920417224411574 1.582280996369561 1.7501111137502814 1.1844186472156921 1.400758112906097 1.0131181531648963 1.259239513068205 
1.4588785727750098 1.6406667586996606 1.0154008560672234 1.262734976747714 0.8094392051921194 1.1039259712055198 1.590004904779243 1.7582878945787148 1.1961721471519267 1.4121928085860125 1.0271225506345627 1.2721798053034996 
1.4755220151714612 1.6560678950259407 1.032335555745151 1.2771500911543834 0.8263982708450266 1.1172867840154783 1.6044194828895746 1.7718796609125718 1.2094268723141757 1.4241169246784653 1.0391971717992932 1.282702778337854 
1.4758235767294816 1.6578354449675035 1.0409797108640495 1.2860800485936326 0.8395884511060165 1.1292793720734478 1.6013132840111581 1.7704709448365992 1.2123480368073354 1.428338508656334 1.044537108556034 1.288961172460443 
1.4842630545904523 1.6664676527140212 1.0535955311324074 1.2977446457382054 0.8543466926384042 1.1419220172770905 1.6087531082432072 1.778247504033727 1.222748253436569 1.4384682525527561 1.0559157254640068 1.299629039996483 
1.4886117375083403 1.6707529383148187 1.0600357517780237 1.3035053781582953 0.862672988476862 1.1487624475441387 1.6123924625250516 1.7819259044774 1.227811200147482 1.4432500888784314 1.0620966214086176 1.305181868188338 
1.4903173909144087 1.6728200864533909 1.0637656106783722 1.3072407545826936 0.8680636746586796 1.1536098383950832 1.613585296283382 1.78351860779806 1.2305319407402355 1.44619845566296 1.0659015554833993 1.308979465828983 
1.4890975398522055 1.6727502006796742 1.06113835252237 1.3064058917020736 0.8653723147835791 1.15306157419016 1.614335190626126 1.7851498139858992 1.2307238632991115 1.4475368659809291 1.0665532652867789 1.3108080021017152 
1.4895911252725191 1.6724215514907268 1.062191585209867 1.3062783352297664 0.8671053724263563 1.1532492585259486 1.6151138497488808 1.785134413160715 1.2320560015075004 1.4477824823676553 1.0684487606107511 1.3113713735821177 
1.4918611006341207 1.6750156763700004 1.0656429388802093 1.309817867371357 0.8716603253476951 1.1575058078840252 1.6176631860759056 1.7879771128527484 1.2356291972858402 1.451484579899232 1.0728356643891224 1.315676379390179 
1.4952366461392324 1.679536351323692 1.0707201736951162 1.3158842721978632 0.8782950943491031 1.164693951309828 1.619409609641026 1.790976608238561 1.2382231407132156 1.4554402336261354 1.0761770897941008 1.320328313737799 
1.4993187277758455 1.6839891491869476 1.0768214594162675 1.3218953296609304 0.8854096585532485 1.1712442403612406 1.6221312819495777 1.7942053123874593 1.242134334071553 1.4597124754551425 1.0804182115641054 1.324826901523131 
1.5032870430820722 1.6869584112889209 1.083833438079136 1.3268955004138192 0.8941326462547041 1.1770428779863713 1.6240176490107612 1.7953802025806231 1.2458957869334177 1.4622629925627058 1.0849122450679778 1.3277768363013567 
1.510094197011663 1.6914431489554416 1.093497389959528 1.3327910504457554 0.9061147167154389 1.1839084939928002 1.627725706176658 1.797244117210653 1.2509368619352057 1.4647315367835498 1.0909401315142366 1.3306937336774003 
1.5139873073003915 1.6946248325711182 1.0994412014594916 1.3372982883286326 0.9131869601930868 1.18890966047328 1.6288103076131024 1.7979484905543568 1.2528513108053525 1.4660259764024273 1.0930580386176618 1.3320554163722658 
1.5180321243040542 1.6975438511505616 1.1056195606170687 1.341502221011609 0.9205791737917385 1.1936078130521264 1.630514983794715 1.7988364874382219 1.2556082967148154 1.467578206072535 1.0961859318469107 1.333738052744646 
1.5253367983954498 1.703370413168927 1.1174257785371164 1.3503550594044813 0.9353478029798756 1.2040323618820552 1.632563357845349 1.800022647996208 1.259861555639857 1.4703977541125668 1.1015835335458135 1.3372751015775626 
1.5335233233128507 1.71063884055767 1.1269188644904697 1.358137543411745 0.9454472334004103 1.2118011102588122 1.64007561415457 1.8067759904936997 1.2681089717151637 1.4773935913711314 1.1099660842316263 1.344104225060129 
1.5514348159789892 1.7272515576579344 1.1495741473396834 1.3776678392964539 0.9704449764060609 1.2321572170107837 1.653963452350674 1.819901936070117 1.284587806929429 1.4921842342391103 1.1271240241037186 1.3589909936830926 
1.559484162612833 1.734024498973486 1.1629694316878023 1.388289598261202 0.9871203698841646 1.2446914212929443 1.6621915804865122 1.826945801013333 1.2974543906589742 1.5027434928956602 1.1424957861805225 1.3711844263410555 
1.5617276912834388 1.7343272548344213 1.1618633558734435 1.38521626573669 0.983123356309624 1.2391243597240351 1.6734458898397342 1.8355704266961537 1.3081873803937647 1.5100502863684706 1.1523711633937652 1.3772642968441098 
1.566933591709687 1.7359151302780387 1.162573494807197 1.3819180835086498 0.9801486524136123 1.2324008436901606 1.6869235054703045 1.844947525543266 1.3198511898347556 1.5166171639567514 1.1623774831388554 1.3817531878046165 
1.559865714602475 1.7275450469126095 1.156826085283475 1.3745826396082157 0.9741581676464505 1.2248326322858523 1.686103535074964 1.8423289533935816 1.322123547552304 1.5163250035900253 1.1656535587353087 1.3820199204469847 
1.553404235126485 1.7174822552821034 1.15175896892922 1.3650015758265264 0.9695431126612679 1.2151931644018164 1.6848623351386605 1.8372375099232272 1.3237239490048143 1.512919585658438 1.1686360502606874 1.3792718359587062 
1.552518769108873 1.712164741009267 1.151645328404249 1.3592205613348152 0.9699594818523761 1.209138109710934 1.6946700997938597 1.8420370026292443 1.3371159938970627 1.5195633428900983 1.1842354559526287 1.386941666781747 
1.5627964763836173 1.714194125960374 1.1580408917637797 1.3554288553358491 0.9730790858902733 1.2012541705555282 1.7133678365479637 1.8525004772461058 1.3543837062358104 1.526592250274136 1.2000747577201387 1.3915128813622424 
1.5561060720033966 1.70151957859022 1.1566592044875794 1.3459432693564168 0.9761234160319278 1.194369998085116 1.7169916104762537 1.8498007891245585 1.3654503280770927 1.5291034521724944 1.2163104071107176 1.3975384701130198 
1.5596238991839828 1.6970256631252958 1.16031901359318 1.3393317765609274 0.9799157309207002 1.1864671230615071 1.7290137330125084 1.853903418019895 1.3796383567246346 1.5332551613302496 1.2317859480225652 1.4017011151261347 
1.5636688209238554 1.6934287345056478 1.165598868019955 1.3346390592401378 0.9867030661396567 1.1816190748500126 1.7405995677953618 1.858044012592113 1.394004087156634 1.538144366543466 1.2482826661495383 1.4074268407023507 
1.5669225244521057 1.69283739052378 1.1710018859230586 1.3348024760073531 0.9943069526234642 1.1828349627717978 1.751407721130451 1.8649078365311675 1.4083423677626685 1.547217004157904 1.2652387616712346 1.418196515704139 
1.5715701949706893 1.6932216605158965 1.1770444095785892 1.3351405379360668 1.002637185885408 1.1842499906861768 1.762938234289622 1.87219601854085 1.422516039389437 1.5558658670464527 1.2819515071640621 1.4284839448310962 
1.5755086296842997 1.6930001977642235 1.1819935697835668 1.334590209176472 1.0102060363162062 1.1851322555857213 1.7720193569116847 1.8772519353271953 1.4335040837296906 1.5617157825576649 1.2955081608657277 1.4360931802253292 
1.5703158749739876 1.6868850762619605 1.1748174773960933 1.3266067309173883 1.0036524613606643 1.17771285826186 1.769467576972045 1.8736874924264506 1.4301467281210414 1.5572440326664667 1.2932292225105801 1.4325261377284952 
1.5744479304036891 1.6867033610426168 1.1788659538524555 1.325068632091357 1.0095168689786516 1.1769478541347786 1.781275622382022 1.881229594040148 1.4435309122053672 1.565203960221306 1.3088853525395032 1.441964912434578 
1.5782667080535182 1.6854999548353862 1.183769284679278 1.323364656982379 1.0171413456103777 1.176673622101766 1.7882291615758004 1.883546609540122 1.4519460912547992 1.567843024001475 1.3196265568372325 1.4461668456682617 
1.5808749386750773 1.6848371858226925 1.188286131422449 1.3234555909175534 1.025014052845584 1.1790524074573319 1.793920767612363 1.886176686175219 1.4597979582363203 1.5717890602338882 1.3302781503395933 1.4522915438268342 
1.5853269890304649 1.685201163656256 1.1942921715176733 1.3239996566421004 1.033475611588585 1.1809797371624968 1.799180263127739 1.887774064624366 1.4663293450069121 1.5737735058986093 1.3386036742921334 1.4555071613250137 
1.5908344522418194 1.6874734789381225 1.2020411523901875 1.3272962818148515 1.0436315871223572 1.18574001253206 1.8055972044837492 1.891294200413973 1.4745609320877622 1.5783353351298735 1.3485525203118824 1.4613029760181595 
1.5931260655596124 1.6880802746686694 1.2056516398883428 1.3285933274427695 1.0491459253914348 1.188390308663551 1.8078585762015376 1.892066855189174 1.4778016942558465 1.5797032001314204 1.3531478646273105 1.4637532225431478 
1.5924203372896304 1.686934065087791 1.2063910398430602 1.3286547144964413 1.0512237779909757 1.189544215552167 1.8067230909449352 1.8905534471930754 1.477777093391835 1.5791672321491543 1.354074306732692 1.4640564324825804 
1.5899042718526109 1.6851759909324546 1.203333318434747 1.326662580317686 1.0487099870103174 1.1881982846373664 1.8044024990437084 1.8888861546729545 1.4751555376146543 1.5773732554202826 1.3519857328223475 1.4628355849223726 
1.5855426115363944 1.6825523348644018 1.1985973870310456 1.324263071582701 1.044457801635686 1.1865618761605523 1.8000855269841067 1.8860924926995626 1.4707135097148083 1.574812755287958 1.3480558708219958 1.4609214959804135 
1.583792783768827 1.6807951810729975 1.1973905317473537 1.3230332362863038 1.043649303702259 1.185696726789026 1.7977531853728448 1.8837699897594213 1.468761729865743 1.5728743999182546 1.346373203357156 1.4592442090062272 
1.5829133094926393 1.6798701819095843 1.1969836545955588 1.3225426844033956 1.043355698392902 1.1853018164454738 1.796857138408321 1.882828950953575 1.4682816146260702 1.5723231800583937 1.3459837086120099 1.45877394634979 
1.581741282957469 1.6783775525524465 1.1956640416989799 1.3208551106430788 1.0421062493872397 1.1836516200774365 1.7882394406152495 1.8742587920754008 1.4579119696922513 1.5622269470444874 1.3348708723213418 1.4480766445433542 
1.5835259534603403 1.6834436350773614 1.1980858029717572 1.3273423139802634 1.0442618145285598 1.19034060860011 1.7899969751824945 1.878967056220646 1.4601179120750762 1.5679197506130471 1.3367937249861999 1.453769407561763 
1.5853078543419636 1.685960273078319 1.2014174967255637 1.3314146802549236 1.0478232149739382 1.1946524763287105 1.7911519985300857 1.8808207068187865 1.4623366542073406 1.5708881372008383 1.33901380823288 1.4567837959005172 
1.5849378268940677 1.685727481919806 1.2018509888999094 1.3319515860945135 1.048000192709758 1.1949701385807472 1.7909368918305553 1.8807190589505094 1.4628304190574142 1.571471305210404 1.339302594382498 1.4571824413914993 
1.5853132521531668 1.6848792135854873 1.2024227656911899 1.3309471681372067 1.0480567291193974 1.1933242494697114 1.7916490046302178 1.880320720704968 1.4637651983130526 1.5710532813092148 1.3398548263869674 1.4563003854673837 
1.5847451473867966 1.682819444790795 1.2015636117018524 1.3282391405789846 1.0462570256710346 1.1895872668139988 1.7915419717009142 1.878852505644336 1.463543838484519 1.5692114799369776 1.338976929586914 1.4537273883249224 
1.584708265470184 1.6831465807378514 1.2014209681246286 1.3285685786776384 1.045297698576592 1.1892558195146745 1.7914488559737116 1.8790878449847734 1.463352677781238 1.5694212898930358 1.3381464776210112 1.4533816158082913 
1.5838326292571827 1.6816702663779606 1.1999967682871984 1.326454421086424 1.0426625390315507 1.1860161287350692 1.7902059388739946 1.8773189369150145 1.461609985591136 1.567096945724712 1.3354612223421989 1.450153703474125 
1.5811603802236414 1.6772346139013976 1.1963600130349432 1.320728996754811 1.0376598352008088 1.1788917404363175 1.7883313249811876 1.873813419203996 1.4592251576466773 1.5628134446532542 1.3322157158317005 1.4449382393683718 
1.5796923405681629 1.6749207681946392 1.1945599226701522 1.3179169540337965 1.035054069529568 1.1752738471223292 1.7862302188491048 1.8709757036396064 1.456764879014359 1.5595177464875865 1.3291077573807626 1.4409924078945453 
1.574852597222356 1.6717421503503462 1.1895979065961741 1.3151822283083057 1.0296023192368984 1.172451299652996 1.7889620187857538 1.8748189829788902 1.4612896978552883 1.5652248066453585 1.334280831556086 1.4473653483961815 
1.5694609318464605 1.6687079209353446 1.181792648222335 1.3107297098152464 1.0198114483532532 1.1667878551786355 1.7835589820447093 1.87148634812877 1.4541351000620129 1.560732968201915 1.3258545983750858 1.441967033198873 
1.5635904357892223 1.6651761281052313 1.1745034006300408 1.3066961103529504 1.0112504661514525 1.1621634962480667 1.7779080772220845 1.8678740904492277 1.4476188442582287 1.5567905462751017 1.318624125917439 1.4376251500900816 
1.5585499764326616 1.6613440921850748 1.1685971419776149 1.3025380776922608 1.0046187592506173 1.1576895158194402 1.772961655123497 1.863968667692204 1.442197726297698 1.552713896807216 1.3128495164862766 1.433373648613037 
1.554130744205136 1.6594375761936964 1.1633081726196244 1.3006523761880457 0.9991735379220219 1.1561827096456727 1.7671833486323965 1.8604697489837372 1.4355836868965912 1.5489710201561584 1.3061249467350395 1.429815748858436 
1.5496447722164586 1.6584901047572758 1.1577994109766163 1.2998807574457742 0.9926087003738179 1.1551893955442112 1.7594084634722544 1.8559926316819795 1.4264006089937706 1.5439589388509656 1.2959132892820413 1.4242828935495222 
1.545161754750657 1.6574040408373965 1.1523109160049338 1.2989548696487228 0.986084766104887 1.1540478639051892 1.7507296949169882 1.8505452631330395 1.4161038321620805 1.5377949699827118 1.2844815227414248 1.41751757961026 
1.537788223221878 1.6537904575670703 1.1418262772768457 1.2938305551887002 0.9738654298617957 1.1483223125672948 1.737905044471619 1.841343042906427 1.3997458953681199 1.5262761315240108 1.2664656330117685 1.4050499840432367 
1.5306185026664385 1.6497095038778342 1.1326951940857035 1.2890876033787813 0.9630425352521299 1.142890795826465 1.7206821582340097 1.8274286678677365 1.3787503369591065 1.5098678545306041 1.2431431991789401 1.3871385872164506 
1.5386766405149364 1.6577127790140034 1.143839894594663 1.2995597554965794 0.9764531350076817 1.1549660508025028 1.7184824285067133 1.825833429074605 1.376236083485072 1.5081484048747753 1.2406114532303536 1.385497250638315 
1.5502471232609496 1.6719837822116725 1.1597502710406453 1.3180608164947663 0.9962164620095624 1.1767373810578339 1.7171203271986648 1.8277762015298398 1.3748660902352816 1.5108012413546825 1.2400335939315714 1.389225301698342 
1.547096396504772 1.6805817538810928 1.1544963044020757 1.3280472462521993 0.9910456365264165 1.1887048519620207 1.7023262346736157 1.8244896219650169 1.35545898722833 1.5060268382263478 1.2192533792686613 1.384711729660022 
1.5424617625732089 1.687346814202833 1.1481465433473421 1.3364847426740232 0.9849419683415109 1.1991920877826245 1.6844460687360847 1.8180510281288724 1.3328206010114227 1.4981194000747904 1.195107087453024 1.3770373752663543 
1.5397455860314229 1.6945038099642178 1.1441062743046424 1.3451787461832907 0.981238168898484 1.209692124626448 1.670353749007452 1.81400340107268 1.314627074125301 1.4929069081169293 1.1756247365648826 1.3720860809377995 
1.540725481256015 1.704542715824857 1.1456989481498094 1.3580342194773956 0.9841443141082408 1.224814635963981 1.6657983514614183 1.8183825255461457 1.3090741838916462 1.49843454325225 1.1702944800910495 1.3788473561680348 
1.547571182085065 1.718607793395621 1.153852340995227 1.3747768577918984 0.994592683474077 1.2441265168463236 1.6757056718481818 1.8348366909793814 1.3207528761521459 1.5175718578585218 1.1841568903925552 1.4003084392247895 
1.5521572180035978 1.7292378514943132 1.1588889274648662 1.3871175378606775 1.0013124302637355 1.2584506746951458 1.6826981106160037 1.8473073510140832 1.328647601236185 1.5317884860223583 1.1936948877626428 1.416325881536685 
1.5521892293753652 1.7348303190885528 1.1590610742272773 1.3941905917158135 1.0023830324725622 1.2669319539852524 1.6851705902931282 1.8547627208429895 1.33189004365559 1.540868560464808 1.1980318269515589 1.4267533390985596 
1.549197812969447 1.7364635937529236 1.1534201580123862 1.394872757504898 0.9954182729432476 1.2673395309976399 1.6837203745103633 1.85747308143653 1.3286378350556323 1.542909733413241 1.1940510767723957 1.4286531848777426 
1.5451093629193962 1.7374485880454658 1.148748720034622 1.3967778185886195 0.9916906675880248 1.270753726298366 1.6824291490018777 1.860626908902261 1.3277155266890504 1.5473180579735968 1.194426757156412 1.4345800538593803 
1.5417542543000327 1.7373197386296657 1.1445675843095724 1.3968924971637042 0.9872334118394951 1.2711819315236705 1.6812244184796539 1.862200107097046 1.326478164046529 1.5494573286387239 1.1933730238664901 1.4371544341761777 
1.540032762676746 1.7387930851477904 1.1423349782431464 1.3987957983057322 0.985482528976425 1.2739216215127878 1.6869556358042646 1.8701657145856811 1.3338094352536911 1.5590856591001567 1.202203901994903 1.4481003780165829 
1.5403468783743497 1.7406870827456622 1.1428098029495561 1.4011913716682685 0.9860924427849569 1.2765975560205354 1.6936399907434887 1.877695244858868 1.3422973434547218 1.5681470506829402 1.2116625843218911 1.457892051067432 
1.5407926900605526 1.7430097756421314 1.1425584859183509 1.403381935890595 0.9855504420089488 1.2788082882058724 1.7026429137338324 1.8876000254100533 1.3529193145520668 1.57937697714258 1.223217254492445 1.469796385873919 
1.539180693670473 1.7434217931722427 1.1400974408215807 1.4036611114182502 0.9831044000348681 1.2794282326523507 1.7082542724863645 1.8943534518689795 1.3597343954860883 1.587236582053198 1.2310766479256758 1.478510079170216 
1.533982562333727 1.7396386629768683 1.1345016357608066 1.400119329815836 0.9775261743523526 1.276243549532747 1.7068952529853572 1.8938668329225121 1.3592214185569422 1.587678506765128 1.2312377206144824 1.4795899772720638 
1.528709046900994 1.7359782488144677 1.128807119962018 1.3967371421842212 0.9725901902018885 1.2738134904125273 1.700531393038348 1.8890410659879644 1.352427884476265 1.5829498769667172 1.2250662621707225 1.4756207090539715 
1.523705714236657 1.7314629531114551 1.1233404256935835 1.3921848176149032 0.9670194622640443 1.2694138390601553 1.6893392239989697 1.878869837998748 1.3394333212748746 1.571739951945436 1.2113275983570428 1.4641036182393108 
1.5171380628850493 1.7252852137819417 1.1166690431164463 1.386308377993367 0.9618783300681016 1.2649549750463849 1.6713952600431172 1.8623810787093493 1.3186371621088948 1.5536103540896604 1.1904050299350217 1.4463627837906368 
1.5140004243902265 1.7321998175481332 1.11386680651404 1.396072414136812 0.9595662146271022 1.276356628499177 1.6501320892406723 1.8523646603198265 1.2928410147971738 1.5426460424873187 1.1625428797002657 1.4352089987182306 
1.511410557091012 1.7298956935740846 1.1115243502893506 1.3941533702739317 0.9574581821083167 1.2747169917460748 1.634908956265199 1.838778000150144 1.2743829112461305 1.5271637250262862 1.1424935858358953 1.4189675233197419 
1.5120416139931572 1.7256817013710934 1.1134110565496609 1.3897451827033012 0.9600856416211171 1.270225149824641 1.6348285368811717 1.8342224066347659 1.2751779026477177 1.522427724196138 1.1437477614408835 1.414166338802134 
1.5145805477060843 1.7201473126827431 1.117242681018615 1.3831788568835424 0.963472729811105 1.2622330382816251 1.6363478595548266 1.8282742844851432 1.277462833224381 1.5155407721700076 1.1454081294759795 1.4060271423090176 
1.5205159967150403 1.7168531790186174 1.1237601764906657 1.377843560171594 0.9700118413021217 1.2556030082419891 1.6404668724897595 1.8239373623500157 1.2814053214094019 1.5091771068288615 1.148949796873794 1.398464006607368 
1.5251533596991371 1.7160396447231534 1.1278663655777512 1.3750570280034082 0.9722604108990377 1.2505956973624872 1.6463256185595745 1.824578673005241 1.2870034228103535 1.5083358717426187 1.1530765708857176 1.395809754223535 
1.5276782963960338 1.7125210370443593 1.1309303234414965 1.3703761241058923 0.9746678078604465 1.244549983214611 1.6539419230884402 1.8260479758181296 1.296428287314608 1.509852187861278 1.1626264418761034 1.3966486918296557 
1.5319072454990759 1.7093491004509773 1.1338354469730456 1.364081140992927 0.9755223384487748 1.2356287351840625 1.6613075697794693 1.8262194226890058 1.3033747939125437 1.5079523837994904 1.1682666071606111 1.3928321520580167 
1.5297349232369484 1.699705077762243 1.1314549704565147 1.3524417792166703 0.9719147313271637 1.2220992844162675 1.6642530069892476 1.8217152596585322 1.3076083075878466 1.5029131385654837 1.1722915084878645 1.3867861395589276 
1.5273153299448043 1.6892512021971176 1.126994020341016 1.3382798769033355 0.9653317599066171 1.2052978527004876 1.6666757133883023 1.8162283558623367 1.3096684078034433 1.4953624461776502 1.1734484322706331 1.3776279360692445 
1.519636375257785 1.672654966700132 1.1213323975550782 1.321312328871043 0.9605211390732741 1.1878892133640324 1.6637922228230964 1.8046286280968225 1.310074880885295 1.4848488536368338 1.1753768358814205 1.367476007448255 
1.5144554956775886 1.656458793694564 1.1150832157234052 1.3014187891712836 0.9526264890228752 1.1652371065186906 1.6585231653094419 1.7891281051640908 1.304045328762789 1.4665655479002806 1.1681698802263523 1.347182673540619 
1.5142324012599417 1.653929100120513 1.1166132305437948 1.2997718299091767 0.9543090318264047 1.1633088289123614 1.6634022809848041 1.7915046334256155 1.3118050502972802 1.470854919149217 1.1767383360736787 1.3517746908362538 
1.5166185490252322 1.6525329571319902 1.1213165851120726 1.2992629584527529 0.9600355539496441 1.1629280356098566 1.6740027185543638 1.7980596355203018 1.3264630271995523 1.4799451049574102 1.1932399353555847 1.361820434010079 
1.5188855938082566 1.6519751473791184 1.125419754170976 1.299452986282405 0.964558406255557 1.1629193263327684 1.6833205762950385 1.8043216462311427 1.3390759271147623 1.488332213942257 1.2070325739507861 1.370742891667967 
1.525804109030661 1.656687218866268 1.1336976005685333 1.3045323344228958 0.9729899485271417 1.167580319273518 1.6963609186416815 1.8149861509980867 1.3545598682578963 1.5004555304023008 1.2232218225223297 1.3830422947671737 
1.5286449338756205 1.6617699599474052 1.1366297347261332 1.3102103723385798 0.9760998790408694 1.1736673463054172 1.7050910581501504 1.825392993988856 1.3647370943092298 1.5123595480254026 1.2342411257868535 1.395734653329063 
1.5291290900946626 1.6651283157804178 1.13798040834354 1.3150726001303996 0.9777577232493385 1.179163559144248 1.7083865673885785 1.8311202029014182 1.3694335687552464 1.5197910491491027 1.2394995178836214 1.4038431495981771 
1.5289616340676375 1.6668332723553307 1.1398748759626118 1.319061868234686 0.9816972380784108 1.1850480777718597 1.7147537886270379 1.8387468653925096 1.3791198678906702 1.5305492770214164 1.2515535723295186 1.4166848004375496 
1.5228303585236143 1.664779139478015 1.1375064954720742 1.321513643380635 0.9821190526820871 1.19039284105759 1.7143749007032154 1.841618468239597 1.3834702839458315 1.5383326392432684 1.2588196189133531 1.427271563284703 
1.5247722078337473 1.6678971931693511 1.140576928129883 1.325845575541209 0.9869374307331747 1.196242556249442 1.7201557854514806 1.8482117539454725 1.3910145108596819 1.5465678551625854 1.268089560173965 1.4370114452648595 
1.5266473249289043 1.6731649797293093 1.1430368737326806 1.3324272172965321 0.9911587434475772 1.2046678585371904 1.7266082804772425 1.8574189481354442 1.398948674616971 1.55752572655882 1.277857485877271 1.4497409247491706 
1.528885689083157 1.6778237890801526 1.1474505991472053 1.3394939695285233 0.9985970081485724 1.214412286500462 1.7322527629659823 1.8650203354717825 1.4070718041391064 1.5676263199255362 1.288566711196312 1.4621919799134722 
1.542488627843972 1.6941443006686236 1.1606412094303649 1.355707107559734 1.013766672872994 1.2323054051200053 1.7670800459367935 1.9009012686638882 1.4458176713361819 1.6066245619957327 1.3307981021732709 1.503953899961026 
1.5425642610825392 1.6902536797679573 1.162134982336011 1.3520394667202287 1.019182915265518 1.2313353796464714 1.7733919088709973 1.9032529692211488 1.4546381268374347 1.6104114637101663 1.3431858313908467 1.5104969976961622 
1.5296176207264123 1.665924861221757 1.1482879813168514 1.3244398308857712 1.0072355188518372 1.2042005514185459 1.7392673441644129 1.8602759128894644 1.4155868454025453 1.561877618277671 1.3037807404915636 1.461307564093449 
1.524687991823468 1.6495490031553108 1.1417079777292791 1.3037774149795203 1.003318105293969 1.184476957061926 1.7350596143679557 1.8457438356420643 1.4104096920436557 1.5445368046151182 1.3009249069068822 1.4452487864761139 
1.5205847429235801 1.6355127658725168 1.136482188691037 1.2862020883717962 0.9998357315139171 1.1672170050731654 1.7328567091170493 1.8345343881355753 1.4079084413171084 1.5313165009402758 1.3001099584004308 1.432832841210715 
1.5138043686758273 1.618946672019193 1.1299809808231378 1.2673759021071926 0.9961052391298924 1.149613112156442 1.726989070655058 1.8198560136400956 1.402763201884773 1.5156283386048244 1.297348538736611 1.4186253526502408 
1.5098639842050607 1.602579065356708 1.123981579208298 1.245754791409441 0.9914166883806121 1.1275980932582228 1.7225834389078456 1.804401317312637 1.3967601954521685 1.496499065659441 1.292482689709839 1.3996720734227641 
1.5073966088179214 1.5935036928591568 1.1215321471432596 1.2348456745503746 0.9903574394509135 1.117057447383871 1.719461564268236 1.7954268444789863 1.3936060748273775 1.486320078137872 1.2903919530885837 1.3900075091436628 
1.5077308717053917 1.5959057846544389 1.1209496418187126 1.2370088890115138 0.990740035273381 1.1203698985127635 1.718331738755209 1.7961978889903807 1.3913804951965871 1.4864732000320424 1.2887891217780745 1.390913474093015 
1.5035564007620397 1.5929461595774352 1.116009146141957 1.2338038868930912 0.9859173283153614 1.117509997857961 1.7136906396524723 1.7926324847755326 1.3861926895033387 1.4826752137513124 1.2837783050170695 1.3874012950377768 
1.4974521713732063 1.5862351310541352 1.108717712292146 1.225982810234438 0.978728218429575 1.1098143137436685 1.7077995278223757 1.7861573594368243 1.3796634325915613 1.47555076926222 1.277546534271973 1.380544831821962 
1.490678833080674 1.579263951806271 1.1017254586305791 1.218913545857441 0.9717593678451265 1.1028451908925205 1.7000336846647361 1.7782198331687675 1.3717835586544838 1.4675630745813821 1.2697666772264735 1.3726830153661695 
1.4868179172092626 1.5762489387576093 1.0962172440417501 1.21475324413417 0.9659493223427873 1.0986315539499536 1.694615264269294 1.7735991914450373 1.3648390458565032 1.4617519690749488 1.2625971124212545 1.3667789383417093 
1.4817066319916166 1.572781733696046 1.0898032336563972 1.2107266110265935 0.9585036843371756 1.0940370886985231 1.6879050279230583 1.7683922703540467 1.3569229632104913 1.455825458854165 1.2539131361015163 1.360325693151438 
1.4783022298442121 1.5720769538042245 1.0853053802328496 1.2099323263234065 0.9543055977842579 1.0939596152885946 1.6819413687291151 1.7649292432736134 1.3496062586704205 1.4517181266907049 1.2466950144451407 1.3565754402031498 
1.475719314027017 1.5728977543033018 1.081066453550553 1.2103571905402017 0.9478942663569445 1.0930523280668543 1.676343913113407 1.7624950402007857 1.3420454903736945 1.4482216508298618 1.2372893604296327 1.3517192064672197 
1.4676364481348712 1.567668377366189 1.0715066931633885 1.2048875428827124 0.9371358295860531 1.0871296889488116 1.6667692456107834 1.7554905626672963 1.3312736637198002 1.440804277205596 1.2257187839443187 1.3438801787413712 
1.4631211866964746 1.567144071373178 1.0645630366305698 1.2035411885100151 0.9283277605243204 1.0849006242232972 1.6606824965598028 1.7530211886512095 1.3230408936915365 1.437238372664778 1.2161147883239065 1.3394596342779799 
1.4600690088020498 1.5670645228273787 1.0587412056136287 1.202007757339444 0.919777957152812 1.0816104653266811 1.6552277584623212 1.7503338654737273 1.3148803604831125 1.4327595997319997 1.2058063328678448 1.3333636490561005 
1.4545543609551137 1.56615705904406 1.053156197424456 1.2026044739620505 0.9132982225831494 1.0822352738631005 1.6478441672905662 1.7471433668401513 1.307210766048666 1.430356435121519 1.1974037139050222 1.3307498633077293 
1.4474849768740436 1.5634371128881552 1.0455020688052463 1.200915244118439 0.9037189349991788 1.0797364313368563 1.6399093546583756 1.7431080113337927 1.2989089687487918 1.4269854087467222 1.187770115256336 1.3266200263738106 
1.4419132919028972 1.5619586273798194 1.0383693615309775 1.1995047908392236 0.8945338454000776 1.0774003957889795 1.632827658856332 1.739749112891353 1.2904352572392968 1.4233144295644058 1.1777958323607067 1.3220453225991347 
1.437678718098922 1.5606439620600723 1.0308697541758416 1.1964037487046586 0.8839387329869418 1.0723978569143822 1.6276931633678873 1.7372606349982607 1.2826368884741153 1.4191007249362393 1.167823882815624 1.316245456255998 
1.4311886885599259 1.5568895918021548 1.0203720215009229 1.1902786232903118 0.8683415585251462 1.0628363943062356 1.6211928839166179 1.7331677661616836 1.2732338225408089 1.4130564410744109 1.1549815439485949 1.307511569991593 
1.4322189744178857 1.558925353807109 1.0201438899893582 1.1915077105678418 0.864441323562577 1.061252029417433 1.6186242419544508 1.7317452193387515 1.2686160972660798 1.4101006596348433 1.14714953159674 1.3019021145626195 
1.4365341224783523 1.5652690845233768 1.0245442187844553 1.1983855298544996 0.8668551825101181 1.0667122055009262 1.6168694134483002 1.7322539427187489 1.2650404228105323 1.409526265546212 1.141084713132487 1.2994273140367067 
1.4338430542777687 1.5641944764192846 1.0198655665824785 1.1962124517244417 0.8577479603593353 1.061381184711977 1.6123662848932931 1.7293130116958584 1.2585487301891016 1.4052556215936658 1.1311722662179267 1.2924198820896404 
1.4268508334849441 1.5598315038928658 1.0108420518640289 1.1912063940966233 0.8471453751373963 1.0558533544657989 1.6048875015827992 1.7241910892521977 1.249624841917237 1.3995475215428306 1.121345565977179 1.2863074662990492 
1.436285963852185 1.5694688637493897 1.0211573952916366 1.2012816365360788 0.8550634841687487 1.0636957771274642 1.614817615286259 1.7343445663877752 1.259952771590586 1.4098922409031123 1.1295362422865411 1.294668786585511 
1.431919294455324 1.562274178778947 1.0163720961505351 1.1930297488660677 0.8492959494978372 1.054329812572628 1.6106977014056465 1.7276153591466572 1.255773250755658 1.4025955230070546 1.124836801190925 1.2866878305010243 
1.427072206820412 1.553735837926538 1.0100183237344165 1.1822423545353469 0.8414190781526651 1.0418954053345666 1.6065094351043447 1.7200094580139031 1.250789548996665 1.3935689672410478 1.1190726279733951 1.2766689145026133 
1.4233897971721277 1.5464841869497763 1.0062135043288332 1.1738996729217155 0.8359867450466609 1.0317212141299172 1.6029870576064271 1.7132257097784025 1.2473951292408156 1.3862068511754337 1.11463125295037 1.2680605883969862 
1.4211834079269612 1.5418400934723715 1.002459698425274 1.167233499278911 0.8298497544537152 1.0228192459271048 1.6015655720971562 1.7095382056563961 1.2450604201109643 1.3811893587046242 1.1108107929467066 1.2615106866764512 
1.4200454239857185 1.5384245911941148 0.9994020953464023 1.1614756841151603 0.8244040818571797 1.0148218103641544 1.6016901717382108 1.707522363792281 1.2440606690361928 1.377645877884001 1.1083882398522547 1.2564814789127534 
1.4185168877191185 1.5360658693273328 0.9958995985260432 1.1572053424143591 0.8176711930503199 1.0079158566628137 1.60167271484668 1.7066527706749064 1.2429727813127422 1.3756051501983897 1.10532868626682 1.2526211314089883 
1.454162202328038 1.5665374397758676 1.0378744349291633 1.1902248452370376 0.8633950281762862 1.0415866810878152 1.725524023419996 1.821231724668646 1.3928491617542549 1.5097948956528933 1.2681862715703598 1.395617518856628 
1.45231193552805 1.5622044660150063 1.0346560037409682 1.1839703888346325 0.8587712932307592 1.0338089618673416 1.7240244027499236 1.8175623721999834 1.3905262418513469 1.50493722953392 1.265123834759756 1.3898960942592904 
1.4501659790671149 1.5577773667792467 1.0304215139658541 1.1770545671504287 0.8513534789050216 1.0239588388454308 1.721352089510941 1.8129373882375759 1.3863044924055044 1.4985089600231567 1.2589179461997049 1.3815076376443536 
1.4151910174893374 1.525509070152815 0.9855559354914898 1.1383025999788043 0.7990227706282879 0.981249048467567 1.6053629742281046 1.7034091071021389 1.2432800026633202 1.36753700942918 1.1013001639074178 1.2398686858528631 
1.4156596426088461 1.5249846336233706 0.9846185794059574 1.1362040556112294 0.7967662079376896 0.977917327378652 1.6068201211185418 1.7039239451065313 1.2438860176203466 1.3670180444703008 1.1011880257392037 1.238588300084982 
1.4156835427912933 1.5214981987876646 0.982903667573841 1.129998449252966 0.7933731947388364 0.9696586521627637 1.6093169634568907 1.703143553683631 1.2457290296328922 1.3647848514890937 1.1023530385816094 1.2353052648046585 
1.4111357483833291 1.5117929977934739 0.9762539675542317 1.116819491671496 0.7859155157937645 0.9549225967466571 1.607232108117984 1.696292727443403 1.2429653085124215 1.3561624998418804 1.09979732085752 1.2262822329208634 
1.4099635788054536 1.5055982597518778 0.972926630100072 1.106984667358985 0.7806550336466693 0.942470746372471 1.6080438201485314 1.69252289607198 1.2427364408907795 1.350267635592249 1.0987401492245026 1.2190400902873877 
1.4123502575991667 1.506538759249304 0.9742690432013287 1.106402255746269 0.7824277391174425 0.9418699219745964 1.6119425637411626 1.695076579916209 1.2461242904303054 1.3519436120565207 1.1026417122530927 1.2209604942750736 
1.4152807194552872 1.5083062068976165 0.9764560641738448 1.1069934706970388 0.7844101578013096 0.9419487218346206 1.6149653923047007 1.6970802330019272 1.248423064806909 1.3529701577070634 1.1047139897466112 1.2216223221789442 
1.418530260879232 1.5108655268309295 0.9785607606225084 1.1081821607326579 0.7865244455387909 0.9429248339958506 1.6176579778402178 1.6992068362639383 1.2498681508343599 1.3537566005771133 1.1059882167862831 1.2221687587261025 
1.4231295374929813 1.5140871795656243 0.9826069816996962 1.110260684400284 0.7910343105611709 0.9449325834814815 1.621258964164882 1.7016588776029662 1.2524773167147527 1.35493975354072 1.108565843279048 1.2231437101685911 
1.4234425594051865 1.5153747426184678 0.9803210971543904 1.1095951262356858 0.7866085857184548 0.9428281697987113 1.6210514143376167 1.702345317074649 1.2500593672006093 1.3538169418964985 1.1047045012699042 1.2208783419186318 
1.4277300516161373 1.5208020552214607 0.9830957427879637 1.1139582713754668 0.7875994532043672 0.9459062794832361 1.6191937715381128 1.7018267422583941 1.2449307647366652 1.350658506013203 1.0971272798485223 1.2157771420230838 
1.4387763412023644 1.5331690212672777 0.9936316381857326 1.12598122549786 0.7966464616149767 0.9566480400720332 1.621898009679913 1.7061896264992535 1.2440979166462995 1.3521499598689721 1.0932160713251806 1.2147638726821204 
1.4468678910019057 1.5410602080438982 1.0021676219137703 1.1339223135719227 0.8051530977474421 0.9642154228264045 1.618903820247609 1.7036107096447541 1.237644063376988 1.3465521521338495 1.084294423121461 1.2071181660534738 
1.464256871124922 1.5584139976657507 1.0211755640616096 1.1521308676190158 0.822206105934848 0.9801167706556941 1.624043238752142 1.7094216696943287 1.2394627018738995 1.3493975666276217 1.081430135208256 1.2058595029357884 
1.4862007884998907 1.589747955885365 1.0456813892088241 1.188257273170123 0.8475892116690116 1.0182893750018687 1.6381415953505656 1.7326320053380337 1.252263818217909 1.3735612290399348 1.0923015034401886 1.229482962029851 
1.5071633772024235 1.618115653912357 1.0730582120184415 1.2240141952756163 0.8784460866667997 1.057555838259245 1.661732093876812 1.7629833736244407 1.2811190548189557 1.4099726438751266 1.1231561037630586 1.268162630452504 
1.528084967356787 1.6441346834100277 1.0998379965530343 1.256096655672561 0.9072404586777378 1.091430455682721 1.6852980423716726 1.7911908556465421 1.3095149647185373 1.4432479456253495 1.1525064312279527 1.302461616997519 
1.5459321965788078 1.666590487937267 1.1219162483977925 1.2830875131817696 0.9315508039924487 1.1204483024588763 1.7016086242197346 1.8119297470053792 1.3282551042698754 1.466928464541805 1.1719012134215825 1.3270154302354504 
1.5511352194697954 1.6752763930204504 1.1269011145081056 1.2924537306269848 0.9341485185341838 1.1283456822320057 1.7133644464560394 1.8265125924317114 1.3414556940799836 1.4832511261116947 1.1841582292834056 1.3426694440224707 
1.5556145086342748 1.6811710138583331 1.130614752191681 1.297955775917445 0.9364529119360228 1.132847533712042 1.7233141157065521 1.8374468753565247 1.3520964313958737 1.4948458911063227 1.1944953320099063 1.3539640233615722 
1.556739192431816 1.6818290623137842 1.1348108260204706 1.3011178626255435 0.9431532157890693 1.1378269068901747 1.729191393817718 1.8426109079356017 1.3617861704589538 1.5031878311253264 1.2067327590039405 1.3643005655804965 
1.5656026593990091 1.6884228223751447 1.1446606443471576 1.3076344790182193 0.9530089056862219 1.143628398701803 1.7394893962359328 1.8508061215635878 1.3729383319061528 1.511495816473618 1.2177592729342077 1.3720778355535264 
1.5699204570256704 1.6907146549278178 1.1517751828320013 1.3116599691946424 0.9629971870092301 1.1494474260216037 1.7456580843073737 1.8550439213958494 1.3817590157866495 1.5176046193616077 1.228835012565841 1.3798192965412863 
1.569383556928119 1.6873098299827316 1.1524530463131044 1.3085097391904863 0.9647357043026625 1.1466318906939377 1.751302597861476 1.857716475374096 1.3900518207881152 1.5219375079405706 1.238874900737098 1.3852294875854883 
1.5681204203141734 1.6814701564929126 1.1511267371607266 1.3013197145883484 0.9628660329486651 1.1381789103547386 1.7574463607195243 1.8592896346121819 1.3981090169247534 1.5241551947804726 1.247688685372397 1.387467942035527 
1.5674913351329507 1.6750805115685874 1.151636670880569 1.2942691591152438 0.964353129158028 1.1308592274181963 1.762357019527224 1.8587005941777928 1.4053968123903227 1.5244690337284257 1.2565230345190175 1.3884220434712493 
1.5634216791073283 1.6641519398572888 1.145226765449873 1.2793196146900814 0.9564143777164678 1.1134822828095552 1.7669508666181912 1.8566716719093812 1.4104511202600314 1.5213437135870307 1.261965324500946 1.384799917847621 
1.5604652512003343 1.6546161944921616 1.1417050646308453 1.2673568579826766 0.9528148975555129 1.100254143312227 1.7724274574390126 1.8558561481849079 1.4177227325128572 1.5207368928107594 1.270552447041728 1.3845600281518033 
1.5580955329003157 1.6457988237825176 1.1387995774691517 1.256127603535532 0.9489674734383252 1.0869826789622354 1.7753114712759333 1.852760885479807 1.421595444577647 1.5172098361017563 1.2746012694344526 1.3804348861007238 
1.5583162111640982 1.6404003855256895 1.1394604531868713 1.249373497090774 0.9486605898722841 1.078202636628584 1.7815323590260241 1.8537587645410691 1.4296427024459049 1.5186975563004077 1.2827568152447408 1.3813142502388187 
1.5600728291111234 1.6372814833286256 1.1420841890731106 1.2454797141867806 0.9513152147058221 1.0732493006057746 1.7858604748890055 1.853688501148665 1.4352096357573636 1.5187791551409917 1.2885926592103434 1.381062802659888 
1.5706051203436584 1.6464492044243932 1.1565153195914517 1.2575858710838468 0.9686951041735049 1.0873659657859986 1.8096899533206559 1.8758923918630612 1.4648225037695584 1.545865293694673 1.321570084388156 1.4108657011387433 
1.5806768874171777 1.6547107365938185 1.1705032401556428 1.2687025004306005 0.9850290188694228 1.0999137999856434 1.8233888168942076 1.887928753146913 1.481986906276455 1.5607092585612665 1.3403318705361216 1.4268909287534413 
1.5845711658227408 1.657282268063241 1.1746004803152603 1.2709858476146934 0.9870553769454073 1.0999986607432028 1.8255958826522478 1.88905242469256 1.4837859803748115 1.5611981206870704 1.3402286612204801 1.42545838270952 
1.5873156759132132 1.6578762848203785 1.180006027187921 1.2733408596954001 0.9933267908396616 1.1025791736514077 1.827695626399489 1.8892998765494642 1.487721234626911 1.5627850756677388 1.3444695463861651 1.4270883231005083 
1.5951258032915825 1.659984312630278 1.1908905610200362 1.2764567827304676 1.0059892287329006 1.1059547541281318 1.8315840403341084 1.8883383400912603 1.492814153472098 1.5619269146341697 1.3499215150543444 1.42597674828821 
1.5992562462465276 1.6604764631066995 1.1967061388488547 1.2773672636056297 1.0124975774581064 1.1066674693562355 1.8356881044607043 1.8892623852263968 1.4980773873396978 1.5632649813231712 1.3554636181242692 1.427180144001217 
1.5999205859964312 1.6591214715719773 1.196960000290387 1.2750103600485618 1.012048083390885 1.1032585821244099 1.8366525341760112 1.8884466387036631 1.4987527788448514 1.5617932219186903 1.355650387413792 1.425035490375999 
1.5996201014977727 1.6571882700250278 1.1980770006622046 1.273921894273171 1.0130370427164765 1.101695304114774 1.8359984076397626 1.8863665195418795 1.4991644950624143 1.56044310259892 1.355857563926146 1.4233194394964694 
1.5981241172581648 1.6524986953959717 1.1961778187887402 1.2679087578707657 1.010907302457643 1.09484465486451 1.8358197596502193 1.883344215496835 1.4990246395313815 1.556864192550329 1.3557902012930276 1.4194781837158992 
1.596940395066396 1.6535904311464846 1.1938833027540074 1.2686607226438504 1.0073468001611048 1.0949384751570366 1.8326294459586796 1.8821990794757117 1.494546553773022 1.5549315386791844 1.3502072569034786 1.4167576804729933 
1.5972781533289058 1.6552921514892165 1.193376021001679 1.2699767459216722 1.0063208414326914 1.0960731013859433 1.8299786234985915 1.880828639228412 1.4905269507331291 1.5525350877006934 1.3454389243892864 1.413824779434071 
1.5941582218998138 1.6511576371063958 1.1905278646259299 1.2658347848652194 1.0030906023140564 1.0914082016252105 1.822761380282887 1.8728161029782864 1.482725601536163 1.543844653964503 1.336902902027958 1.4043825958672287 
1.5919974919419198 1.6486864780750046 1.1850512285759474 1.2601815357270405 0.9971142433790433 1.0853330838905455 1.814513961243992 1.8644495177363647 1.4704935618864037 1.5316861310945407 1.3237226732021183 1.3913852105680016 
1.5847653102360735 1.6406452896661232 1.179771536411876 1.2538328262187262 0.9910579941293235 1.0781613171059508 1.7986120820142506 1.8480371477715585 1.4544363895226349 1.5151307168504102 1.3060322663577795 1.3733011901049375 
1.5774434351091642 1.6323947092627444 1.169714396153608 1.2428259992569353 0.9810133873546273 1.0671325887765775 1.7812631063851854 1.8301046281644666 1.4327603539214084 1.4930461907218409 1.2833385092675276 1.3503119732969118 
1.5714820444098316 1.6258406217161951 1.1594070104594436 1.2320821917479792 0.9689651262571344 1.054843745406164 1.7641613233779116 1.8127512477509165 1.4095864552777544 1.4699441779273472 1.257617897019005 1.3249168601170809 
1.5639441726762884 1.6195938321221528 1.1539442846377463 1.2283119383316765 0.9651450506779383 1.0529329392929638 1.7575821712022797 1.8072791412308502 1.4052619418913044 1.4669437382286068 1.2548620171668754 1.3235714895418833 
1.5625811159703908 1.6175828951850573 1.1544929044334884 1.227912270968603 0.9634807256957827 1.0503379397104877 1.75605489380807 1.8051713128884117 1.4053195054745635 1.4662324479001518 1.2531417138006666 1.321090017249117 
1.5659271194396402 1.6208610248927975 1.1587697841230284 1.2319943714224224 0.9624276605524854 1.0494425760452688 1.7586703291852426 1.8077566333377206 1.4083824040211983 1.4692187429299048 1.2518229048697465 1.3198951866631419 
1.5655791172888276 1.6212041547586982 1.1610973435896168 1.235075698168685 0.9649408427934144 1.052794267179901 1.7561174457338735 1.8058830034437072 1.407500462525986 1.4691230346457933 1.2506083882698311 1.3195780688261172 
1.5703432099050734 1.6264986752699708 1.1674077454321474 1.2419182693941537 0.9731211493411135 1.0613599366166833 1.755829890574531 1.8062277675849658 1.4070542462303894 1.4694630977316068 1.2505701016076507 1.3203960477049943 
1.579073211541907 1.6366749580717828 1.1758112461655026 1.252104148056092 0.9820854778527539 1.0722521143738872 1.757290095496265 1.8092266830608241 1.406103964481031 1.4704968785751542 1.2486345174346543 1.320727401509968 
1.578664522599407 1.6397926072128794 1.1774384194997263 1.2582127608119436 0.9851996287626246 1.080442700132688 1.75082997098348 1.8061405557292636 1.3998518293355242 1.468442461879257 1.242514475124541 1.319310555043813 
1.5829509973668303 1.6492161559979466 1.1807626005529828 1.2682193769236625 0.9891384421124488 1.092050789480344 1.7436959842485853 1.8040664496144931 1.3888636161569796 1.4639406454582242 1.230096208873372 1.314274230221624 
1.5822812810517848 1.654961538476613 1.179624091126863 1.275459383060424 0.9882086117651865 1.1008360013357472 1.7359642079394602 1.8024581472857775 1.3789382419988494 1.4617641111741926 1.2192267792526854 1.3121728471191882 
1.587359232242072 1.6663301742704355 1.1829713287244707 1.2869996433892823 0.9916552409906075 1.113699705703535 1.7363764959605217 1.808853297872478 1.3764865303097376 1.4668544868609634 1.2160074508505858 1.3174297089500222 
1.5870954522936633 1.6711991334844651 1.1864471724822927 1.2968004712210845 1.0003444064377165 1.1290365364146668 1.7325434380387776 1.8099009182160297 1.3749515202694338 1.4712329020788066 1.2179998856696284 1.325729342874792 
1.587097867806666 1.675280213065404 1.186158605413486 1.301789686350474 1.0017938472542471 1.1363428455745503 1.732136567432391 1.8132791397157983 1.3741869172119439 1.475152139180385 1.218609190280652 1.3314249918521381 
1.5821592243940914 1.6736902442815733 1.17889416121012 1.299154596575524 0.9952922160528095 1.1351730343006357 1.7285049352938837 1.812661174572709 1.3690481888287616 1.473873863600041 1.2145402814790922 1.3315852649392423 
1.576337634945788 1.670308614522023 1.1719232340671806 1.2955672869235624 0.9894901079578714 1.1332171910743678 1.7229188603490533 1.8092926595071568 1.3627226887912596 1.4704093494488124 1.2094212391662715 1.3295827398648346 
1.5733440968187862 1.6681614213716016 1.1668376314614308 1.2918440072054065 0.984402960882647 1.1297787704469058 1.7174184817901903 1.8046820003403707 1.3548522623498556 1.4638905469851637 1.2013175200564263 1.3230701662241962 
1.5675396727802162 1.6628336107656434 1.160281001887003 1.286113134483863 0.9788801054980671 1.1251849858098475 1.707317032984767 1.795206518056323 1.3431317242623328 1.453216370700491 1.1899399507201642 1.312932624955259 
1.5671041249334572 1.6621567263364356 1.159883915218871 1.285410573048727 0.9801110014602717 1.1258628778432376 1.7072999098879662 1.7949436277569992 1.3432752289473133 1.4530443851532744 1.1915012459512817 1.3140109830688087 
1.5678193559160165 1.6615841634731936 1.1613911905920902 1.285159094083263 0.9825339599143189 1.1261338206025573 1.7096143881603574 1.7959915800818536 1.3466823385657483 1.4547706762665078 1.1958665501655745 1.3163970545868418 
1.5670228427253337 1.6600613410880292 1.160847701304088 1.2836706946000542 0.9832559085116069 1.12562660246415 1.7114523309233551 1.7970286997082114 1.3494724439657837 1.4564748345148244 1.200125273887266 1.3192966836822508 
1.5691362917919391 1.660782172265393 1.1643051654177945 1.2851518352765006 0.9880497630274284 1.1279410692560838 1.7139133804012843 1.7981957059826823 1.3531137762651586 1.4583983039672521 1.2048040120777144 1.3219536410232233 
1.5737031974480244 1.6633431152712106 1.1697929092186088 1.2878602470455154 0.9944622000147295 1.1309834803038177 1.7174867145390487 1.7999803276925377 1.3570682780973609 1.4600694767305205 1.2092038406398384 1.3237607388346793 
1.5738001141113844 1.662449424417178 1.1716626562185066 1.2882874949113674 0.9972519645390558 1.1319906229050691 1.7189994374568616 1.8005139142880864 1.360479932515363 1.4621206982821242 1.213517098180741 1.3264671262963914 
1.5788693217203273 1.6658773839870706 1.175612452413467 1.2901099804588778 1.0007078602017705 1.1330204521011993 1.7239470924508113 1.8039713692239148 1.3642689913538335 1.4640864059814251 1.2167914628109477 1.327742666098972 
1.5787972679861082 1.6644967918864846 1.1746939530790137 1.2875770424329567 1.0001146301301667 1.130565358659286 1.7243988770700356 1.8031916825563497 1.3641321626735439 1.462465491572502 1.2170373647675736 1.3263214934699656 
1.5771372270532642 1.6619949755914605 1.1763546773644673 1.2878958781249594 1.0037314486242124 1.1324055311112093 1.722729347795892 1.8007392569973197 1.3653735385444012 1.4625697814775402 1.2197997351029632 1.327696072032775 
1.5768340190388928 1.6611221268757896 1.1766340693683601 1.2873961822206663 1.0041421526847416 1.1319110652327535 1.721093777955852 1.7986342010860206 1.3639010235784512 1.460529766528689 1.2182199028575862 1.3255115723811493 
1.5777205091413835 1.6612226607349618 1.1773756138825646 1.2871177334414075 1.0037684729883412 1.1304909866687776 1.7215237406162445 1.7983611186520205 1.3640584007678507 1.45983356732175 1.2173714026152194 1.3238020454279962 
1.5754551129341112 1.657813713377421 1.1759373626474472 1.2841791838611283 1.002516468129194 1.1275312697491955 1.7193595263324752 1.795128038938235 1.3627057821812578 1.457139164315555 1.2162144698983948 1.3211605247592866 
1.5753736977852837 1.6568460043443018 1.176462292329711 1.2835107789620148 1.0024397652097 1.12615357625489 1.7181100092990782 1.7931085852484445 1.3616766288857565 1.4551630960451405 1.2144896867629953 1.3184542440644949 
1.5817350357842452 1.661714782993576 1.1804553895117713 1.285645838953865 1.0039656417564238 1.125769650692089 1.7227804443188306 1.7964917912195946 1.3636574579150689 1.4556689043595687 1.2140979143905106 1.3166032212931076 
1.5722860109917534 1.6519961947293824 1.1749233678671813 1.2796300431766832 1.0008119405564464 1.1218879923594691 1.7154776327193426 1.7888185026436751 1.3605973424787952 1.451975638707606 1.2134268615620638 1.3150714335732339 
1.569738218738842 1.6488732840122653 1.1707136593417675 1.2748629351931886 0.995647723328584 1.1162523999210001 1.7138836478971937 1.7866455132144685 1.3578989488652653 1.448652679799196 1.2102204229517002 1.3112354874275605 
1.5642083594701734 1.6433430018582156 1.165525623500561 1.269755255534062 0.9900037607182972 1.1108266634162018 1.7093698238814126 1.7820700392286415 1.354122365961205 1.444809957024235 1.206360165620687 1.3073382420461706 
1.561770711935356 1.6411256727298702 1.1629092951125075 1.2674871777233367 0.9869723302398445 1.1082779875523419 1.7073214057285961 1.7802000167096588 1.3521008299897863 1.4430323528920166 1.2041316400041437 1.3054113234889106 
1.562261631906887 1.6417422345326838 1.160611882124412 1.2655734269683327 0.9836818567648637 1.105570510391974 1.7079490063372413 1.7809396301863716 1.3503511923378935 1.4415632142810701 1.2016898089974677 1.3033474422303404 
1.556842866185414 1.6366670109965602 1.156987826207525 1.2623549520180186 0.9808200803370688 1.1031442448222328 1.7024967023851807 1.7757855209806208 1.346609127264632 1.4381499701089642 1.1986422909410523 1.3006392799406046 
1.5554767235623106 1.6363119067714873 1.1552689387082737 1.2620044134004211 0.9789335441919134 1.102868851061694 1.7002929736207641 1.7745436074783119 1.3439251018357168 1.4367127402658268 1.195742130454615 1.2991566730930266 
1.5546490072648507 1.636499780643305 1.1544497036205543 1.2625181640061998 0.9783152766821059 1.1037657255258406 1.6981232146548098 1.7733641612499067 1.3414332016725936 1.435493305733463 1.193226590782147 1.2980707581659734 
1.5544567212174702 1.6368952090424627 1.1542376230820792 1.2630735203408265 0.9788506336199452 1.1050967334067041 1.6960794317891388 1.771941214088709 1.3388854436949296 1.4337728057771806 1.1910072643515524 1.2967607840253994 
1.5533246317902822 1.6364990192036217 1.1527739787687856 1.2626161230771673 0.977928525264713 1.1052854059718766 1.6929733577544614 1.7695961172523 1.335001582196222 1.4309230771059693 1.1873018061413096 1.2942168315218343 
1.5544347871217357 1.6381055096416093 1.153192705584889 1.263714987454923 0.9786168019271876 1.1067126990859897 1.6915295235538148 1.7687267404430216 1.3322379809381641 1.4289787231299829 1.1843544514435687 1.2922142314485614 
1.5525328832647411 1.636948151282236 1.1518045757932769 1.263287250464569 0.9783663567490096 1.1074482490781816 1.6871908562336184 1.765178144473336 1.3277456128936487 1.4255347449032347 1.1804471016349403 1.2894557984383686 
1.5528499986794482 1.6378689316940969 1.1509136141339031 1.263278934443523 0.9779682489727173 1.1080132738414115 1.6843044160954879 1.762995429684593 1.3229287187444239 1.4217636631623283 1.1755680089551446 1.285780565527712 
1.5524854845794038 1.63774946991588 1.1507383531584172 1.2634124044862574 0.977399209652712 1.107845368907478 1.6808224518876902 1.7598796155276493 1.3187690064487207 1.418155082757082 1.1705819706324483 1.2815125033918888 
1.5526234334425746 1.6380782303476866 1.1501551189622243 1.2631379815123163 0.976542261899099 1.107382297103854 1.6777840599418652 1.7571625179416412 1.3142209187937195 1.4141560684942125 1.1653130974098798 1.276955511229349 
1.5524332637354215 1.638022182013483 1.151332911347631 1.264371426111889 0.9781474260827006 1.1089815226450854 1.6747426350673147 1.7543746817963979 1.3115949558122781 1.4118601058632587 1.1625344048724804 1.2745798809522344 
1.5508180365960706 1.6363058838321431 1.1497202704274163 1.262662687760944 0.9769151948002913 1.1076207205824975 1.6706704771832448 1.7503143163911135 1.3068894218455098 1.4072740755672617 1.1577851953327487 1.2700105989178558 
1.5512031853645967 1.6364468041348825 1.1512076204947879 1.2637269507149362 0.9776055281580966 1.1078986366826484 1.6705477935950444 1.7499876431458796 1.3075846411935523 1.407659196809821 1.1576749012936538 1.2696212023919855 
1.551647628218057 1.6366002118179996 1.1520407849354648 1.2641391779874247 0.9795935780489384 1.1092580715607714 1.670020643511547 1.749233786811449 1.3071176526061918 1.4069138029469757 1.1579992080112669 1.2695716037005242 
1.5524525345641391 1.6370733235510924 1.1537957316937084 1.2653634991901022 0.9802583276231932 1.1094172269631564 1.6697038492123746 1.7486598121654822 1.3073051145293586 1.4067504601323646 1.1570256958575378 1.2683093689958376 
1.5523373991675156 1.6363108528302823 1.153848712117046 1.264566588476133 0.98056533696341 1.1087245763895404 1.6691143603942078 1.747485208609837 1.3067357030685913 1.4054607799259875 1.1565896970292298 1.2670680855858398 
1.5522923948323595 1.6356761374741584 1.155399866130502 1.2652168186925046 0.982106482136424 1.1092149881345736 1.6674800072008007 1.7453693941576902 1.30607302476331 1.4041550817706645 1.1555998605115796 1.2653994567970945 
1.554603131873446 1.6376098776053858 1.1578523308396138 1.2671216333212556 0.9842257172166996 1.1107094471691175 1.6687083982022524 1.7462997829212277 1.3070649718475078 1.4047754461944182 1.1560696704916738 1.2654929065904428 
1.5544595291879135 1.6367495859425503 1.1581647098246042 1.2664715844751946 0.9844644443976175 1.109853603626672 1.6674342205085961 1.7444029519933488 1.3058858858733062 1.402833819852911 1.1546266470695665 1.2632369030879003 
1.5541336941910113 1.6361615062871393 1.1592436041746361 1.2670985238156502 0.9860735511207064 1.1108708221282078 1.6655027714596573 1.7422951578236678 1.3047657552755592 1.4014658794903998 1.1536502895330976 1.2619833302289694 
1.5511984046904193 1.6330364429834694 1.1553510245436676 1.2631023407911577 0.9815480676533892 1.1063580534854447 1.6635516027626258 1.7401136366490844 1.3023146448743108 1.3987905374472984 1.1509231309927273 1.2590534487670102 
1.5510484605789852 1.6325714771465414 1.1553196895510958 1.262656677799805 0.9809881972095487 1.105385065935143 1.6627889914431235 1.7390818068717873 1.3014912554698324 1.3976472333863221 1.149545016980388 1.257375062180112 
1.5501608667938767 1.631471877476637 1.1543358856672277 1.2614250318576776 0.9793509488120908 1.1035533765963215 1.6618336920219012 1.7379277873367303 1.3004552448812465 1.3963830484495088 1.1479637572411172 1.2555964964896735 
1.5470289077668693 1.6281439983491486 1.150195841353268 1.2571813359099602 0.9745495500313732 1.098772616768525 1.659052489328277 1.7349379240308145 1.2969607528165037 1.3927173554746677 1.1440732259546815 1.2515821923630712 
1.5448737733628959 1.6257461941682387 1.1473046551045247 1.2540828058196605 0.9718760042436033 1.095882603134347 1.658020786487465 1.7336229811157073 1.2956488430221023 1.3910864950291595 1.1432151680346583 1.2503426061094263 
1.5441067397903494 1.624259810059949 1.1466195837617559 1.2524738626318643 0.9714779029221315 1.0944056024052429 1.6573284863979085 1.7322505645939281 1.2950708698082831 1.3896628600261227 1.1429091844175472 1.2490779441395894 
1.5432908700319932 1.6231434361731887 1.1461733191468497 1.2516234187614526 0.9702617819558319 1.0928201271902465 1.6570755621286877 1.731689153246652 1.295324664554839 1.389501310352785 1.1426113226308001 1.2483623430206896 
1.5436246356558532 1.6231130098750564 1.1461910396629633 1.2511885255330888 0.9697725831367192 1.0918688978195437 1.6573606985697666 1.731636021854958 1.2953074417927446 1.3890789019294996 1.1421586283715868 1.2474955548560742 
1.543311231546183 1.6223691820120956 1.1474068337850338 1.2517246692234663 0.971686805002824 1.0929077968166372 1.655465314495171 1.7294038316201903 1.2943331457923017 1.3876492703931333 1.1414600724933817 1.246275773022406 
1.543656761195018 1.6222654358720379 1.1484704072735583 1.2521394588563581 0.9729236128201911 1.0933660432010375 1.655335645596715 1.728873924733985 1.294698489835797 1.3874844603184184 1.141858248463045 1.2460775287377157 
1.541999234640552 1.620675561654475 1.1467298163177098 1.250526652312556 0.9714447506842827 1.0920313823988979 1.6536382058455374 1.7272367968359312 1.2929605360690821 1.3858479658115634 1.1403782617325042 1.2447048711819393 
1.5393094660999975 1.6177123939307196 1.1436801442820714 1.2472064903122737 0.968515829723531 1.0888262806697218 1.6514248380913554 1.7247387491782806 1.2906334242785826 1.3832043930370739 1.1383115899722096 1.2422854071899339 
1.5396920602078918 1.6180378945708356 1.1435111164598368 1.2470014681094896 0.9682373813622476 1.0885212972961174 1.6535747844797413 1.7267612909337593 1.292778248992155 1.3851608531384443 1.1406759199120593 1.244402082233561 
1.5409949946121642 1.6196851863444772 1.1470526641003647 1.2507774956656934 0.9723489780010796 1.092784088676141 1.661928947163429 1.7351433240120955 1.3050180329097925 1.3970635617836948 1.1544716484261293 1.2575847154222828 
1.5414551101051805 1.6205029530850519 1.1475346464788652 1.2517115200226343 0.974929532463436 1.0956429882755485 1.670021042265448 1.7432487619663963 1.3151890320442052 1.4070068068411659 1.1676360813238746 1.2701653368350807 
1.5403075760377576 1.6198348208170215 1.1468823866462126 1.251661546397952 0.9730362114532596 1.094585257863138 1.676696554418632 1.7500367863365935 1.3244255794869384 1.416128713617273 1.177099560614697 1.27940642234253 
1.536931009236541 1.617006428404925 1.1425881751326032 1.2482229769968394 0.9689871354939922 1.0915534485781502 1.6791621246183621 1.7527516375981087 1.3277560964095976 1.4196792292285085 1.1816787136751057 1.2841018046490131 
1.5329497632691833 1.613576779982609 1.1376806502296881 1.2441914282372493 0.9637308063494939 1.0874153370718318 1.681478937996859 1.7552966892007305 1.3310723887629274 1.423182613833884 1.1858387366446779 1.2883743856189651 
1.5303875187431164 1.6110476839822936 1.1331307419378895 1.2399088518373889 0.9592694507408814 1.0833220027603576 1.6876951233812085 1.76116538463164 1.3379888453513775 1.429546373093476 1.194331089390506 1.2960769397010012 
1.5289540264912869 1.6095512791905446 1.1293310201725264 1.2362618890606956 0.954797722621875 1.0791633779664316 1.6948003607811508 1.7678526997812682 1.3453759329287556 1.4363117022860739 1.2026165385957068 1.3035495556839867 
1.5211712825515231 1.6010969786878764 1.1220795467610334 1.2282556629478434 0.9493720385915346 1.0727799084450855 1.6934667947554938 1.765610163440233 1.3464509732401868 1.4361335897622638 1.2063063382654697 1.3056509663931806 
1.5152992254506532 1.5943182068393214 1.1139563965664678 1.2192693121125249 0.9418426855114127 1.064324408373382 1.6914491102753726 1.7625886912888524 1.3437883774803792 1.4323009479363442 1.2049630675881107 1.3029408260774353 
1.507636224368777 1.5855850320285385 1.1030889209075312 1.2074427838174948 0.9315265266372942 1.0530216420344556 1.6882090157586949 1.7581702390988596 1.3393609906552233 1.4265345323731007 1.202008471554565 1.2984364730139635 
1.5009178435791215 1.5771634679937905 1.093408704544737 1.1959234201127595 0.9225772689451003 1.0420360112655416 1.6875232176104127 1.7556835824185975 1.3381041932428879 1.423099808015657 1.2025510608594545 1.296464147431081 
1.497222925404701 1.5709322964772896 1.0867718038104461 1.18626504007975 0.9159858834924318 1.032076513886161 1.691987434562506 1.7575475158513953 1.3424671109257802 1.4242084593469493 1.2083770641308162 1.298586508814646 
1.4922970487670082 1.5632260221345864 1.0807039606472821 1.1767098899383495 0.9120167209863657 1.0239627014099304 1.6984826579505372 1.7611270408118551 1.351226815956049 1.4291742450375748 1.2205192980689499 1.3062895817844993 
1.4916187515039512 1.559488065790247 1.0783185725184399 1.1704048322448972 0.9098534980084462 1.017305222311478 1.7084606987514246 1.7680255899398645 1.3626013368473575 1.436578898175177 1.2335902266061471 1.314846521340877 
1.4921373040758301 1.5565773095444655 1.0775150810149647 1.165117134106561 0.9102868149186202 1.0124629730457733 1.7179853293537424 1.7742414655983798 1.3733312082213402 1.4430862045798534 1.246443718374274 1.322906319226228 
1.4930785861784626 1.5537319600544608 1.0785523420329108 1.1610661022072246 0.9127944809784275 1.008956442912516 1.7264795687712835 1.7791939300072594 1.383735231677172 1.4489729226506192 1.2588255643196467 1.330203420749878 
1.497841272131816 1.5544522048971003 1.0815457647744071 1.1586778767670751 0.9160667694559482 1.0059679452693597 1.7368752613073448 1.7859252095621074 1.3938968534800047 1.4545589087243793 1.2697974338222051 1.3361057981123567 
1.5015190917844634 1.5572955503151096 1.087745810836907 1.163529456881621 0.9238962685243619 1.012024783802867 1.7448501048838663 1.7930732658068491 1.404682617004012 1.4641526909961404 1.2820010220406377 1.3468988338220653 
1.5046161503021551 1.5594710711065074 1.0930342976092184 1.1673920667959319 0.9313110069950198 1.0175561181665007 1.7515540749717313 1.798894643779362 1.4137877823598837 1.4720313024586391 1.2928310444718125 1.356278869339959 
1.5089373872850185 1.5624105045072303 1.0990598749597482 1.171395387815121 0.9384749217462006 1.0222376067209313 1.7587419385533904 1.8048290091514314 1.4227486694516842 1.4793405024789046 1.3026957996503012 1.3642766919780378 
1.5175820517442469 1.5702185895576062 1.1078955529183598 1.1789672138750416 0.9468357347376989 1.0290913680486675 1.768647846061018 1.8140138749723713 1.4326522522148486 1.4882955388605712 1.312081486865918 1.3726212017130868 
1.5224538592243269 1.5737664589509608 1.115934938724945 1.1849835025514266 0.9563042515157228 1.0360467823988677 1.7734234567770457 1.817664950121184 1.4396095967473428 1.4937707002411873 1.3197283148614516 1.378607246063594 
1.5258244053507268 1.574016188835394 1.123051407533911 1.1877000087210148 0.9660178528184139 1.0404697682854118 1.7766313726893093 1.8181875264053207 1.445518378445566 1.4962988435389166 1.3272036054893384 1.3823372443712494 
1.5307371135399785 1.5784424616895938 1.1287486852123925 1.1926433198843251 0.971510554738704 1.0450632765841044 1.7799891722841195 1.8211770774816776 1.4488888629045031 1.4992009308777474 1.3300519165238265 1.384688627361655 
1.5356417548609813 1.583530795270024 1.136636902125087 1.2005488859553013 0.9798792248397324 1.0533458480330735 1.7829145709967469 1.8243241345135228 1.4534552677920687 1.503963561981644 1.334448224350617 1.3892898343285014 
1.5403595509092836 1.5879599949738816 1.1428676728639453 1.2062569863994363 0.9862067781542825 1.0590152070850778 1.7869247439826472 1.8281163639706992 1.4582657550177367 1.5084589526458614 1.3390281191436757 1.3935227674557202 
1.5385602868781068 1.5884772077327522 1.1405448071682416 1.20703543456124 0.9828953341828629 1.059327768486431 1.7874641997417575 1.8306065520713186 1.459007527793617 1.5115538525922394 1.3393818525567835 1.3964368335468818 
1.53622920951448 1.5892561073626503 1.1374590783696283 1.208117521431373 0.9786426343489661 1.059941600461782 1.7864800906826486 1.8322788829841061 1.4578491297817768 1.5136244170300253 1.33762937168914 1.39820854189548 
1.5332883329734441 1.5892984799125947 1.1334947070156454 1.2081832630244815 0.974044490581659 1.0600279316378807 1.78565263901815 1.8339716174064646 1.4568433292679357 1.5156810456862233 1.336542144802207 1.4004433051903542 
1.5312982264384145 1.5896033830655476 1.1319344181945499 1.209644652058378 0.972801478151341 1.0622181381681608 1.7845026298701365 1.834779085659479 1.4563141504543016 1.5175030681924284 1.3363824653195036 1.4028124431916884 
1.5305306457481087 1.5911503105068743 1.1300009111386249 1.210841571893748 0.9695081127943812 1.0626293962742244 1.7843453415676356 1.836606531357798 1.4554265009179002 1.5190462641493585 1.334657342232126 1.4037611884598187 
1.527080938589303 1.5903214632088656 1.1265479585897737 1.2108907739110024 0.9661585858454017 1.063300792975716 1.7819569239470372 1.8364412983111622 1.4534457639701548 1.5197535169042335 1.3329878839669875 1.404992121736911 
1.5246507370258606 1.5894851410106041 1.1222429335547184 1.2088558001240262 0.9607103902391708 1.060597754803158 1.7814787945618382 1.837272391087805 1.452079897069545 1.520012885160353 1.3311916764589162 1.4049820009713647 
1.5253431940740425 1.5915225792341128 1.1212096047162647 1.2097037811844695 0.9579485245606898 1.0601592504015622 1.7828847773280254 1.839823467002202 1.4522800168108085 1.5216404002693944 1.3302900605612304 1.4056827187285197 
