2.0478595520326195 2.213309300186316 1.7333451144106415 1.9260048284184648 1.5936023049842891 1.8012711122680116 2.224593708354683 2.377777634828631 1.938962018207484 2.112955991375883 1.8151189296713426 1.9999165088301163 
2.046104614432285 2.2137660373357186 1.7315094859691325 1.9267436453407834 1.5918645001384666 1.8022898106744905 2.2286671332437895 2.3835211695433065 1.943846238158021 2.1196117975849 1.8205619144651715 2.0071526248048728 
2.0436711731439603 2.2128882156899863 1.728736227866938 1.925827442098489 1.5894142150929726 1.8018101837706462 2.2311757039595985 2.3871379124674825 1.9468133201567144 2.1237618733604786 1.8242233155892975 2.0119823797289103 
2.047586914443233 2.2167721877629103 1.7335286365673803 1.9304373323263202 1.5948048204715084 1.806894898891233 2.2479675462513153 2.4030865255415086 1.966180930280619 2.141806296292725 1.8450334230574685 2.0311610208053814 
2.0592814952944756 2.2274685159081935 1.7472978109247004 1.9426850883666789 1.6097299535208538 1.8199467672880574 2.2842379370070556 2.4369486382281944 2.0075239266475133 2.179708243908402 1.8890032290237755 2.0710646807287914 
2.067515160883915 2.233742191141323 1.7570008810711621 1.94988136359237 1.6198184255294914 1.8272375236090244 2.309815833283 2.4597224273655023 2.036585951852963 2.2051457038673976 1.9194900298998274 2.0974811586483537 
2.075513329121844 2.240786514526192 1.7662187883052427 1.957778698546503 1.630053237462642 1.8358764068646996 2.3300427861227013 2.478400292423006 2.059337906697791 2.2258124894704046 1.9438151565317212 2.119383397850054 
2.084021533849881 2.2506960791164166 1.7763813681611307 1.9692683545291665 1.6408053683328838 1.8478986291866797 2.3454115644274482 2.494682844281014 2.0768583047839373 2.244064951187913 1.9621549148194213 2.1383495964762194 
2.0959112339771355 2.2626227499765754 1.7912263765117908 1.9837111029359997 1.6569793852403718 1.8633836135137498 2.354577622018769 2.504127310284275 2.087985586471219 2.2552830459415865 1.9740244579314512 2.150207052474612 
2.1160145588476675 2.281450664059008 1.8105398526559116 2.0013880376716777 1.6754872195440018 1.8800949290222793 2.365997790923586 2.5150437503024254 2.0972559432399493 2.264063164033921 1.9818388825167623 2.1575877445738536 
2.1208960346919623 2.2870078762549313 1.8209749621485984 2.0120026960349953 1.6880124749456356 1.892509221021681 2.361500144012718 2.511749980840468 2.096290235862413 2.2642079827286383 1.9818852276991443 2.1587204756179275 
2.13485539343924 2.3005926899511375 1.8375337310908364 2.0277202437852737 1.705365320069753 1.90876663032876 2.368928461160575 2.5193136422955775 2.104933423198133 2.2728536887042705 1.9905992510037298 2.167395799630656 
2.1385682376551585 2.3041598325392902 1.8420353050654297 2.031938112218847 1.7104186689543266 1.91342897696452 2.3694397997643852 2.51990543304456 2.105674457913067 2.273662980630043 1.9915579029261212 2.168405245217667 
2.1401429611633516 2.3059581553308894 1.8447126641883933 2.0347471423587353 1.7137980197844318 1.9168554386121661 2.368612223352957 2.51943544956743 2.105487303171653 2.2738311071267012 1.9917870425868924 2.1689736611902504 
2.1291741837825318 2.296326476210648 1.8314082439712915 2.0233113296144047 1.6997003051379411 1.9049182942441418 2.3641689922435773 2.5157558713726598 2.0999924940546837 2.269295277293374 1.9861755829447734 2.164399692003769 
2.1262403666337466 2.2927663303535337 1.8284601011514607 2.019689503464037 1.6970227182636095 1.9015166197545605 2.361516451160739 2.512496626465956 2.097409877420913 2.2660555030278515 1.983871961267362 2.161394759779622 
2.1261656964462317 2.292934453150523 1.8289680362282688 2.0204187474988173 1.6982105600733644 1.9028628284888771 2.3608442881191234 2.5120815254375586 2.097171729149687 2.2660752633671923 1.9841684127978376 2.161918621975557 
2.13086111565217 2.298531686285488 1.8348549417865188 2.0271584733459815 1.7050125338537572 1.9104309878292933 2.3603709582602495 2.512773344187336 2.0970156470084835 2.267190649781886 1.9844015992229016 2.163452917365758 
2.137171308279589 2.305031741953566 1.8426936139612278 2.034991372319178 1.7135799686426922 1.9188607139168519 2.3616911366504914 2.514608350302983 2.098952972063331 2.269641757946282 1.9865649078078196 2.1661279425309785 
2.1458016315777746 2.3124432399438133 1.8538107836782696 2.044393190548687 1.7258967180227907 1.9291574785801806 2.3632840749435604 2.515559721962856 2.1017281932928054 2.2716052681665095 1.9898156844496528 2.168477704280549 
2.161049355484333 2.3252252145414323 1.8716475614920802 2.0590295228430433 1.7452650664123346 1.944861983159538 2.368266524240726 2.518972868321382 2.1075143196285167 2.2755558856989757 1.9961217811143812 2.172795468179012 
2.168016670284258 2.331443616695553 1.880177779102402 2.0664949881938837 1.7545275031843872 1.9528696358514155 2.3678042202493095 2.518299005406316 2.107431855085815 2.2752147325099754 1.9961380969838838 2.1725331660139138 
2.1760395603358433 2.3382618843206187 1.8898262954426819 2.074551493327319 1.7648900831911913 1.9614172114230592 2.3696318042570685 2.51941964731297 2.1098460006708097 2.2767895418915227 1.9987105156441767 2.1742042675118203 
2.1920173931085154 2.352512421644198 1.909376007100291 2.091671862121363 1.7862643536974727 1.9799279743440796 2.37308377586849 2.522082680958388 2.1147820436371805 2.2807186442852285 2.0043269935043657 2.1786925297504123 
2.2047492544340637 2.3642840880671594 1.9232122105809228 2.1042017919124487 1.8006229863376622 1.9927777380048082 2.38223288847408 2.530603388341911 2.1243491866751945 2.2894932716842735 2.014040068848572 2.1875276851019647 
2.234918259924557 2.392946788723939 1.9569495160949375 2.1356465329413035 1.8357873483996479 2.025203667205896 2.400808381804806 2.548571284320729 2.144451600326809 2.308680872546964 2.0344867770875803 2.2069143959982247 
2.251493663074058 2.4080425003522343 1.9778635205854422 2.154388329596742 1.859049804944085 2.0458521808534065 2.4138647240188584 2.560505394351404 2.160894096679113 2.323555092030882 2.0527019677153913 2.223292679091675 
2.249268945424037 2.4043197192821424 1.9733073711028801 2.14836786992567 1.8531986328639896 2.038599444846623 2.425773031190049 2.57019791505031 2.17235033796323 2.3325197779502234 2.0638578397866847 2.2318269884847615 
2.2492453886591743 2.401352562245819 1.9698918717545286 2.141929806554024 1.84788017858425 2.0302833457930345 2.4390070951935665 2.5799505654575166 2.184061532650708 2.3404089574697324 2.074683577417183 2.2386829289125694 
2.238986587056968 2.3897744289495213 1.9609244914124078 2.1314750163351692 1.8393098665045564 2.020153872669359 2.438691450557247 2.577824058243892 2.186179296174266 2.3403719360949893 2.0777910960972497 2.2394590246890007 
2.230114315246203 2.3774164952876977 1.9532216482176414 2.1198523863859107 1.8321356049883535 2.0088355353453005 2.4379367594886543 2.573370353498703 2.1875101351230444 2.337498646901435 2.080107367244787 2.2373077553760994 
2.228279223745222 2.3712324169331462 1.9518511287940508 2.113584089908563 1.8310596273673367 2.0025719051046855 2.4512334770426523 2.5818714985673883 2.202961663074192 2.347457127428446 2.0966870579499006 2.2480239089285976 
2.2372141798013083 2.3726639797628404 1.957459404714192 2.110936852599821 1.834466046538894 1.9974165190225197 2.471772310692075 2.5950077900584496 2.221751199100394 2.358089367531273 2.114189382601294 2.257034297493957 
2.23500615436871 2.3642961030306697 1.9592663448510543 2.1055564971774112 1.838683961442534 1.9938410826357273 2.482111135236698 2.599138172626844 2.2370399611240765 2.366218785405527 2.1322246334910426 2.2673829496593667 
2.241407811773788 2.3632728037788104 1.9657156796140587 2.1036129633277505 1.8450334434585625 1.9913055450835666 2.4985454585579507 2.6084245771884147 2.2545195858276683 2.3757120888863112 2.1501090291612095 2.2768658730106526 
2.248967525665135 2.363217017511587 1.973871066178427 2.103118333869105 1.853612883073583 1.9906834154772979 2.5146509015559912 2.617328580262012 2.27195537172198 2.3851039707854165 2.168293094924291 2.2865770675523622 
2.2569635360858182 2.3673170656718123 1.9833756114314303 2.108099737256518 1.864155280233114 1.9963418031542095 2.530513653632598 2.6294115382383563 2.289845794812611 2.3986870263168973 2.1873933932470857 2.30108573134966 
2.2658975816172626 2.37179031502765 1.9932510098778227 2.1128528194029417 1.8751145155373738 2.001787175116016 2.546758420105637 2.641415510376768 2.3075389895685317 2.4116039551425024 2.206295774908469 2.314916519976252 
2.273870876598106 2.3753864214819953 2.0019568015921423 2.116554493359677 1.8851258280128254 2.006407554651108 2.5599491472373117 2.65053042320986 2.321784207983386 2.4212917619240026 2.2218348859537334 2.325622959200618 
2.2728290221492444 2.372862756221668 2.0005027632882415 2.1134656850452744 1.884433296225656 2.003949785764077 2.561125436819503 2.6502998696494497 2.322848046068423 2.420815759421582 2.2236682727250234 2.3258173795601174 
2.280587982918092 2.3761382462033667 2.008420982520948 2.1162954094999145 1.8934066806236876 2.0074711144797104 2.5777210281623595 2.6626297369837983 2.3403672776362288 2.433571534077109 2.2424435353940155 2.339552185070983 
2.287736929950828 2.378181910187032 2.016205449417504 2.118276032895817 1.9024488029539297 2.0103035554713724 2.5883122955047058 2.6685894169656073 2.3517450313885733 2.439818360030279 2.2549793183665434 2.3466871678050403 
2.293195227648453 2.38000428111162 2.0226248364216337 2.1205393782973334 1.9102485769421844 2.013634935063861 2.5971343055586558 2.6740947303918836 2.3616463490348507 2.4460272900991193 2.2661447161886286 2.3539515502043877 
2.2993893944883474 2.3819116262627147 2.029332653136368 2.1223813099736555 1.9177738048804114 2.0159781185631678 2.6042395243689644 2.677382099761909 2.3691903532400027 2.4493620266766385 2.27436326902399 2.357761584071954 
2.306165113157781 2.3851940797901627 2.0369464640844246 2.126006624323179 1.926141102293921 2.020092278849172 2.612368102918507 2.682390794471611 2.378070746118803 2.454785885299579 2.2838758989809493 2.3636502260415013 
2.3100214450312127 2.386900987193246 2.041331919239027 2.1279410825171103 1.9311755519641631 2.0225074186919785 2.6163214882166317 2.6844432152429842 2.3824304937823664 2.457045441961563 2.2887503283897286 2.3663210500403555 
2.3111758214290923 2.386927287765264 2.0435040055645697 2.1288017334356057 1.9340110764828728 2.023928616201283 2.617073821839659 2.68420632375353 2.383998811274544 2.4575065679827675 2.2908383957316674 2.3672407471312336 
2.3127446174090234 2.3883891279844685 2.0450217480883697 2.1301945712714625 1.935718552619262 2.025492847747039 2.618531921393056 2.6855771045856063 2.385379573182098 2.458790489137781 2.292362988916548 2.368658488316627 
2.3116364030189005 2.387994291836176 2.044218419387263 2.130183753633043 1.9353452179293904 2.0259355840307856 2.6172520819290908 2.684932464409889 2.3843604062226333 2.4584605802904713 2.2917038886300647 2.368704411960716 
2.312821753104454 2.388546528387747 2.0462153308078697 2.1314331414973258 1.9377732525848217 2.0275540029979866 2.61739169625663 2.684538945195834 2.3850769400656993 2.4585772443983043 2.292718911779889 2.369086335504293 
2.313964968993662 2.3890511759378117 2.04825870791017 2.1327201827829736 1.9403503578812358 2.0293080482888346 2.6182207430485764 2.684811260191271 2.386631457961166 2.4595002255844256 2.2946907183605028 2.370387549842819 
2.312630394868363 2.3868342519054395 2.047342090630923 2.130804552010578 1.9400066620682002 2.02789157788798 2.6074673120998084 2.6735003621598783 2.3753391497781955 2.447642637165197 2.283473732993003 2.3585950674223417 
2.3138783195412955 2.390083224417771 2.0495188815044494 2.1351797553469005 1.9427404390816725 2.032905643566186 2.60875979803493 2.676582265846363 2.3774192839806885 2.451649932972334 2.2860085782523325 2.3631123887456664 
2.316661691705364 2.3931441610682715 2.0538578168449635 2.1397545451885738 1.9478369926190333 2.038206695027558 2.610111179205813 2.678226642697582 2.379935063361007 2.4544466764741824 2.2890670422281563 2.3664415280448323 
2.314805609865816 2.3906546427215813 2.0534993270673967 2.1386360362544745 1.9485468126442973 2.0380724448277716 2.6086476715850786 2.6761814743709462 2.379827125920337 2.453667002379551 2.2898804213465493 2.36652846029078 
2.3133614383347902 2.387772467123786 2.052724712272547 2.1362338249251676 1.948259824657484 2.0360580921855864 2.607877128082228 2.6741053317987324 2.3797186210084607 2.452116825429492 2.2902179623726666 2.3653571665933266 
2.3112743479174447 2.384172669493804 2.0511162713364666 2.1329247912575844 1.9469790768627202 2.0329824722218364 2.6064538684084186 2.6713090376744524 2.37880024704497 2.4496899440462276 2.28961572813894 2.363182258980718 
2.308635745184435 2.3814039125573156 2.0487261854975376 2.130390709222909 1.944706106933202 2.030558404267971 2.6041853300299675 2.668907421388627 2.37681745456888 2.447559356408602 2.287763989476032 2.361175483174279 
2.3047514345261706 2.3768337131550537 2.044827781538201 2.1257422188944832 1.940734040859396 2.025810440882967 2.6004508901631733 2.6645457693930577 2.373138494346767 2.4432039698703916 2.2840565392630805 2.35677185989447 
2.2993014011037873 2.3698946737097493 2.0389959792794685 2.118281953583573 1.9345474390455872 2.0179414325688048 2.5965736525887038 2.659287228690771 2.3691585855990818 2.4377297297029963 2.2798863116650887 2.35106261623927 
2.2948209301888043 2.3646754808033617 2.0341325413140146 2.112624487104277 1.929249929281484 2.01183804455344 2.591895352677768 2.6539420768194266 2.3641940726667534 2.432056874563712 2.274582095074304 2.3450396020350297 
2.291011986993739 2.3619155484794536 2.0305460348755946 2.110219498855273 1.9254749426956974 2.0093190111450694 2.59751722726703 2.6602640619962896 2.3709654196442846 2.439546301005373 2.2816252050564745 2.352811660534901 
2.285379437938033 2.3578849257056547 2.0236133209064326 2.1051539183798322 1.9175551751514115 2.003417080208203 2.5920388727312638 2.6561866774136864 2.364469753443668 2.434620989490964 2.2743623704568185 2.3472082011764446 
2.2789363191527228 2.3530608690200427 2.0164130849489545 2.099825334572702 1.909664575665936 1.9975393608420735 2.5863320843915925 2.6518782697011867 2.3582800158491275 2.429985460802875 2.267682009355227 2.3421627616614007 
2.272880583706887 2.34782866976953 2.0096728812898284 2.09406265536439 1.9022834572670184 1.9912296870506325 2.580849899314518 2.647092653760302 2.352357359074458 2.42485019322674 2.261301042937839 2.3366205771566246 
2.266881810550572 2.343688671604025 2.002889501546463 2.0894233180006965 1.8951194916957188 1.9863537787124024 2.573746457871296 2.6416461299358476 2.3445647872910316 2.418906258664242 2.253196745560636 2.330454681088015 
2.261081115855256 2.3405280030961495 1.99646214100775 2.086011649362786 1.888095958492907 1.9825463094912181 2.564034952116926 2.6343611666734783 2.334019816470556 2.4110645002731155 2.2420289408652265 2.322127751110444 
2.256216862604304 2.338116258234395 1.9910694707869963 2.0834180433652794 1.8821391722983742 1.9795759570726277 2.553925455431307 2.626558268498913 2.3230106194978983 2.4026342718399754 2.230351668392231 2.3131670217733973 
2.247898004103169 2.332763082893548 1.981059691390194 2.0768571604496566 1.871315463744959 1.9724501841392625 2.538162127771 2.613619167153281 2.305172238868716 2.388002766939563 2.2115702825935712 2.2977774650542226 
2.2408894368774734 2.3282524346962554 1.9732522215644506 2.0719310464561893 1.8628232099447977 1.9670496289796655 2.5177817353196126 2.5958425988624656 2.28284115266679 2.368657353791181 2.1880927105378873 2.2774818640922345 
2.246726239520919 2.3345028599964937 1.9798874836090583 2.0789611001006754 1.8698602140673002 1.9744624656173664 2.510169095131204 2.5890294888494045 2.274450381642081 2.3611965920972797 2.179345615305615 2.2697295255011793 
2.2563307664899424 2.346668426431201 1.9906777729730873 2.0925157518186306 1.8815524079358221 1.9889855805432803 2.5025313220435605 2.5842769189096377 2.2659286144556914 2.355898270640965 2.170685134654285 2.2644421232632754 
2.254625014586437 2.3538987125827844 1.9879105143841083 2.099831756569771 1.8788820479207549 1.9969233692605455 2.4847857301584155 2.5752019954750907 2.2455766256351377 2.345233373099336 2.1496566978005793 2.253559209583562 
2.251069202601308 2.359666028848169 1.9839201216027045 2.106335742871988 1.875468886145566 2.0045185845234985 2.4623077821223096 2.561966203270466 2.220717475929815 2.3307289247572505 2.124389465681867 2.239138632309328 
2.25008141728693 2.366882152237403 1.982713328552557 2.114336037951385 1.8748664971191842 2.013551370136844 2.4447270859586676 2.5526369234538544 2.2011306829945285 2.320396738012696 2.104506717123982 2.2289489138560263 
2.2538111614173464 2.3778408220420073 1.9876305630899846 2.1272370528385895 1.8811721450546224 2.0281200316966963 2.4395296457984292 2.5545581058902163 2.195977093853533 2.3230965585548544 2.1001068498363145 2.2326914261423156 
2.264398233038959 2.3946074318580823 1.9994912733467878 2.1458356757007184 1.8946957715131891 2.0485403245994354 2.4521891657435324 2.5729121826269084 2.2099089797975755 2.3431481160844188 2.115562434292583 2.254384574182045 
2.27187418506664 2.4074946906758092 2.0076766032337505 2.1599499336864754 1.9041769596264446 2.0640998683281317 2.4614909907964746 2.5871908067694216 2.219975434137101 2.358582053063283 2.1268322638544417 2.271130522764425 
2.2713014565305087 2.4121656130451763 2.0075296277857544 2.1656195059976744 1.9049299479082191 2.0708671480222023 2.4637686685315265 2.594202900768868 2.2229532050939826 2.3666967677245028 2.1307519452150245 2.2803149980556654 
2.2637570250499146 2.4093245800395677 1.9982034148861922 2.1617275385170167 1.8950338218783433 2.066737102193416 2.459144828931968 2.593769911380506 2.2171184696499284 2.3655577295815124 2.1246059887101043 2.279078689028275 
2.256013346050118 2.4065089693695825 1.9899044559868322 2.159029630657312 1.8871696665525997 2.064727234395926 2.455838021644801 2.5947696604238786 2.2138798329982254 2.3670557908626173 2.122016381029197 2.281368607537206 
2.2487403777343973 2.4020092640814354 1.9816358414332942 2.1539953171567108 1.8784286011592348 2.059443912305708 2.45235963371057 2.5936235253662088 2.2100034150772347 2.365783234561662 2.117953846582366 2.2800315161271434 
2.2427538267623133 2.40051075770491 1.9745856557407178 2.152091002317746 1.8711094613242167 2.057561125861635 2.45679934765886 2.6016091568598463 2.214702422235773 2.3743239015469224 2.1229622991134347 2.2889901908608086 
2.2398951891927643 2.400225565064436 1.9713351148317957 2.1517700712643277 1.8676755958594333 2.0572225052212727 2.4625706663096776 2.609254029639293 2.221100169503593 2.382695588527601 2.1296328226642474 2.2976701817251515 
2.236497120206751 2.39966061049747 1.9667595330118754 2.1504870930961406 1.862481879829463 2.055551125506999 2.471104740453769 2.619696607466805 2.229928772470791 2.393540057566008 2.138522392282365 2.3086207352384864 
2.2315786695691933 2.397783202855548 1.9605227159296599 2.147805915136703 1.8556083640887724 2.0524871084360576 2.4764555353319406 2.6272139136157544 2.2352937121721186 2.4012411184835667 2.143868247088941 2.3163747516963245 
2.223965395162139 2.3921027222965763 1.952018975030389 2.1416142122284043 1.8464035525525533 2.0458102145650483 2.4749526263907944 2.627075152716171 2.2337740491998495 2.4012246579649084 2.142095820190752 2.3161838998703645 
2.2166429260856515 2.388622075014287 1.943839057577957 2.1378774139892958 1.8379300045881943 2.0420568692486407 2.4665013000534906 2.6221438211214805 2.2245523332044943 2.3959638224826265 2.132629715437155 2.3108697623720724 
2.2099243797977888 2.3843459574366803 1.9362976491295545 2.1332108349491947 1.8296856909383752 2.0369314195486896 2.4518100007187833 2.6101172693855426 2.2083602743267776 2.3828963430129813 2.1155037799126335 2.297106032194561 
2.202061961505434 2.378322369147875 1.9273664218070106 2.126518688652691 1.8202813204307624 2.029966624057933 2.4289899783467943 2.589851873020764 2.183038423049205 2.360719628797363 2.0891001694770788 2.2741327857865206 
2.1941966026196122 2.3806567715081166 1.9186504769101247 2.1293772764184955 1.8109408201670891 2.03286364199064 2.397501590920734 2.5692492699711815 2.148193380510109 2.3383247706098165 2.0525646887899662 2.250788691647319 
2.1874828098889827 2.375902638207172 1.9113082041261165 2.1243661063573294 1.803117394614061 2.027576050716668 2.3735347408116443 2.5482345787858303 2.121717505569438 2.3154950822922946 2.024800844784444 2.22702733789233 
2.1857357645134146 2.3716823426321327 1.909669835200064 2.1199705614826447 1.8013613870273337 2.0229530762608015 2.369666997380231 2.542195503999061 2.117715685750342 2.309146168555174 2.0205899368434554 2.2204098709366793 
2.184799543248373 2.365591520220323 1.909128891871447 2.1136336773760727 1.8005467856677038 2.01609596094489 2.3660147620626333 2.533910032076573 2.1141073614881294 2.300461721537287 2.016592556144721 2.2111806199083555 
2.185937997046261 2.3603575907244694 1.9101405678458903 2.1075103838630596 1.8017122553089937 2.0097587119081286 2.3631779189283697 2.525385694437707 2.11066859987792 2.2908262630916862 2.01307029199445 2.201230344527946 
2.1834386379282975 2.354173245022163 1.906387741672239 2.0997717979766706 1.7967866199407705 2.0007922279882484 2.362340255377743 2.5209876763201717 2.1089242324413124 2.2852327671723467 2.010395322860203 2.194633622306507 
2.1740310371174028 2.341358624318319 1.8968728459097541 2.086546393174561 1.7876279693352781 1.9877532578440842 2.3595673044331176 2.514578915339459 2.1069583544412476 2.279215383562898 2.009169149312663 2.189134515709295 
2.1666763906222752 2.3289383535164623 1.8878349174861584 2.072049214782306 1.7777999802227387 1.97231844347711 2.3562107463976925 2.506231504518282 2.1026562190334324 2.269500043674811 2.0044488692505906 2.1788259550133806 
2.1505278969084545 2.3075083088781065 1.870774012376027 2.0492973833832657 1.7604394495072815 1.9490950247593113 2.3475011174697022 2.492104704197137 2.094226985434363 2.2551299356537085 1.9962811216162668 2.1644774604235315 
2.1359337834264434 2.286804319775175 1.8538326444375717 2.025822386919051 1.74226987002083 1.924257043573545 2.340252354713568 2.4787178043299725 2.0859682236655472 2.2402063074418836 1.9874788694580878 2.148798065501363 
2.1147862794513066 2.2587458935115965 1.833142243623091 1.9975040648407951 1.7220983836458066 1.8961104521244272 2.3255933216182703 2.4572334649470124 2.0727937126389353 2.2194787178199076 1.9752686229360046 2.128684602390758 
2.0936315503950786 2.2289954068480493 1.8097683263914472 1.9647872277042369 1.6974926337423972 1.861883104963816 2.304691193081993 2.4283181320431844 2.0502609155592126 2.188309227876559 1.9518682507458591 2.0964057630167163 
2.080942580172113 2.2154221548890787 1.7967654521315155 1.9509329543511662 1.684151251513168 1.8477388182244183 2.298340123113498 2.420772732809375 2.044605436144923 2.1813263607065703 1.9463840159417078 2.0895415860693873 
2.0698707954712754 2.2024984216123493 1.7850281830673962 1.9372557398559669 1.6719403215261273 1.8335808206907296 2.2956500592522566 2.415914605652462 2.0425400115897094 2.1768334539428804 1.9444866991946461 2.0851049639298473 
2.058768172808454 2.190346690606092 1.7731783593787342 1.924383987110956 1.6595311744492962 1.8202021741139252 2.291363023850446 2.4102773165652662 2.0386219884689414 2.1714216190203737 1.940582860036917 2.079652392191796 
2.0524381634963573 2.183724026381608 1.7656208914079772 1.9166547264951765 1.6512355886960226 1.811829787203064 2.2892070142816485 2.407616448410398 2.0360214810842 2.168301565709046 1.9376649113394968 2.0762209701899024 
2.0418204888903064 2.1773624330855554 1.7530069004006372 1.9091645945314013 1.637897272985168 1.8040464885950833 2.2814239425175344 2.4034915147868214 2.027041560869498 2.1635095899145558 1.9283598661796115 2.0713396702743494 
2.0302984189467246 2.1706345298777427 1.7407885224741027 1.9026001346309134 1.625676723699263 1.797878583858646 2.2688154065850243 2.3952173056901476 2.0138908508550233 2.1552955601210635 1.91526407817762 2.0634386546436434 
2.0165006141237054 2.161842995936865 1.7265332915299605 1.8942564818633405 1.6119501750244267 1.7904395491278895 2.2555624106198615 2.3863889457758725 2.0005509911525077 2.1469733767611743 1.9025431475268257 2.0559574024092235 
1.9962851298699094 2.148568424653895 1.707469055104578 1.883253177302436 1.5942003978608585 1.7811981541141682 2.2359199607901266 2.37287379073134 1.9823305288119135 2.135609112440692 1.8856454226231718 2.0461795169387558 
1.9833890365636893 2.139675150662137 1.6927870708275863 1.87347424512883 1.5793569526744229 1.7716506608135363 2.221076534458243 2.3616855531422973 1.9659290345078686 2.1235005648035603 1.8691488131021137 2.0342308043879975 
1.9712928884254743 2.1337893285975658 1.6777495369562316 1.8659862688768238 1.563225027165587 1.7637272273333113 2.207856672308429 2.3540799332938653 1.9502509946816717 2.1143651976744344 1.8526488925473303 2.0246898937706117 
1.9623047224486136 2.129622067847751 1.666589013927588 1.860690535651786 1.5510640666794298 1.7579675955671452 2.196309187014463 2.3470032750475935 1.9366603116096872 2.106016023368324 1.838187683606908 2.0158333979483842 
1.966641632419308 2.1392955642278326 1.6661161491219272 1.8667750863788815 1.5482327778357103 1.7623651537422316 2.216554602450587 2.3710800295234407 1.9548345243638605 2.128446433059775 1.8553866792787104 2.037490105596805 
1.9617217402081724 2.1318767076698832 1.6594226438148239 1.8574793731036099 1.5414725802314422 1.7529072497726113 2.21290469877159 2.365056725862063 1.949943212159108 2.1210432907758814 1.8506033436275262 2.0300933097139597 
1.9369804966580124 2.0970252556022118 1.6307511495116356 1.817957862502187 1.5112670375660022 1.7115926901671206 2.160571380804976 2.305144283933984 1.8909057508912284 2.054542780511888 1.7888832566586117 1.9610519585552852 
1.9236772872884214 2.0725527249093907 1.6142300152175773 1.7890441676854545 1.4950816895505543 1.6823227247853905 2.144175189467815 2.278689916383829 1.871547883311923 2.0242608456988296 1.7698085195662665 1.9305860995638968 
1.9114629576146775 2.0515309106842747 1.5992906229741517 1.7643182637758557 1.4800122550617782 1.6569624963447573 2.1288429054895177 2.255451297504127 1.8536482877431335 1.9977738645334837 1.7517756000849682 1.9036297413659649 
1.8971259081387983 2.027642836258758 1.5841467000664617 1.738323769449023 1.4663117347042751 1.6316613813630143 2.111236271446533 2.229252644715592 1.835143768174979 1.9697719182614672 1.7344457287189647 1.8763130724832302 
1.88483402887068 2.0024098097814242 1.5690983423574443 1.7085418747894003 1.4517117549943859 1.6014096132810243 2.0945376199029893 2.2009392474825105 1.8156426225413633 1.9374219629984788 1.7152129734784773 1.8436380540412152 
1.876267891984788 1.987500173849814 1.559515354747442 1.6917044305235593 1.4426291141152807 1.5845991604986545 2.081349743434063 2.1821531781827415 1.8010340623355905 1.9166375328300966 1.7008275376689548 1.8227973149675858 
1.8724282158493766 1.9871664991914693 1.5539644730523539 1.690458179165897 1.4371449973850516 1.5837389354021956 2.0728453140716696 2.1770463862924188 1.7903926541596624 1.9100652156585858 1.689995862737208 1.8162954847900934 
1.8644017102176238 1.9823179463502822 1.5445028666410432 1.6849569158950028 1.4271462689796024 1.5780802186271774 2.0607353170221545 2.1679992505031915 1.7765487369679447 1.899925292789798 1.6755246291303507 1.805816570469548 
1.855837592200969 1.974586305833779 1.5344882184709956 1.6761598978576866 1.416664045081363 1.5690108116855952 2.048940776554142 2.1570851203386225 1.7631446990608257 1.8877333340242446 1.6616143216240915 1.7932707727463497 
1.846484264266969 1.9669493678144159 1.5246541239853484 1.6685190664614924 1.4065837825687917 1.5613659451728572 2.0354167363627353 2.145298806233185 1.7487101961919047 1.8754660827713014 1.6467832552784625 1.7808090204245737 
1.841136259919113 1.9646399264468133 1.517864165328683 1.6655146163840593 1.3994076036626855 1.5583224808071467 2.0255270032633335 2.1384075743293045 1.7369192663301711 1.8673285331587852 1.6344168851761598 1.7723842324814731 
1.8345768265427969 1.962428781853711 1.5105738802481128 1.6635167684901286 1.3917027135447568 1.5563711107084455 2.01443307471056 2.131524150425662 1.7245584732585437 1.8599883115352742 1.6214514864428846 1.764811467054722 
1.830833453085116 1.964502972371274 1.5064845128097304 1.6663782232301196 1.3882871323092965 1.5603403337911796 2.005273911318743 2.1280141575975406 1.714254331718479 1.856337444899383 1.6113700655701562 1.7617702130912445 
1.8279769286466312 1.9687402028872096 1.502780017455772 1.6711631026516742 1.3834874737648948 1.5647606605690119 1.9975674962825087 2.127137568894962 1.705029041220228 1.8551448369883066 1.6008790836925724 1.7599011834203562 
1.8185026489830278 1.9666409639683318 1.4931032497313406 1.670353888000471 1.373932263380655 1.564741084383704 1.9828738084553665 2.11955498561804 1.6894359917612416 1.847949882182493 1.5850951139468856 1.7530691136 
1.8137840827751686 1.9708734670010046 1.4872646293543594 1.6752568763412254 1.3674891504244413 1.5698904740549768 1.9736904254336747 2.1189580976150895 1.6785700087421316 1.847194304411033 1.573425490148345 1.7521978475755984 
1.8115331605611338 1.976435972474851 1.483471862022536 1.6808734416643658 1.3622232779587236 1.5748965110421096 1.9661058647012397 2.1190136933707175 1.6687146684836835 1.8464169102054417 1.561912974020195 1.750491045362018 
1.808801317081799 1.9838612101447142 1.4815403367700963 1.690829638348243 1.3600468426774315 1.5854559314963157 1.958481861140626 2.121224716256354 1.6609788575466127 1.8500794203646638 1.5535818002335282 1.7542974395628723 
1.806138423330316 1.990598455316923 1.4795278207016318 1.6998084534176547 1.357070617259883 1.5943609586006926 1.952549384387017 2.1243340849664203 1.6550878123139325 1.854632543807565 1.5465942436431475 1.7584936623571092 
1.806646497461562 2.001290116257543 1.4798221713402355 1.7120351110389442 1.3559714712301765 1.606190895700175 1.9475326790146885 2.1293365395047656 1.648874048504048 1.8601011237215384 1.5386911970340669 1.763167933711968 
1.8085795790347878 2.010537809179835 1.4803632776118334 1.7212720941622361 1.3545750823419314 1.614365461146159 1.945367981298564 2.1344223506845243 1.644679884555548 1.8644769001255153 1.5324392786213914 1.7662594178380622 
1.809198081657285 2.02063256488467 1.4807921186555526 1.7327733730272983 1.353622140285981 1.6254387599268083 1.9425531967676972 2.14085758187517 1.64105469813544 1.8715818939796358 1.5272878321627523 1.7726721033153314 
1.8155648683261691 2.0326703971476094 1.4874222792133442 1.7458230692255787 1.3585643754714827 1.6374279570839811 1.943635929885075 2.1478346724737034 1.6413012744588422 1.8786545786493642 1.5254972956843351 1.7783743001629944 
1.8240978705415782 2.048689249562832 1.4967066720350786 1.763498075438224 1.3669729927523513 1.6548141173178093 1.9456932132055968 2.1576646356360203 1.642717230905648 1.8889982796906724 1.5254521301942976 1.787959395924393 
1.828293594869995 2.0588157583141453 1.5012499931199499 1.7747722105900379 1.3697560128149282 1.6650214389858917 1.9462153892626195 2.1642132979543978 1.6428172187442673 1.8960256516837133 1.5235906297305224 1.7937093590218707 
1.8307650024083375 2.068833770094446 1.50467001234264 1.7867301195992638 1.3734330992236934 1.677704131330432 1.9462252784205636 2.1716734350733304 1.6432054607879076 1.9048613756919948 1.5239458055860122 1.8029929263874551 
1.8345136941875468 2.074173488154171 1.5081949395756638 1.792039938327726 1.3756415003050904 1.682006154020145 1.9475109997331568 2.1747538386864935 1.6437793573596307 1.907554911524604 1.5230719409409523 1.804578427800144 
1.8346784145138815 2.072849240756107 1.5090713517535113 1.7910766133538705 1.3763065809198072 1.6807376044175277 1.9464747863877327 2.1724233437024125 1.6431724054532957 1.9054329283034788 1.5221494716496045 1.802109348586586 
1.8356172561695425 2.071876624634633 1.509911868801421 1.789697149829378 1.3763808019394195 1.6785726521385365 1.9453521745399727 2.1696951674250005 1.641565784057221 1.9020831369704638 1.5196474866847902 1.797918385341059 
1.837158172615031 2.0706914628322104 1.5125240520422145 1.7889499688493806 1.378509697030166 1.6771708225002604 1.945304894520702 2.167215751992911 1.6421906069169316 1.8998428809999524 1.519654554905884 1.7949827155953897 
1.8402851299219642 2.0725494168660736 1.5161900611110404 1.7909896781812844 1.3818745396785845 1.6788058164516526 1.9473191160392538 2.168147473220376 1.644455740265423 1.9008015171584594 1.5215057093852458 1.7954919519819352 
1.8435719535291943 2.0745078481797674 1.5198958976980792 1.79301667704443 1.3856303734544253 1.680713180813267 1.9500608839980997 2.1696918480787657 1.647441484028932 1.902337695473506 1.5244511915110466 1.7968797120618425 
1.8451191126532862 2.076458355218917 1.5216325009273592 1.795154653214717 1.3868708360472686 1.6824462775846516 1.951875207629435 2.1718728294351055 1.6494598370855988 1.9047132370093012 1.5260285063387413 1.7988823650362606 
1.8716172168028615 2.097966848721135 1.5481086080223474 1.8152559473343943 1.4127991783098155 1.70132754351797 2.0387752762266103 2.2483590725355436 1.7465090560752585 1.9871607320629325 1.6277761329350207 1.8836584167658663 
1.8745624077086178 2.0974457203451844 1.5514761643010602 1.8144896301148512 1.416278347075295 1.7003348746039204 2.04056029458929 2.2470381939909987 1.748422255593405 1.9855162334401424 1.6296461124594903 1.8817653363940812 
1.878350942121916 2.0978867060283046 1.5561617641396701 1.8150938834479857 1.4210291096843477 1.7006616653909412 2.0429170706297133 2.246427503177053 1.7512702052711027 1.9849115097228618 1.6323699416095268 1.8808397049802754 
1.8651765517115666 2.086980890744966 1.5441870039132728 1.8058569080452223 1.4102146776482827 1.6927229857051773 1.972254350963549 2.1832070204574396 1.6719501065805313 1.916252287193586 1.5490671686194404 1.810031701980562 
1.8726861273254654 2.091982201429364 1.553210026067708 1.811600834813577 1.4205458664461525 1.6992312256715534 1.9797606858904058 2.1883529361182235 1.6807618590976088 1.9220813267438113 1.5589899296009742 1.816558779730854 
1.879758196496318 2.0922625935802346 1.5616838839198828 1.811885326530101 1.4302530927409631 1.6999105248497905 1.987712668238317 2.1897656346456555 1.6900790891183437 1.923652570157899 1.5694376965891605 1.8185726729155178 
1.8832388739233692 2.0867267459483427 1.5665373556529574 1.8060673139880914 1.4367719363406846 1.6947428870056245 1.9921070190770775 2.1854816932329033 1.6958599605675462 1.9193178115820628 1.5767737048340702 1.8149532148945766 
1.8903821806128542 2.0841571997761132 1.5749496451565077 1.8029511444791313 1.4462486303463211 1.6916860067336994 1.9997531592770668 2.1838450363152164 1.7046801148715875 1.9173160247175243 1.5865380581752868 1.8130828592865273 
1.9021090964330123 2.0906735614947665 1.5885797089013853 1.810105637119892 1.462080041698542 1.7001691016875968 2.0116560910536396 2.190811985240452 1.7182336003795322 1.924895745611489 1.6020047634989136 1.8218990609452572 
1.9163918110421183 2.1011776703623353 1.6053878553886254 1.82199346739479 1.4810025925126837 1.7134055877197583 2.02521751134768 2.200885275808189 1.7338450222177557 1.9361323792729903 1.6193569939544803 1.8343137961835456 
1.924403856816466 2.1076836470709 1.6144749325183374 1.8290788555253954 1.4917824544249372 1.7217476712137845 2.0324785374931 2.2068006609954804 1.7418863651140077 1.9424644812634515 1.6288197237785678 1.8417529271240727 
1.933312011135409 2.114273690987153 1.624552532976524 1.8361995644266011 1.50354465593824 1.7300590858119385 2.040567883644266 2.2127754508219852 1.7508263442616003 1.948807531738432 1.6391670103319065 1.8491420701937533 
1.9253829322415945 2.112827964072617 1.6148246167826525 1.834284905069886 1.4936868916098984 1.728595701766969 2.032871548270387 2.2112234852604202 1.7415871608872293 1.946809802976973 1.6298981030013011 1.8475687798204539 
1.9167506722414605 2.1111949714647604 1.6042665694759366 1.8321796565670327 1.482963530346613 1.726960306532287 2.0212693750804442 2.2065223666752374 1.7277928038506498 1.9412570775242755 1.615790079013388 1.842278113488322 
1.915615019553514 2.117753058111122 1.6018372954638713 1.838798475401535 1.4806416916793237 1.7342424660753206 2.0164206462043106 2.2093549589052026 1.7211199959442136 1.943592331853316 1.6089347837743486 1.84498462065108 
1.913487032285249 2.1211574321402478 1.5990482770460088 1.842506885068224 1.4783424778865721 1.738784837501124 2.008893917538656 2.2076075287794725 1.7120682058620822 1.9414051021679657 1.5999120698100284 1.8432565910159686 
1.9148334340991673 2.1281491674560806 1.6003668318057613 1.8502988393619042 1.479943550391031 1.747187657621244 2.0037933917956736 2.208533394722391 1.7058062237557963 1.9422169476152784 1.5933718301149955 1.844252040151782 
1.9274829150828703 2.1617030844073755 1.613558736686198 1.8871517252029206 1.4940730656619037 1.7860638742039323 2.0127744971596693 2.238086462497899 1.714538592512971 1.9741865216884549 1.6025994864645252 1.8777899113629193 
1.938365308708111 2.190080630114583 1.6274406335111244 1.9203531216948329 1.5100222121555331 1.821911133289187 2.0264844860800415 2.268442740895853 1.73145670402788 2.009262405541668 1.6215876120404626 1.9153953847503888 
1.950242696272533 2.2151081148251794 1.6420976665120623 1.9492927261866957 1.5258979645980133 1.8524637606075753 2.041140938319635 2.295542139906031 1.749083903671965 2.0402332925634656 1.6404799157820737 1.947930116837963 
1.9632567268311625 2.2398385110198924 1.657067709011255 1.9769605388696583 1.5419698210561092 1.8815340839452814 2.0542768098208697 2.320032928940408 1.7639585108975238 2.0673773743968007 1.656305275294325 1.9763215186218586 
1.9689132997333731 2.254205901169403 1.66398708728973 1.9934085606485592 1.5491701492950862 1.8986186595698886 2.0633117962312335 2.3371093751613254 1.774679974887574 2.086699229948332 1.6675023652357917 1.9963438584239341 
1.9758845731635337 2.2659443121280893 1.671289387289239 2.005889327771011 1.5564696288927837 1.911277448427004 2.073269256200371 2.351346250109847 1.785366566928383 2.101884287373032 1.6783692287174594 2.0117919989665034 
1.9804791823359316 2.2712444847409095 1.6784628414314093 2.01332839543528 1.5651073153193042 1.9198475528713213 2.0803915683510157 2.3588732046182557 1.7952628765910579 2.1116871249941362 1.6897609873783925 2.0227570077164483 
1.992151083894555 2.2800544954150217 1.6902737259575003 2.0216349397609474 1.5761428476703023 1.927228278451271 2.0927699194517895 2.368473875043221 1.8077735652902578 2.120855446361739 1.7015423212374854 2.0310659349125646 
2.0013667458050786 2.286198401979673 1.7013692186043599 2.0287660042534252 1.5882969699695362 1.934921586735341 2.10278717671913 2.3754890428234794 1.8195884912183882 2.1288815277920965 1.7143314510836023 2.0396486477269584 
2.0099878386090024 2.288651705995495 1.7118171101365034 2.0317955946787785 1.5993649382664639 1.937999929245636 2.1142664996343505 2.380755836173901 1.8331365302879352 2.1350093814023605 1.7285947835962279 2.0459509881412337 
2.0169884369998976 2.2858013404474344 1.7197957067603378 2.0283842550146383 1.60719610222004 1.9338367883539938 2.1245387186142994 2.3812413107224746 1.8447546408374447 2.13536064820238 1.7402590964828455 2.0457632159884214 
2.0288449515254756 2.2857221091222812 1.733606651270815 2.0282272417385605 1.6214327631235312 1.933224748478668 2.138616770019914 2.3836936489008838 1.8608766409975728 2.1380307752252796 1.7568477614780427 2.0481278719382754 
2.0392194980062937 2.279892339530321 1.7443226760691497 2.0204342397239854 1.631819277815114 1.9241432052342258 2.1526301282405766 2.381870984711187 1.8756497290829757 2.1348430445840836 1.7715062696499384 2.043948967613683 
2.0478423068208276 2.2744121994935855 1.7537858133778053 2.0137173135287014 1.641279490155546 1.9165310079425404 2.1641431244733447 2.379665565327458 1.8882854733342758 2.131880570858802 1.784280167015609 2.0403304766643195 
2.0510390914875707 2.265754277676677 1.7571979919207055 2.003653132358533 1.6441411772746766 1.9052772246605374 2.1690158142830955 2.37308042312311 1.8935715013197045 2.1242631952303275 1.7891530003356784 2.0317356005667078 
2.052793981502062 2.258264929030934 1.7591026242067545 1.9950537340360257 1.6451404300214283 1.8953322647206452 2.173159550914541 2.3682102509978056 1.898183696519146 2.118702127466504 1.7930829143492193 2.0250786890713877 
2.055980241383124 2.2529852322990958 1.7625960104793752 1.9888771707065798 1.6481959590284798 1.8882366438976366 2.1767153191949125 2.3636787609186256 1.9020461414008363 2.1134491306908263 1.7965480086036691 2.019027600410111 
2.0682247258553503 2.2618878136723404 1.776497798996509 1.9986313804299782 1.6626637131541182 1.8981658484019355 2.196543835264719 2.3797873403393504 1.9243689182273342 2.13114492666253 1.819808211499069 2.037224801449128 
2.081521235619382 2.270556688201032 1.7917014273406269 2.008205921895073 1.6781904764163214 1.907621633116599 2.21113972448926 2.3899447485693974 1.940773616786471 2.142264981652466 1.8364997963556762 2.0482745231082773 
2.089363834280667 2.274806594504247 1.7999321178311172 2.0122274819711636 1.6851829412856072 1.9102736338022388 2.2182159089863207 2.3936970629718393 1.9480236691785884 2.145716669572199 1.8425205921454475 2.0504111643472904 
2.097588713023096 2.2778140259911233 1.80980868088367 2.0159280218802182 1.694808907753877 1.9133571443412989 2.224271349040375 2.394982539009813 1.955226863195647 2.1474334482264843 1.849292258936345 2.0514483144748956 
2.115118167612779 2.28022114913568 1.8295104435246166 2.0181159751029276 1.7147863024195287 1.9147260088497362 2.23765551527612 2.3943236688145655 1.969894871571993 2.146198833064085 1.8638319143757678 2.0492811010316863 
2.118655538837307 2.2772888623637537 1.8329933057831935 2.01425115848198 1.7174365623934993 1.9096941158850544 2.239986391308215 2.3905820010294563 1.971979259537483 2.1415054215308444 1.8650539099034107 2.043469930595016 
2.120815542521228 2.2766310745045213 1.8341468491371158 2.0122835655542213 1.7172336716357532 1.9063268258616122 2.2406110540429838 2.3886247883457146 1.9714395740929038 2.138168486883017 1.863161510202379 2.0387646497572027 
2.1186571893957384 2.2730240091513005 1.8321732087819236 2.0086783035066245 1.7144271835742253 1.9018912765398157 2.2371796814914644 2.383883971018357 1.9680252305492048 2.133319752891781 1.8589043033137156 2.033090029703124 
2.115167258122603 2.2652298750091324 1.8273249366858346 1.9991123732881773 1.7083769603439078 1.8910012415209803 2.232180438404093 2.3748607046296186 1.9615844116412349 2.1225332178304983 1.8512830195283188 2.021035050461493 
2.114523223023157 2.271941561639348 1.825376672115714 2.005619603490213 1.7050052931015314 1.896721658099638 2.228135979347813 2.37804540353296 1.9558582455955849 2.125062699231305 1.8440240050672438 2.022605876107414 
2.1138059359799897 2.276386724786507 1.8232291942002903 2.0094590516813824 1.7017168783861314 1.8998950813095548 2.223637434462786 2.378723276412 1.949500602601661 2.1246914094390834 1.8363627743842552 2.0213829980842917 
2.107930259438203 2.2705588842518947 1.8164815277495143 2.0029160763384994 1.6937113988679446 1.8922806268773165 2.2133233596641975 2.3687270764347694 1.9377913862011076 2.113552252638957 1.823208331056879 2.009018737253391 
2.1041498574754627 2.2681641401613795 1.8097810427546228 1.9981064452911437 1.6861696897744338 1.8868731188699495 2.2045255841368707 2.3615789199419126 1.9255632555473243 2.1035483819285 1.8098769712646243 1.9981933327668797 
2.0968900950288476 2.2611379568770436 1.8027805134930015 1.9914352535872437 1.6772126785324781 1.878520470591175 2.1895251093034056 2.3472999368785596 1.9097355087734242 2.0887523795007605 1.791679241011094 1.9813912516386283 
2.0913835245700083 2.2550871718944414 1.795051045191437 1.9833661691283508 1.668766904886021 1.8698438675041482 2.1760736272715753 2.3338443686987507 1.8930450705957507 2.0724750288741407 1.7737514953642382 1.964109842474924 
2.0885136450665236 2.2523480400748586 1.7892152597239543 1.9779973947477931 1.6615334018999008 1.8632969955509124 2.164814392791922 2.323274371063189 1.8777175919821003 2.058398844548611 1.7564809578355973 1.9484372720821825 
2.0840528720260636 2.2520313384587003 1.7862144741883839 1.979628986401261 1.6589452800499735 1.865601302047167 2.158087493312559 2.3207133396419484 1.8720650104075136 2.057424647269514 1.7510467434058077 1.9479562298963713 
2.0860054865657975 2.252776358625643 1.7890855125405856 1.981012216818112 1.659663270781941 1.8649569979982408 2.1574165121975426 2.3190576618753167 1.8718584584050713 2.056073082432288 1.7485735013154609 1.9445029497284416 
2.092484529780331 2.2592463359204573 1.7953890080341954 1.9872403450941742 1.6617014752867052 1.8673388262364206 2.161010698918914 2.3228580972246267 1.8748059695984576 2.059271697140038 1.7472056337025736 1.9438184137007275 
2.096499474552152 2.2643547813002822 1.8007343743032866 1.9936491204816982 1.6660832052443988 1.872919052067507 2.1617009983023667 2.324853486751681 1.8762423740181995 2.0621052288526522 1.7474193560967126 1.9456276454813877 
2.106226138202785 2.273696197966786 1.8106485674610127 2.0029862930755713 1.6756994970604417 1.8818806178524232 2.1675365426063333 2.330605182980124 1.8816148259231529 2.067360686608367 1.7521400979184905 1.9502565928958728 
2.119315251297209 2.2884197629326994 1.8227367321642896 2.0168631762667872 1.6870510292166485 1.8951277139498943 2.1767505478286555 2.3417110890270716 1.8892101545017042 2.077133333436338 1.7586605665313455 1.9591464634560511 
2.12900986185298 2.304625697736456 1.8338440428420422 2.035092280037258 1.698046664572928 1.913629820489649 2.1813266762049297 2.353041156274842 1.8943302378210738 2.0897616286847756 1.7631975361607235 1.9716698928378569 
2.127107626561074 2.3185493833374107 1.8288576394499072 2.0483663376882286 1.6913254434833904 1.926568489250846 2.1741877662957925 2.3618164262089225 1.8834080422230033 2.097214877286132 1.7501678045005533 1.9784265798634748 
2.116211329244838 2.3292073237529123 1.8151145690628467 2.0594895643882745 1.6757314007991266 1.9377647160128093 2.159787545794309 2.36886863501719 1.8657365172414362 2.1042407463900616 1.7304356620713188 1.9852616823905618 
2.1100191099336136 2.3442817331295824 1.8043992280770462 2.073483246685403 1.6624619166420145 1.9512190610705502 2.1514159595589692 2.381610134141405 1.8526377306546038 2.1155951316461854 1.7146981107603285 1.9959122753881344 
2.0963058500598835 2.3493911158415686 1.7900201770358035 2.080700034218121 1.648664117215902 1.9604167336551914 2.1367018818719865 2.3855052567947297 1.8371632886587108 2.121393256186907 1.6997323572831369 2.003554462597733 
2.0876913531289216 2.3571222870969737 1.7780830717177607 2.087857682010263 1.6350014415679477 1.9674348793109437 2.126813623923184 2.3918416505498996 1.8238586608904943 2.1269768934582407 1.6846693203430956 2.0089004478334083 
2.0784961611460306 2.3614247176860803 1.7655540426446268 2.0912583491522 1.6212548791287522 1.9709509858184664 2.116792932929148 2.3952020220221057 1.8104825617770486 2.1293256002544054 1.6700698823997708 2.0112965513565584 
2.0678640345642263 2.362887539313761 1.7525029200101894 2.0924727818168245 1.6073562715976317 1.972503496028395 2.105106761056132 2.3955480236146887 1.7962959930490965 2.129285127136392 1.654994560064848 2.0115125780974474 
2.061171978977019 2.3637596041306823 1.74297420099095 2.092101480454531 1.5965365400516331 1.9717653163903759 2.096604254111882 2.394718968388575 1.7847348645555283 2.1270185885318535 1.6420256986905046 2.0087752324140298 
2.054942624272522 2.362591365821021 1.735590791013838 2.0907711894542738 1.5889129864948677 1.9707088195499707 2.0879112291982245 2.3913222438249595 1.77450260800373 2.1231835244773447 1.6313272481669763 2.005062932531555 
2.0508620999257263 2.361881768698798 1.7299789171292697 2.089324577491913 1.5828424667387972 1.9692233014342888 2.0834222127047988 2.3902088303727274 1.768456902836979 2.121294405213892 1.6248086158042616 2.0031108742133474 
2.0500019051469414 2.3601390731704965 1.7286179487400013 2.0870717875305798 1.5809818893036345 1.9665330833489911 2.082599321272839 2.3885076023672376 1.7671536816491342 2.119099046332212 1.623026757686419 2.000491062156012 
2.052326909560368 2.360340999835746 1.7306409730806704 2.086691656547658 1.582848259216786 1.9658515975285646 2.085065881838176 2.3888624119872643 1.7693422974669457 2.1188997280205615 1.6250731059265027 2.000006622840437 
2.0569942960859784 2.360032286925382 1.735843388134497 2.0860678630692364 1.588174109513894 1.964897926949451 2.089775960152248 2.3886587083194306 1.7745676368147396 2.118399669285815 1.6304094674744285 1.9991903093078083 
2.065608232587005 2.3608043721857195 1.7447625262284867 2.085870606277199 1.5969724779504533 1.9639198070520116 2.0976702396685734 2.388907772935408 1.7826046496043957 2.117625852220172 1.6382320223921916 1.997614595559216 
2.070616290592248 2.360366964068511 1.7513152439426776 2.085901595441645 1.603910803151472 1.9637744897686191 2.102624617440308 2.388495481273934 1.7890454277815306 2.117678900321293 1.6450253260865013 1.9974956084222064 
2.077622284155626 2.3613458365135847 1.757077521573832 2.0848887790047796 1.6088019635803656 1.9615513151635977 2.1093127180245324 2.3892760297671845 1.7944378517017636 2.1164704126493334 1.6495240358418668 1.9950863010957798 
2.078503280819263 2.358421842329408 1.7569430708979845 2.080583248124535 1.6082724708134626 1.9566599189374836 2.1098302393833586 2.3860765572412883 1.7938942847939618 2.111879353328793 1.6485593986922158 1.9899059749185235 
2.0755608916718296 2.3534723239582744 1.7557349335926424 2.0768929008587707 1.6076303365629676 1.9532931842500143 2.1068900886466673 2.381147792607078 1.7926622625685968 2.108202303441859 1.6478798893237214 1.9865515584141178 
2.0613610087354157 2.345419190408122 1.7387202485548645 2.06759040265104 1.5883508797286228 1.9428434027308248 2.092480884647382 2.372816516929763 1.7755041951554746 2.0986179064838577 1.628534789746504 1.9758308459518215 
2.050383648329553 2.337698962727496 1.7249189975582069 2.0581809646231815 1.571923812065079 1.9317628751834968 2.0810581347375208 2.364649296440639 1.7612709623897198 2.088740945631413 1.611730227351094 1.9642906253294623 
2.0440996115586567 2.329644024518392 1.7183569051783887 2.0497923096192574 1.5647997971543355 1.92288753289792 2.0744943576867714 2.3563583978406704 1.7544041927886087 2.080103874972173 1.6043011011883803 1.95516753304525 
2.03921720391676 2.324310590551549 1.7128759713271973 2.0440051393648915 1.558217604043187 1.9162606863759666 2.069245125114492 2.3506995351192996 1.7485172793570243 2.0739637395118775 1.5973135836804526 1.9481846938137282 
2.0434616082657486 2.3227717435116264 1.7144524209367957 2.0393333056800795 1.5575113941336158 1.9092865083208543 2.072817409415513 2.3486390188311272 1.7493380953880928 2.0687476888146703 1.5958315735615833 1.9406729861509486 
2.0363591843214714 2.312006586921934 1.7109818998371695 2.031274179418035 1.5559490337316355 1.9025228319182952 2.065529757803167 2.3377401290071593 1.7455983256094196 2.0605167421718296 1.5939359611886577 1.9337134169184456 
2.0272491462014752 2.303636639050224 1.6995592572118836 2.0212630538291174 1.5432160434542566 1.891697232850598 2.0560743539898088 2.3290436692201824 1.7338409145981675 2.0501724271715807 1.5808916487649018 1.9225558689241282 
2.01920487127712 2.2953315438492212 1.6914701127094296 2.0130647595617113 1.5345713578029698 1.8831536942557956 2.047642652561538 2.320387686700059 1.7253183076143515 2.0415880697607074 1.571801950816085 1.913614369874257 
2.01429474256957 2.289509758385714 1.6862077958375739 2.006930082126283 1.5289657391659923 1.8767546071192711 2.042258126692953 2.3141499259649123 1.7195149539458532 2.03499466845577 1.5656216585252676 1.9067361646130832 
2.010944552994428 2.2855664763506574 1.680084305032923 2.000649743112962 1.5217490163683234 1.8696620527298404 2.0384029702926654 2.3097624968593546 1.7128549109886568 2.0282475363470702 1.5578538900994408 1.8991642544808913 
2.0050461264898223 2.2777948584874452 1.6759515787014374 1.994229962203918 1.518533338110112 1.8638891992154039 2.0317500804754114 2.3013360983376243 1.7078091562911355 2.0210768323623522 1.5536221931704761 1.8925858942494103 
2.0005075993482877 2.2738045340464623 1.6708220192020002 1.9899252809716876 1.5132045019263753 1.8595548576609 2.026449615102791 2.2966615872936633 1.7017971698619814 2.0160034750342692 1.5473381182373325 1.8874352058150896 
1.9956851802975064 2.2694325734110476 1.6652051533847383 1.9850624849759995 1.5071772114980673 1.854494004643609 2.020841670462852 2.2915858970326837 1.695272816121078 2.010351906378356 1.5403327124615285 1.881539192118806 
1.9924925790771442 2.266029442544269 1.661228948121688 1.981046282871122 1.5030940883648933 1.8504471338780497 2.017079953813802 2.2876788010727136 1.6906408490502913 2.005773974623634 1.5355379190620757 1.8768962298639444 
1.9843697339697155 2.257229846226352 1.6510243432169738 1.970595016611744 1.4917859909166058 1.8392359229568782 2.007808731780754 2.2778628670345893 1.679122998536748 1.9941959236281273 1.5228256975159828 1.8645003198216512 
1.9793590305367645 2.251618145904727 1.6438967000901974 1.9632418250861101 1.4836381194103367 1.8311483207450565 2.001796087888934 2.2713673592546497 1.6708446266147672 1.9858609894671482 1.5134422602423392 1.855378553904146 
1.971946842423842 2.243890848268997 1.6356820934843543 1.9549751150706138 1.4753267409443105 1.8229264335527533 1.9933247418986604 2.262700889703577 1.661392514809598 1.976536586523346 1.5037812905689978 1.8460308663360319 
1.9652813302830614 2.2372975514578206 1.6265080164447883 1.9464577966550314 1.4653622992144844 1.813961492027645 1.9854118092826887 2.255001037480728 1.6507748704287812 1.966780948514389 1.4922519938801084 1.8357520638253848 
1.9573460848246562 2.2292978876270464 1.6168088445386517 1.9371722215070115 1.4539810396901365 1.8035038785038444 1.976226239062322 2.2458930348434696 1.6396149828415236 1.9562470876549338 1.4792996031765877 1.823977163222832 
1.9504232989297707 2.222117785358843 1.6070936713857378 1.9277983493114859 1.4421892428554894 1.7926422451811432 1.968040847789519 2.237597190194895 1.6284298579208407 1.9456207773274035 1.465927537693487 1.8117946773208298 
1.9416439711406828 2.2132111169671456 1.5967794950671679 1.9178182639309076 1.430075061340124 1.781414274857749 1.9581925068764205 2.22774325980059 1.6168615708176628 1.9345706181959241 1.4524638599245627 1.799436968050551 
1.9336588446949503 2.2042013032540857 1.5862488203516527 1.906738623321773 1.4173992353839513 1.7687530777547809 1.949099751056115 2.2177593866709278 1.6050353989762998 1.9223957681931703 1.4383928199094327 1.7856205537479146 
1.9253296100642092 2.1954135984342447 1.5758927484413399 1.8964136456453797 1.4040540309368439 1.7562216496188627 1.940154935923933 2.2084265747789757 1.5939714622884564 1.911463257138363 1.4243155513403623 1.772462002580027 
1.915793435758733 2.1856309010663835 1.5638452994130365 1.8847626024770998 1.3906033771339152 1.7437017232589553 1.9300178800975525 2.198109861834993 1.5812389602764823 1.8992194703867824 1.410135554298327 1.7593181146956482 
1.9059538685764692 2.176146940337809 1.552348555299875 1.8742308806392047 1.3767490712332475 1.7315869489984064 1.919372310194562 2.1879089153668185 1.5687944266670537 1.8878748131011256 1.3952662545699333 1.7463456925653664 
1.8952717910472605 2.1651662750328184 1.5393868806571953 1.8616126892937452 1.3623123190882076 1.718075868912514 1.9080409242674776 2.176352454286642 1.5550810188152546 1.8746111094516351 1.3800216887714085 1.7321517537674032 
1.8841670726505013 2.1538713639538365 1.5271754906559887 1.849686804315898 1.3485887144939188 1.705217820590777 1.8961514069241305 2.164362828358582 1.541936957070671 1.8618930888695944 1.3652824327516853 1.7184505858418972 
1.8775316851625807 2.1477816529594995 1.5186079380766584 1.8422841446393223 1.3384550909124444 1.696850856849075 1.889126584892987 2.1579249416394073 1.5329201200810953 1.854099483455362 1.354671936429422 1.7096715635903406 
1.8659617241782962 2.1351322853861867 1.5049644708425645 1.8280850030834015 1.323195617019056 1.6816133208613804 1.8763693296839083 2.144233798208218 1.517849387712246 1.838707014121184 1.3378323311156894 1.6931544720368663 
1.8564685647438255 2.125507110146188 1.4942813515138305 1.8177408233524384 1.3112052101337914 1.670498143214173 1.8659179592045305 2.133765398042156 1.5060049986909074 1.8273904890531745 1.3245502639318751 1.680993261462401 
1.849737023629059 2.1178468962094708 1.485522874877425 1.8084597399400655 1.3007730343853574 1.6600478626184516 1.857946061500196 2.1250204673471007 1.4957321694220826 1.8168552891862604 1.3124202824720783 1.669190048210236 
1.8426384666995557 2.1104173881393438 1.4765421717515859 1.7996449144653204 1.289805819090955 1.649892143190242 1.84975206456457 2.116631222854111 1.4854100330753424 1.8069277792875091 1.2999481652592497 1.6578330029170278 
1.8363798074039586 2.1038790727228123 1.4685786740386093 1.791853698671016 1.279961002000061 1.6408279989813073 1.8422923142218772 2.109041802961952 1.4759652759604474 1.7979126373216805 1.2884294084818926 1.6474424712993776 
1.8317131338548212 2.0984739453555887 1.4625239017316092 1.7853279972420335 1.2727622093447974 1.6335065154863173 1.8361249443423642 2.1023260227272673 1.4680456292759603 1.7898541460790178 1.2791033766026303 1.6384521178955003 
1.8272888121681505 2.093471390030179 1.4568208472818096 1.7793158906936368 1.266582630180475 1.6272275860723633 1.8304342928646442 2.0962174883095717 1.460764278894747 1.782546026416959 1.271116381963072 1.6307589994523686 
1.8221185543613811 2.087642845495371 1.450544841136602 1.772629955841887 1.2596057502837983 1.6201059441740253 1.824054612364446 2.0893328727342633 1.4529760971495747 1.7746200052653553 1.2624047880485918 1.6222831050984936 
1.8188948838484564 2.0839780204431357 1.44736325091184 1.769024073123396 1.255814572972495 1.6160618901793613 1.8194779727301154 2.084486959529872 1.4480959480815108 1.7696235944545071 1.2566589578919531 1.6167181348800692 
1.816655311773524 2.0812160108924207 1.4444224334296945 1.7656669358616195 1.2522794778303123 1.6122740005330856 1.8158464947993154 2.0805100468094264 1.443405049552952 1.7648347512656704 1.2511058554234968 1.611362598447339 
1.8126284279618063 2.076971775748359 1.4410342588069478 1.762035662083855 1.2491747564913764 1.608921226056543 1.8104713345190775 2.075089490242599 1.4383199818939072 1.7598165556998517 1.2460426186592855 1.6064906308208864 
1.8098809148474493 2.0738642713372157 1.4384043513313773 1.7590483699799275 1.2465284713671967 1.6059505969764576 1.8062870741742687 2.0707286360914217 1.4338797530926504 1.7553504596886174 1.2413046758669042 1.6018993065511453 
1.8088982146078343 2.072705406470348 1.4378793909126768 1.7582639432154121 1.2467435721957463 1.605728646444165 1.8034285937101613 2.0679336652347944 1.4309923426110325 1.752636310194277 1.238794364134504 1.5995644494084664 
1.8093571045053571 2.071740868357819 1.438925430876809 1.757510594455695 1.2484901519932026 1.6053238781080938 1.802500355895668 2.065755219527234 1.4302939547533613 1.7504507679463626 1.2385322204141522 1.5975916734272277 
1.8118473086567228 2.073320551648155 1.441967694605746 1.7593005065328124 1.2524579492688008 1.607643727536238 1.802461248783621 2.0651232392684484 1.430156185794618 1.7496325773620616 1.2388409091431434 1.5970579946159158 
1.8153732852601114 2.075837846855117 1.4480912960293941 1.7636584145565404 1.2597718517398657 1.6126213814891854 1.804313571842791 2.0661728066974674 1.4342021134889218 1.75227232584895 1.2437814997563237 1.6001609358861657 
1.820007294595865 2.079313016066162 1.4532941770963508 1.7672521131921612 1.266728581023638 1.6173179540158946 1.8070483827563 2.0679796720524504 1.43703210486828 1.7539034570985255 1.248037901356429 1.6027210205217124 
1.8292042694009436 2.0865003257595336 1.4648702836751928 1.7757647080045937 1.2784248577036665 1.6253816373377177 1.8135615871523747 2.0728002751337717 1.4452897007848082 1.7596470297746192 1.2559408775872534 1.607757083080227 
1.8380362876900687 2.092882637910088 1.4752796643570636 1.7827592179723795 1.2901939006465228 1.6329055828386068 1.8200480357577073 2.077102595844868 1.4528067819450354 1.7642074387286462 1.2644357472269951 1.6126308009167782 
1.8532142213943452 2.1046737187455564 1.492971982717107 1.7956096048914003 1.3090474597883188 1.6458595820963131 1.830876610172911 2.0850318159870485 1.4651523990623807 1.7725462094056252 1.2772280388709958 1.620666521921845 
1.867549307669535 2.1149028372426377 1.5083265483896249 1.8055809511004928 1.3253945890099896 1.6558213704916844 1.8415566709327629 2.091985795041869 1.4760215216103592 1.7786829753098103 1.2885113007874474 1.6264485748577973 
1.8855707249237326 2.127495192636028 1.527332874225331 1.8175820599602677 1.3448704244979923 1.6671938383671558 1.855934127836818 2.101273500253932 1.4905905664767272 1.786818142080892 1.3029930878056915 1.6336002641005571 
1.8977109103808436 2.1328211465517897 1.5436658068955502 1.824972182576625 1.3644214405301942 1.6760862779637837 1.8642626058199232 2.1031154051212906 1.5023556461299334 1.7901653083607922 1.3175030290130227 1.6381189136501935 
1.914684626796144 2.141505551916569 1.563543249574341 1.8343108520884592 1.3873425843999345 1.6866381518540037 1.8773375940649273 2.108180554622751 1.5175792286696237 1.7952926012462396 1.3353271765711539 1.6441190581248941 
1.9264776450506143 2.147225127060449 1.5771677374584354 1.8403036981649956 1.4038156386362706 1.6940950317735306 1.884714781870127 2.1098363534643534 1.525874098410403 1.796538725883681 1.3459316622324329 1.6464481980310706 
1.932090124748491 2.147708361056184 1.5834004313977685 1.8403358063545467 1.4121471602317655 1.6952399700781713 1.8860852868708347 2.1064179697654115 1.5269257956268338 1.7919769360543232 1.3485195813745676 1.642614993037212 
1.9352253956937961 2.1454295951483027 1.5859394870354324 1.836566054390152 1.4155816828915986 1.6916389439056463 1.8852567319753057 2.100467510117262 1.5245654036013707 1.7838358908425995 1.3464646724879976 1.6342392511068293 
1.9328323897598805 2.137887511097085 1.5831451513063768 1.8278595496659171 1.4141212724886398 1.683585737794452 1.8796796753130278 2.08995637394298 1.517795508289865 1.7715600944322747 1.3405572006389321 1.6222871420882585 
1.9354220992851277 2.1344082323682247 1.5848495349405414 1.822522386255173 1.4159291629178523 1.6777053359875953 1.878552954670496 2.0829788773535967 1.5148764139365463 1.7620131524768055 1.3371454279551083 1.6117684993513335 
1.9375046500867448 2.128723847780111 1.5857090239724814 1.8143908233089583 1.4170533752501209 1.6690060573010992 1.8782693977562857 2.0749546697573322 1.5127606453592581 1.750995637101292 1.334920196022129 1.5998602691322013 
1.9378662753475637 2.1208033895506295 1.5854026177376648 1.8044341983927927 1.4168995516723972 1.6583382210904505 1.87700523605275 2.0653401589494744 1.5104053811376073 1.738909351107596 1.3324516105920845 1.586791924156863 
1.945164902916984 2.1172870758449456 1.5911368103152035 1.7974855802314633 1.4223187120825065 1.6499177496893718 1.8829333579869574 2.0602611709732432 1.5144265846253624 1.7299496935518213 1.3359498680040505 1.5760710998619447 
1.9536013956758835 2.1199136129537828 1.6021966599599315 1.8012521895577978 1.435016327846746 1.6543116920298786 1.8911987593340793 2.0625489231789778 1.5254863064959843 1.733373527116057 1.3488314184162378 1.5801333831378792 
1.962101769097913 2.122470794592274 1.6131991818424531 1.8048408577758759 1.4480130691044055 1.6588492306105338 1.898983193284543 2.0642616331214314 1.535807740694505 1.736013922172619 1.3612625258843938 1.5836901799206686 
1.969624066256797 2.1238250690153273 1.6222927425030167 1.806390794866371 1.4580845388309827 1.6604892302505185 1.9062195002197306 2.065160222456834 1.5446965925442964 1.737038147081969 1.3712273126721037 1.584764431837729 
1.978990966745652 2.1287534929298153 1.631342626323756 1.8101008125684297 1.466574363085926 1.6631375618573736 1.9158371019637577 2.070173419900103 1.5541252585492875 1.740830694370044 1.3801691625525074 1.5874675128836147 
1.9854035615509005 2.1291426652573096 1.640086978248105 1.8114376840010258 1.4763825013251137 1.6646700805321757 1.923042312071942 2.071113932360796 1.5640171763823438 1.7428628502607428 1.391391290047124 1.5897769997137963 
1.9840687837506643 2.118757384754998 1.64024807021799 1.8008380406504745 1.4775453309641098 1.6540085011431591 1.9222751710756294 2.0610060043905354 1.564936620612426 1.7325214409449137 1.3934680117368465 1.5793533539185713 
1.9832243515964627 2.1164274754324115 1.6385923672363454 1.7975181156153086 1.4750026247994306 1.6497633688396678 1.9218634054076815 2.059039916816867 1.5637663080669089 1.7295813066303678 1.3914067929420246 1.5754679601455595 
1.9849835575849588 2.1171511649106773 1.6418221438032317 1.7993746922424578 1.4783342585094346 1.6515572987585503 1.9246399620403396 2.0606815170429997 1.568330070961671 1.7325785819646506 1.3962633847102917 1.5785185366927559 
1.9897206182509668 2.1188087504758446 1.6477885657732334 1.8015464301241335 1.484737180881859 1.6537251521014638 1.9294092391385012 2.062276022862364 1.5744329235864607 1.734704993153882 1.402881452465963 1.5806450430355987 
1.9992998972192741 2.129924249315219 1.6596487750789322 1.8148860254630315 1.4977430067341326 1.6681161059773386 1.9365344523196586 2.0711211731381147 1.583477079916536 1.745501902439811 1.4128693217070714 1.5923495059254422 
2.0033596378888863 2.1385879929341907 1.6649687500737933 1.8254395918578872 1.503631377273795 1.6795880695939378 1.938278116799106 2.077746573300577 1.5860621545394398 1.7537679216082982 1.4157611161711885 1.601401980410381 
2.005314518068066 2.1451004215128386 1.6678211610285318 1.833520364537727 1.5073432966562594 1.688861544347126 1.9378208439519273 2.0821429166256955 1.586029864805376 1.7594488438299534 1.416314626364693 1.6081407347786945 
2.003835321686181 2.146940986715089 1.6675306278558004 1.8370242238024952 1.5081865644664654 1.6937019564365978 1.934870656585902 2.082720351299511 1.5839908005153185 1.7615409334208385 1.4152721203066072 1.6115194006021645 
2.0016971399879377 2.1490809651187854 1.6648804904364427 1.839452255927261 1.5051672912456906 1.6962565044933178 1.9311494697604041 2.0835296563658243 1.5793586931903374 1.7624220369014596 1.4099912797446266 1.6123997529632315 
1.9981181101252472 2.150618820714282 1.6617136606559175 1.8422751206078016 1.502440214454635 1.7000035082347593 1.9261504442307953 2.0839243901376294 1.5744433434742864 1.763960649167234 1.4053135414598728 1.6148038518069274 
1.991627820404176 2.1473251671574776 1.653480079531619 1.838047978674085 1.4933443312939885 1.6954354279381711 1.9175489083848394 2.078802014273579 1.5634605253884375 1.7575075570101795 1.3930146204716911 1.6077666905828998 
1.98842327461326 2.146743184245316 1.6483055832653482 1.836189117684701 1.486644124403591 1.692569033364288 1.9131310761533618 2.0771975579187743 1.556648544580221 1.7543756357814937 1.3843244374581127 1.603444208017142 
