1.762176132326153 1.8959323511718345 1.3322665148310078 1.5047354669243227 1.081170611762991 1.2877207191856315 1.6463838560129167 1.7888193201718166 1.1748400514708204 1.367312658253393 0.8799119113524716 1.1240728315460524 
1.7581806894782146 1.8921548965964943 1.327714478212123 1.5006253868018127 1.0764657980883972 1.2836780867157038 1.638776545003647 1.7817517729229542 1.1649956923757658 1.35877363056327 0.8678524310354209 1.1145486341627673 
1.7564069558772222 1.8901683980677197 1.3256023455976116 1.4983299893727982 1.0748252335398019 1.2818035969109658 1.633645841256265 1.7766738341783195 1.1580392560936308 1.3523409692285042 0.8596991465936733 1.1076343264154873 
1.7533561777966309 1.8865449026878767 1.3219812911753366 1.4941312920415026 1.0708794060105973 1.2773317837811795 1.6245199211513566 1.7674441314671336 1.145618445302628 1.340610087183298 0.8435578167604222 1.0937932043387406 
1.7454006489644407 1.8781692384089061 1.3120608448564763 1.4841158726007517 1.059412769323407 1.2662747247361017 1.6073952847403437 1.7506615504161536 1.1219624934040757 1.3190512117827307 0.8121893817364828 1.0680579827450802 
1.7402354657105485 1.871070360279594 1.3057135818075916 1.475592347065005 1.0515145835017268 1.2562514622147947 1.5962332298623563 1.7379428474828538 1.106539202069592 1.3026564484609169 0.7907110517229475 1.0477159845668145 
1.7339003295783069 1.8638940456881556 1.2971252618431885 1.466364417718788 1.041359235284232 1.2458409680018394 1.5869560098855169 1.728039362384943 1.0929560692506173 1.2892802759492445 0.7723005123083632 1.0315710067425123 
1.7292379569265302 1.8600310394387078 1.290915950197936 1.4614771795944814 1.03295234608158 1.2395330190339586 1.5815400829177362 1.7235778456093709 1.0851124884892993 1.2833240700132762 0.760260265616611 1.0234486931328997 
1.7209287113636897 1.8519756231105986 1.2804988996464974 1.4518593289282162 1.0194115726221133 1.2277695359455252 1.5778765402261008 1.719858266019584 1.0806369319044626 1.2790599116522612 0.7531923399742526 1.0176034492845876 
1.722072713155005 1.8525866443092587 1.2752459617630787 1.446649614894028 1.007787684283272 1.2174476834234151 1.586695657646116 1.7274680764844947 1.0855049256419982 1.2825224321129982 0.7534618087156375 1.0169796175307744 
1.7118137264670474 1.8425783658018455 1.2677285553780824 1.439418108167672 0.9998257978873117 1.2101406637746706 1.5815708845072356 1.7222529613041748 1.0854473357657661 1.2817896546317573 0.7554547337339279 1.0175955260912855 
1.7041375277377733 1.8348639324168454 1.2575245251859741 1.4296883816007633 0.9856313456075805 1.1975433547409504 1.579847184839157 1.7200459483642319 1.08314373258779 1.2790001104316644 0.7505341853934502 1.0128881974256634 
1.7014444158126352 1.8311460688049983 1.2538168207916178 1.4248647112269992 0.98082523422881 1.1917218489647656 1.5787473361181008 1.7177386228701967 1.0814743045028856 1.2758407018511362 0.7480295390557782 1.008826554220298 
1.6975276093762979 1.8263725735607206 1.2497162240264026 1.4197983777476328 0.9764052522363906 1.1863405958892286 1.57561328421501 1.7136493265119355 1.078307876904741 1.2715284779566716 0.7445296860399926 1.0041719206663817 
1.7066550541343293 1.8339288638064046 1.261093641646904 1.428628984972043 0.9911076592390204 1.1970455279153964 1.577233107629386 1.7141434827639868 1.079513767861369 1.2712094944194878 0.7465167072492416 1.0039476071500195 
1.7066776477136771 1.8316202439112454 1.2616472538730823 1.4261268940404601 0.992476958526237 1.194610663733373 1.5752078839332573 1.7097847824523091 1.0771652972526966 1.2658472270797492 0.7440038962300467 0.9978105643384871 
1.7048286741687448 1.82847515369172 1.2598884421519072 1.4227436403189295 0.9911853938935742 1.191355977224255 1.5724450092985636 1.7057150660845906 1.0739931962856932 1.2610876119714916 0.7406692811693758 0.9927092038799478 
1.700363181413221 1.823496403803882 1.2543906383203318 1.4168274628499016 0.9848900031504481 1.1848681379316812 1.570149907208127 1.7027257316096713 1.071275714233124 1.257591285706803 0.7376612370903664 0.9889632382883045 
1.6955876504535647 1.8175405518146328 1.248499851970612 1.4096765790388377 0.9773966852668572 1.176324979540365 1.5677883217356354 1.6989397867171867 1.0685011098593393 1.2530486019666756 0.7336532026582042 0.9832004876375113 
1.6874164362085635 1.807327148948637 1.2388764721257763 1.397809753624151 0.9655106820676868 1.1624405667933349 1.5638151032608714 1.6925055011215797 1.0644051677753212 1.2457991633191965 0.7282542998066058 0.9743775034999576 
1.675348262140111 1.7925176052568885 1.2225391116262458 1.3787419791809816 0.944651914440388 1.1396029155613328 1.559011089907923 1.6842930695564504 1.057509176535074 1.234768490104882 0.7183947511333098 0.9604262512842358 
1.6698561767479223 1.784780376251708 1.2153830499983076 1.36900595274571 0.9351033875583965 1.1275813433421062 1.557161317854765 1.6798132962484815 1.055219255426657 1.2290276715571495 0.7146677999064942 0.9527703840134772 
1.666118114362244 1.7784683233608631 1.2102187545258087 1.3607459130925215 0.9275815956593791 1.116874040703785 1.5564465936247218 1.6761640746054667 1.054137496537335 1.2240122008370669 0.7120281205163177 0.9455072980141401 
1.6540702889396945 1.76518150353074 1.194993005984991 1.3445912033056904 0.9079180403280046 1.097375226441277 1.5530424689470166 1.670885432938789 1.0507143636369707 1.2181616861513271 0.7073242237849939 0.9382029509690556 
1.6525417496152017 1.7607442187425384 1.1911057006921224 1.3371831437149033 0.9012454417201077 1.0870001452784044 1.5531241188717895 1.6677891048436766 1.0488246205258875 1.212171214901291 0.7025266120377732 0.9289077511977559 
1.6394217516854954 1.7468051156587383 1.1713685004726468 1.3174705294964049 0.8730272893212087 1.0610377373550564 1.5496452861540728 1.6628364156138566 1.042017752679645 1.2039208566560917 0.6898358361954948 0.916241187183559 
1.6261935348528156 1.732062966766825 1.1554520713543666 1.3002331318825466 0.8526636180798943 1.0404671804747596 1.5404768082633038 1.65184911685211 1.0313257842200476 1.1912890418555424 0.674980466085572 0.9006305222704236 
1.6373269894643383 1.739606132749696 1.1666435644310362 1.3063104658159765 0.8642608069491253 1.0451490654927427 1.5431659682057381 1.6512876890779367 1.030329433447552 1.1861570587828383 0.6689306970294855 0.8904257993231965 
1.6505858348292766 1.7491818549136222 1.1783905584054295 1.3129386396778258 0.8749817244600369 1.0491885348015673 1.5490947879775012 1.653752770385906 1.0314384965372678 1.1828224446463043 0.6639684345953952 0.8809413405891788 
1.6538362455921651 1.7488663662354504 1.1871348311099243 1.316301009248868 0.8882994355702295 1.054720402262888 1.5444595518285316 1.6458172884465603 1.0293056335386435 1.17593763735565 0.6627645639549449 0.8732789399439267 
1.6548336956314462 1.7457473957168688 1.1923281086165962 1.315600899989138 0.8971060121285723 1.055442374766254 1.539383025240057 1.6367221840777468 1.0260954423430748 1.1670609522438107 0.6603216906911586 0.8632404906236907 
1.6553997300156882 1.7423191037516674 1.1943715301931863 1.3121931813944214 0.9006999712090662 1.0519448803516336 1.5322404380958015 1.6257577781754617 1.0168263598746903 1.1529368756779415 0.6470494047103458 0.8449855178037153 
1.6640761570063796 1.7450413071824749 1.1986101601092494 1.3086963067775197 0.9007116605868497 1.042737360495499 1.5364310480842025 1.6237734056736859 1.0139710178881447 1.141996905675808 0.6346277686306521 0.8238762723692923 
1.652281951880497 1.7287053473319347 1.1898980277780216 1.293925749760791 0.8945618952928999 1.028896260025288 1.5196985919944865 1.602457593789622 0.9976499779532024 1.1196838874852248 0.6161892132373183 0.7987963920136504 
1.6498241586297642 1.720734968505728 1.185189869345165 1.282062441474053 0.8873620559830183 1.0131241265700908 1.5145176552943875 1.5914687573554214 0.9881897592053914 1.1025098991113 0.5993791723094902 0.7734755779198264 
1.6447684800464768 1.7107511399021182 1.177838905349283 1.2683495561856744 0.8779221497116912 0.9960689788746546 1.5080991973190614 1.5798003983656914 0.9779592644657533 1.085269751110938 0.5829640957678243 0.7491683700453436 
1.6377341375608496 1.7010816279456373 1.168806775875371 1.2560314004570825 0.8668605039636886 0.9813015504594804 1.5003198676722842 1.5692244278414034 0.96690013927612 1.070701395784175 0.5658919802684786 0.7292045892163463 
1.6315626855585323 1.6924667647841627 1.1594947400083235 1.2437342984331379 0.855047616982218 0.9662056614918841 1.494358634902268 1.5606263751132012 0.9568380139328545 1.05734854135189 0.5497429945956288 0.7103972924349933 
1.6271091786992071 1.6852845109634185 1.152250257976629 1.233037006943915 0.8464059986833791 0.9534687819185315 1.4898420233726826 1.55316736319471 0.9485913937028989 1.0452393198178147 0.5371667244042656 0.6937201837147368 
1.6204361833364251 1.676711314880388 1.1420246040545363 1.2205603653436894 0.8339334315554929 0.9386119418843551 1.483632763747795 1.5448992157574293 0.937855505750177 1.032046684432405 0.5203822841584061 0.6755332196479461 
1.6161268882172368 1.669834460059658 1.134096264705395 1.2094028868837419 0.8240408220584277 0.9249455560208554 1.4786760458662773 1.5371934991414482 0.9277882664804127 1.0184655480686273 0.5036467077413784 0.6558513638033617 
1.6128958060286263 1.6640408302204401 1.1289163906617408 1.200854371121133 0.8187517530391809 0.9153979662642537 1.4757799796394893 1.5315108722567827 0.9224672808857407 1.0092298488653275 0.496838102710261 0.6437756626657548 
1.609110016274629 1.6588147251954741 1.1240024731624643 1.1940740377905117 0.8144320689138758 0.9086973329581948 1.4722589428749742 1.5264264289265095 0.9174382322943253 1.002059957350525 0.49153936289511574 0.6356431336255717 
1.6086409111294817 1.656502685679528 1.1228525724063194 1.1904089490857706 0.8139632287514522 0.9048821494888099 1.4722116485612688 1.5243630489038658 0.9167766666748717 0.998376193257576 0.492156169279111 0.6312632269216137 
1.6093781338974391 1.6561676509469696 1.123620017918515 1.189670229451508 0.8155128395477315 0.9043530846097689 1.4733585639168776 1.52432895663738 0.9182643544574753 0.9979993661537084 0.4957304423446315 0.6313018150165608 
1.609617577629407 1.655836357172278 1.1235109102334342 1.1887817549632733 0.8156291219749083 0.9034246842618149 1.4742575499598298 1.5245853925358068 0.9191536013167548 0.9978820763665213 0.4978126575465513 0.631460796513576 
1.6079724098789192 1.6540906507128983 1.122265893686438 1.1874010889231237 0.8145560025755255 0.9021873924943862 1.4733184886275674 1.523518289609882 0.9190064385692952 0.9975036059963993 0.4985915957292297 0.6316915300807979 
1.6073448761781965 1.6536564189807696 1.1199706063001396 1.1854771866368 0.8103560001482696 0.8987206729770393 1.47366103428716 1.5240403029566845 0.9178526308598252 0.9967323878736472 0.49476877425349164 0.6291407958766484 
1.6056039169030016 1.6525496666606607 1.1173596457606032 1.183828129746992 0.8065899193358795 0.8964060245113599 1.4725213383765483 1.5235732850047814 0.9158863095244195 0.9958936664023227 0.4908588921210055 0.6276136668208085 
1.603914445044692 1.6508034499185609 1.1152055422311271 1.181648799205171 0.8030818985776123 0.8930571197090489 1.4720611397027714 1.5230149317268764 0.9154812141289533 0.9953473447309851 0.48924736874409713 0.626077847446324 
1.6018147728916068 1.6486549390596537 1.1124864897398934 1.1789311817429338 0.7988164576758483 0.8890220888626955 1.4711697689436765 1.522035817740762 0.9144157217883944 0.9941874338804481 0.4864541658304413 0.6236106131920708 
1.601353985305938 1.6480033945702934 1.1118929526960812 1.1780859648239639 0.7980872197042188 0.8879886331002272 1.4735447027678563 1.5241110829973026 0.9183165810629851 0.9974396950769555 0.4939054717809978 0.6289063660953115 
1.600450659958113 1.6491853677984047 1.1111054346732177 1.1802225846679768 0.7967975018537394 0.8906493818334799 1.4733588695088375 1.5261574036646284 0.9186399350999064 1.0011340533416893 0.4941966231778198 0.6345079706042785 
1.5970995105665884 1.6466059569842555 1.107942756035724 1.1781856736423322 0.7928896106344414 0.8884020855311159 1.471618356317981 1.5252032381214105 0.9178621305250784 1.0015264457696742 0.4935662819237515 0.6357609657536677 
1.5944947410612877 1.6442051037635488 1.1059165589103468 1.176455855203289 0.7906517003536402 0.8866380632716501 1.469553175108714 1.523346145313698 0.9166376004027451 1.0006105308470936 0.49224299535097754 0.6350591393264902 
1.5941156074410066 1.643218028645928 1.1057211989859876 1.1754064359475875 0.7899583342727704 0.8848700976228149 1.4693692846548174 1.5225002510564687 0.9167665431760749 0.9997108654341064 0.4918085955806486 0.6331165883682167 
1.5934169181742768 1.6417127201626995 1.1050271882284208 1.1735962964938198 0.7885134230461837 0.8820411547904156 1.4688691397548013 1.5211244952810439 0.916342818667779 0.9979615933211108 0.490257578140318 0.6297584245915334 
1.5941152390212434 1.6427545275907036 1.1063481680193425 1.1753490168965792 0.7898936779591007 0.8839519586039478 1.4694217428225826 1.5220510178439342 0.9176072863048524 0.999721048352867 0.49186266932931144 0.6319556377782823 
1.5955287333944388 1.6440712919892684 1.1087746452220406 1.1775566601838157 0.7929293592037455 0.8865638401961037 1.4703853953597548 1.5229220876142227 0.9196208380018703 1.0014793855807826 0.4950335751110852 0.6342844113985951 
1.5971112812940644 1.6447029827384543 1.1113210610965527 1.1786933262849875 0.7959623589321093 0.8876032522635144 1.4708619095063846 1.5224054037702206 0.9207088643196436 1.0009936410531128 0.49621204019730114 0.6328584718787985 
1.599768769184472 1.6471218484550558 1.1153993369452933 1.182313811835927 0.8011174987840423 0.8919302190519166 1.472745519313503 1.5240504038443083 0.924031888333947 1.003785434970044 0.5015062279354067 0.6365993759484846 
1.597206338187543 1.6452493085512785 1.1130656343389909 1.1809709170375282 0.7979457412296028 0.8902216614352069 1.4678403631003134 1.5199778064460217 0.91782479327291 0.9990893612127296 0.49010677484244203 0.6292708886389551 
1.598243575672338 1.6470939868088585 1.1135240081731066 1.182569994115317 0.7971475311245094 0.8910557000445598 1.4684308310499001 1.5214549548974168 0.91751964293845 1.0001891667989116 0.48718658107331 0.6291953901467341 
1.5993058148341806 1.6490144258927582 1.1151420435811856 1.1853317108735524 0.798642939843847 0.8940358118120452 1.4684940557463697 1.5224796482063143 0.9177349725069993 1.0018517690768545 0.48633964239245664 0.6308690317351316 
1.6005188981982728 1.6505666689897178 1.11713133636552 1.1877255608850947 0.8008760340338652 0.8967229266500398 1.468740398603447 1.5231244019382701 0.9184334693867666 1.0031099755160513 0.48676486817539827 0.6321784733600259 
1.6023771900612527 1.653652007028261 1.1198005919040208 1.1920174775348704 0.804606979853267 0.9024104903804009 1.4698500593014907 1.5255856245876844 0.9202173130454542 1.0068526229536254 0.4901417444256259 0.6381153741672392 
1.6028341179317727 1.6556056343290584 1.120740477365801 1.1949945708755851 0.8054273558838958 0.9059061940521898 1.4708069593954618 1.528144600036961 0.922092793489963 1.0110429895024857 0.4928581213758414 0.6440977679064908 
1.6026714417127998 1.656671239478064 1.1207098438408507 1.1966596841683035 0.8047810125007823 0.9075661539049285 1.4718010888981514 1.5304255260919377 0.9239227507112182 1.0147103502545858 0.49529301759845556 0.6490909172941677 
1.6020260259525543 1.6567397747689088 1.1184734739050965 1.195525911597626 0.8007186995626706 0.9052346266583787 1.4730537305303344 1.532379387260653 0.9243283058682854 1.0162096784135322 0.49452031407145897 0.6502688939979633 
1.6008242219090685 1.6559985466886058 1.1169701211092329 1.194702995993052 0.7980309727390124 0.9036295870735832 1.4756277841823033 1.5353079022250797 0.9286880097485777 1.0208596459037718 0.5016897462085251 0.6567995117497991 
1.602128041673871 1.6585709002703966 1.118829979003849 1.1982586078237674 0.8006209477135564 0.9083155130370465 1.4818109966246549 1.542662308810244 0.938472210413155 1.0318785098177754 0.5195608431336536 0.6737853063281752 
1.6040224219458243 1.6638335825631565 1.12131892434978 1.20532584410397 0.8046715666064929 0.9181234069911013 1.4901897275531555 1.554387237616466 0.9513851082001167 1.049089073656259 0.5433910416127115 0.7005198672878219 
1.601778439264039 1.6672981507280396 1.1163667906611792 1.2084964899498636 0.7980042193441967 0.9224964439070433 1.493910385964011 1.5639556247608628 0.955169557770316 1.0613848684719134 0.5503497132652482 0.7190784114553438 
1.596985982025488 1.6677514833289497 1.1089398950285412 1.2086266893238424 0.7886375306729398 0.9235691301391099 1.4964836517603233 1.5717805519047219 0.9585649607543101 1.0723234434376188 0.5577169963215324 0.7362601655297617 
1.5920410940364402 1.6674965664146792 1.1012199175009258 1.2077397321462706 0.7787568608370302 0.9232617192349879 1.4985348748363332 1.5784665739269694 0.9610916879781791 1.0815022822928972 0.5634484664108561 0.7506158326366063 
1.5821809396811548 1.6617772594431366 1.0875963771042743 1.200447005745086 0.7612871423387777 0.9152951694411712 1.493940842299434 1.5779944151999847 0.954687694427001 1.0814969847402915 0.5550863243589618 0.7525476473967228 
1.5708264877130014 1.654092147663716 1.07014769807759 1.1890084415859983 0.7378191220758407 0.9016108003804991 1.4846941432162937 1.5725271626788404 0.9391682171478996 1.0726424933605625 0.5302809644903012 0.7414329907434415 
1.5617748490321006 1.647736334001663 1.0560983798251184 1.1795075816582274 0.7192485082843343 0.8906249289062372 1.47711131945742 1.5677219770703095 0.9263157986719432 1.064873375659867 0.5099368467459868 0.7320723563892029 
1.556566326315855 1.6445981679584945 1.0490928015292242 1.1757551241871906 0.7109927455469826 0.8873077763957872 1.4715129381763643 1.564338433029259 0.9181760752820978 1.0605902653958486 0.49795811392167943 0.7278507326728717 
1.559481897053326 1.6482794300594303 1.0517775730814192 1.1794394242847066 0.7145653358770211 0.8918771841218051 1.4722816639614311 1.5660314780862614 0.9175323286059409 1.0614644913312175 0.49621883281173446 0.7287485316328536 
1.5593705399197757 1.6494030206519243 1.05238949480204 1.1817011011823984 0.7176189077565425 0.8965883896948994 1.4694632895617683 1.5646776674880014 0.913897985209341 1.0602374126278005 0.49260813571204115 0.7290792955061148 
1.5609633739895041 1.6508925915772643 1.0548978758802658 1.1839126752107592 0.7215112487942905 0.8996767064477642 1.468622923059795 1.5638711533002634 0.9127191045095399 1.0591958542803575 0.4907393578435465 0.7277807439914141 
1.5623674289479423 1.652625807927918 1.056809620242645 1.1861815423574096 0.7250651583391684 0.9032715880782498 1.4652250638169562 1.5611100427674545 0.9070496557727163 1.0549498357881304 0.48126083202085285 0.72235176086821 
1.5623482487024511 1.6521663972159755 1.0567801185788916 1.185540371682726 0.7250204878647335 0.902428092254234 1.4618678038125117 1.5574913257188998 0.9016150201852318 1.0495862987337516 0.47093538136735497 0.7144941478344075 
1.5650814477850032 1.6547259691612994 1.0596285284007794 1.188044912036915 0.7284348276962062 0.9051272800091716 1.4597089268072596 1.5554382809410348 0.8967066582783922 1.0453329258264092 0.4603124058732303 0.7074783430019617 
1.5691572893581112 1.658592102299325 1.0644047278858237 1.1923215119294353 0.7345661105344395 0.9100882011155262 1.4589306730429978 1.554719226037195 0.8939695379293942 1.0430027314488177 0.453664502408657 0.7031960209000719 
1.5731471275695839 1.6619265786984792 1.0706712217018035 1.1973073677984414 0.7432051163578143 0.9162761117613142 1.458877575734315 1.5541981369775322 0.8943538231485525 1.0426297660168888 0.45374633990857965 0.7022063863170374 
1.5776282979639107 1.6661232841811273 1.0771754502106448 1.203063881134541 0.7524459146918833 0.9237048262786682 1.4612875707869775 1.556411615251732 0.8981966758658736 1.0458551620996597 0.4611129715552414 0.7068811244406692 
1.5818515608623935 1.6696862149550107 1.0836354884382433 1.208248139916131 0.7611147764974678 0.9299964509667713 1.4660365372673325 1.560404058060216 0.9062420426148801 1.052080004377419 0.4757146949620018 0.715473386514684 
1.5862078173958367 1.6729887163252668 1.0900258484860184 1.2128447367044408 0.7702439748337304 0.9360084325216651 1.4734394513408633 1.5664800738444342 0.9182183439507535 1.0611130628503564 0.49824126441681293 0.7287526072349001 
1.5931902393867972 1.6852734777701097 1.1005763477730022 1.230105626877367 0.7847595400359018 0.9579869997423556 1.4867884514204972 1.585065126509116 0.9399750303478066 1.0887812515263844 0.5367795600405814 0.7681301010085205 
1.5974192449740385 1.6892053297031204 1.106981118092548 1.2357481934024535 0.7932095734504391 0.9648045548697557 1.49658613304194 1.5941883374612384 0.9557347985782603 1.1023136608504076 0.5632079871711937 0.786682679672959 
1.596625883224954 1.6855098375672164 1.1062796582166121 1.2310905262148126 0.7919350184098847 0.9585876459332575 1.4965801474641658 1.5910629589478427 0.9562387824094274 1.0982357718340194 0.5636479399269233 0.7806588254390419 
1.595739492304997 1.6801969267385921 1.1055221431078666 1.224277907266896 0.7897755443806868 0.9489059994656005 1.496995517862966 1.58671760745944 0.9574916511917011 1.0924593573318002 0.5642308602884196 0.7713842421399404 
1.5945109122981356 1.6742528517645812 1.1024773083550665 1.2149542286200878 0.7846434740937008 0.9361212227280356 1.4980713272864654 1.5826797729932078 0.957710221120059 1.085295549535624 0.5633986453993585 0.7603128276188902 
1.6002535602666172 1.6773428862453807 1.1088361940097302 1.2174503710780098 0.7908488813584958 0.9370750525107283 1.5022335433433724 1.5841001608604124 0.9619832985795462 1.0853937385290116 0.5668651645197333 0.7576303951386747 
1.602460461499485 1.676713082579468 1.1132643054859623 1.2177210864944163 0.7978764422322181 0.9381332782143176 1.4999748983463497 1.579054123927721 0.9598971709871543 1.079300611272477 0.5644926767187881 0.7497594365482453 
1.6084477807853812 1.6790464472412363 1.1197170810135109 1.2189581822168543 0.8047648224875498 0.9379440964116238 1.5029663968676803 1.578290435437476 0.9620655217361328 1.075947385606479 0.5651992092292923 0.7426593126012878 
1.6159480308334533 1.682879254397806 1.1318635320366655 1.2255242150535073 0.8217472555199168 0.946606094678518 1.5039581478068182 1.5756537236596484 0.9652549544832782 1.0735509646414163 0.5708507895715967 0.7393680886287394 
1.6262422601947892 1.6893158508921464 1.1455856806208151 1.2334872139083795 0.839282845317034 0.9557823233746565 1.5077024908925025 1.57552878624145 0.9699842595854101 1.072377554350825 0.5769736620015306 0.7362219515033877 
1.630712817245585 1.689822450378451 1.157041288947388 1.2389593075654393 0.8575474775947002 0.9652270705916991 1.505215187383197 1.5690597126314323 0.9722103745224244 1.0683953546337763 0.5846675502617131 0.7335610170960782 
1.6433320123310031 1.697628592849409 1.1754183161546632 1.2502043650779116 0.881435110006326 0.9789436090295824 1.5128416586516464 1.5716528308312445 0.9847629153008679 1.072921588868387 0.6042165460758785 0.7392431068734183 
1.650651120295742 1.7051839067894077 1.1876347833124405 1.262330944552017 0.8979192147034095 0.9946164844670469 1.5137980797099684 1.5730822169148015 0.9886414333486067 1.0772255654103218 0.6108964080215136 0.7457864683497465 
1.6603716371373016 1.7147955050967456 1.201791675212473 1.2759282430842271 0.9158989069815524 1.0112173152690782 1.5159406568893135 1.5753620936470456 0.992746358547843 1.0813116957196027 0.6165329752819411 0.7508678715326701 
1.6687619764146482 1.723752384888074 1.214219125004759 1.288752821144273 0.9317385647955775 1.0269822313980523 1.5178514102267464 1.578109202180674 0.9967118205014539 1.0862735399554397 0.62228861690322 0.7574951308142663 
1.677663022828667 1.7336770162808932 1.2248834870985161 1.300546937092476 0.9435957904561789 1.0399306680642806 1.5226870293552188 1.5841901931209588 1.0021786907366474 1.093364032141455 0.6280092252241372 0.765165580499163 
1.6838259377769116 1.7424278204328283 1.231341265746542 1.3103382133702337 0.9501604268386976 1.0505188039337021 1.5260535046748185 1.590479242184033 1.0048735358891168 1.1002525818275983 0.6295826769617284 0.7727608089300958 
1.6827640249257565 1.7440405246273185 1.229969628073934 1.3125577602308904 0.9477356848743915 1.0527039072513846 1.5257408456170833 1.5930686475925424 1.0044977104923296 1.1040825323961665 0.6280073986700572 0.7774161567283845 
1.6838843711018487 1.7483541114725782 1.2323733028758246 1.3190979802513039 0.9512334203764442 1.0611882697726494 1.525525077355685 1.596402920788818 1.0052383518554537 1.1098556968827387 0.6297659933983965 0.7860538978359366 
1.6802406901403621 1.748832826003492 1.2327286162020255 1.3246989536145035 0.9548607152895966 1.0709652011654534 1.5198289026740348 1.5953329965581984 1.0031405473827486 1.1142254862941166 0.6312131986922963 0.79601355434902 
1.681901141215338 1.753592456254148 1.2344610532622955 1.3304845530224902 0.9571525767720923 1.07816330350808 1.521658832991632 1.600543863138857 1.0052602882942587 1.1210902287645967 0.6346614927829292 0.8056613831079755 
1.6856587268159227 1.7613557268805975 1.238045846360577 1.3392856943218192 0.9612756171310479 1.0885676209657704 1.524571529411027 1.6078703310948548 1.0077849585554834 1.1298491828625081 0.6379058058135835 0.817222411840912 
1.6873879631854423 1.7674654424640714 1.2401444617072306 1.3470761811808256 0.9643858737575516 1.098497185023574 1.5268998084691465 1.6149547910405158 1.0109911832964305 1.1396311353700006 0.643572063022562 0.8311684259551229 
1.6878107486591787 1.7731888899142858 1.2337315402021045 1.3481792274454674 0.9530476920330152 1.097175291061304 1.5242364864053928 1.6182677721920613 0.9983412525231324 1.1367405035958984 0.6187823902548107 0.8236415254924055 
1.6853258409758394 1.7711456584004943 1.229879648689627 1.345079069523766 0.9497408016195369 1.0948248002630012 1.5225985965647415 1.617077684983291 0.9952824957070834 1.1345576227194987 0.6164340080340477 0.8225719660132603 
1.6862667653014929 1.7663832627774643 1.233414153218764 1.3408671450297978 0.9572085577137099 1.092182425339449 1.5318796335745053 1.6196510238382713 1.0121610945696147 1.1406508267740663 0.6476170403566917 0.834279364613773 
1.681726920478319 1.7564943285309778 1.2267878860917605 1.3274318847163082 0.9519128530813573 1.078519805549017 1.529196181025015 1.6110579912472085 1.0075931929412238 1.1279676119293012 0.6452701797398436 0.8206342035045152 
1.6769934645161837 1.747855169751771 1.2206973272805968 1.3163557950751734 0.9468699855999196 1.0673581329750537 1.5265581747283634 1.6040793232343569 1.0040790534763646 1.1184209225635904 0.6439220064805924 0.81075653856629 
1.6697336802305383 1.7364991218950319 1.214364675744571 1.3046456235860437 0.9441757508516181 1.0577743076584045 1.5209030017381835 1.593914859125862 0.9999084675590146 1.1078066532307058 0.645448081797612 0.8025097281293336 
1.665630634817614 1.726243130137504 1.2087057895298292 1.2909529884340978 0.9399686588620538 1.0436143983037642 1.5196943244096583 1.585894313107569 0.9980556666052891 1.0962230823819246 0.6470598949424451 0.7901116632140852 
1.6604238126592858 1.7188694209991635 1.202859604461801 1.2823322802011965 0.9349432594794189 1.0351926135971026 1.5185306579868578 1.5822263453899381 0.9978974644952257 1.0923846385069684 0.650420648539082 0.7877511465215395 
1.6628359235673253 1.7250311268803238 1.2046660536040683 1.2891584001611285 0.9376456114684268 1.0439771897441055 1.5242930189127024 1.5919102636474205 1.004821476435491 1.104705969706872 0.661532456880235 0.8051920711892288 
1.662984253784867 1.7283304867577873 1.2045791108667003 1.293298294074654 0.9371590261724048 1.04875005766694 1.5277049580126427 1.5985906548758535 1.0096418398305462 1.113995640860596 0.6683059559336653 0.8174610044867034 
1.6643489047237692 1.731399117689278 1.2060756587607637 1.2970366697727596 0.9385849522846667 1.052913738506251 1.5315396307817866 1.6041506377940977 1.0149752995296044 1.1215437961734755 0.6756464139290684 0.8271539788547294 
1.6628664317004056 1.732150508332356 1.2050449489027537 1.2989818869853575 0.937007773754327 1.055084916921875 1.533702106693487 1.608559220518797 1.0194364675035126 1.1289248536178305 0.6819831013126645 0.8368521759044664 
1.6656671034823136 1.7381304376896343 1.2071267696572552 1.3052990296568676 0.9381707181654946 1.0615153391370094 1.5402358223412282 1.6183253403513027 1.027148736465737 1.1409141271906313 0.6914071052738466 0.8512897885110334 
1.6678605887733662 1.7440267893995893 1.20927477770085 1.312332269870493 0.9390280679422953 1.068477520092697 1.545800551036077 1.6276884966551308 1.0344495579695705 1.1532373504805677 0.6996528513366038 0.8656700358355024 
1.670850050306505 1.7518881980906345 1.2117501707073326 1.3212535124680842 0.94087096979833 1.0782441976701058 1.5527603595562482 1.639645419659156 1.0429109836458959 1.1683474174273893 0.7103259993898929 0.8842711085460443 
1.6755916954619374 1.7625449930713855 1.2163065565477356 1.3335512596825851 0.9434179503809592 1.0904103593606445 1.561498598302608 1.654459185111863 1.0535995359248265 1.1870254019190196 0.7216008395927834 0.9053535742465537 
1.6784765517087095 1.770946253288326 1.2208246232100497 1.3451319110168936 0.9484034514044959 1.1038279775562674 1.5663908272318119 1.6650967902905704 1.0614657081771224 1.2023629015550836 0.7319602418410168 0.9245176542586734 
1.6830270979239315 1.7824299635459033 1.2256613530442455 1.358941542137207 0.9528055480244908 1.1190687087691489 1.573381394305351 1.6792871626217627 1.07013763224468 1.2205207554754038 0.7421503971205905 0.9461836896428991 
1.688325494531268 1.7932614543295828 1.23090894134548 1.3713061255548484 0.9569523437895171 1.1318575247725529 1.5805922495964133 1.6922220680467 1.078408876949856 1.2362481037333282 0.7507240986436029 0.9638103238626623 
1.6930665292326261 1.8068912792052019 1.2386376595307484 1.39018166944749 0.9661978631770048 1.1540884425674707 1.5883263711869202 1.709140861329987 1.0911139448324405 1.260520314420918 0.7680134763191399 0.9940958315312514 
1.6987990808991775 1.8205946322627369 1.2481489137374153 1.4094403884605726 0.9775503181237731 1.1765420188943063 1.595093946971115 1.724230610279231 1.1028518002269798 1.2825476954187278 0.7835885443674442 1.0211060202662061 
1.7048029990430096 1.8345933474604228 1.256543856435596 1.4276841205764108 0.9870838569979957 1.1973779794810158 1.6026538979411742 1.7400801710225997 1.1140236596168143 1.3040046775936196 0.797797462885186 1.0468334522673794 
1.714615717198842 1.8505921579714153 1.268753413420157 1.4472454876576053 1.0012223881162965 1.2195206221894321 1.612549832775812 1.7564456270164757 1.1270071559601118 1.3247374860949999 0.8141597975737318 1.0712798203388785 
1.7206051036735448 1.8646010947619467 1.2783535984959131 1.4664389665401865 1.0138510357973947 1.2426380175205691 1.6185386955483796 1.7708537005601142 1.137265804017447 1.345224452939899 0.828902593184175 1.096966193092317 
1.7240630831764132 1.8740978213988084 1.283814958462379 1.4791990998414515 1.020338698850416 1.2573544407889765 1.6255850732003416 1.7839215116175264 1.1481786285294462 1.3631446337097763 0.843341197743689 1.1185139718446793 
1.7233608395549724 1.8811194431964227 1.2837084999763848 1.4888066661496449 1.0205532433497138 1.2689234408630097 1.630770876123197 1.7966778861753765 1.1564378841994152 1.380574647120401 0.854967829577008 1.1400034060789555 
1.7290789685306596 1.8927059524117975 1.292959408881443 1.5047809727315966 1.0320658441277137 1.2875486979120634 1.6375672062529372 1.809488352511574 1.1677569561321612 1.398670101015622 0.8700989496574801 1.1617632827194402 
1.7323078081417054 1.9032238612913404 1.2996641931471067 1.5200321506431105 1.042745878797284 1.3071685781829059 1.6413838538589076 1.820854656404162 1.1757455628275704 1.4155381847723925 0.8834984897037007 1.1840356013856677 
1.7371280257172355 1.9106738351200239 1.3073300321388857 1.530415806051499 1.053155225088999 1.319922972984507 1.6466692182804232 1.8288193571023519 1.184490417703858 1.4269121472999868 0.8961259201877044 1.1983748959788252 
1.737214589198427 1.9114068578677486 1.3112642361186626 1.534592957205219 1.0614072097568679 1.3274588175547517 1.6470720641258718 1.8298655775230759 1.1892626927739136 1.431749768571261 0.9063758163277856 1.2070951776077392 
1.7389557972606922 1.9125951235132255 1.3157548964858803 1.5379414128264346 1.0689722870245841 1.3329495834751477 1.6486997564464458 1.830918820856504 1.1939240217478537 1.4350983977994576 0.9148471853301894 1.2128471520214614 
1.7418952482458439 1.9148684486255054 1.3224296844299324 1.5431598718024813 1.0786206954538977 1.3401286223125937 1.6521273721421874 1.8335885507554441 1.201726286714845 1.4410649492168803 0.9266867877451638 1.22117587687501 
1.7460470191741373 1.9186806372001803 1.328532070055853 1.548435550989091 1.0862213076380383 1.3463030578465198 1.656271481348058 1.8373596311900646 1.2081194013535623 1.4464465708510945 0.9351105581303688 1.2276346974270849 
1.754814957477822 1.9281265149745466 1.3394541018593693 1.5596261134476719 1.0988453244146283 1.3585865337724683 1.6658280552289573 1.8475062739671253 1.2205510499720567 1.4587807197615035 0.9502992273951872 1.241517194543793 
1.7634574570443287 1.9382023273345974 1.349674154900082 1.5711353803174475 1.1093253652582051 1.3702002864126288 1.6746340618729962 1.857752755364731 1.2313559041906812 1.4707424729249 0.9618834671545458 1.2538205067972248 
1.761390473381212 1.936191207737007 1.3388758686741986 1.5617069459146584 1.0901159496668646 1.3545083155588562 1.669647335738326 1.8531222892561867 1.2156539054097963 1.4574479101971674 0.9346542728400111 1.2328497892841974 
1.7733883718557109 1.9462347136286131 1.3520381390452896 1.5719193276160994 1.1030774865951394 1.3637093475271957 1.6828186185424292 1.8640820116113588 1.2308449597382483 1.4689801081066585 0.9506587857444173 1.2436540395194517 
1.7831727478972417 1.9534765455984873 1.3631253348255985 1.5793910990642563 1.113895609131933 1.3700835716858295 1.6927669312470042 1.871316501525971 1.2425238481105303 1.4765605569983913 0.9625581866689411 1.2501535218057818 
1.8130891606791761 1.9838201265065136 1.4034171840804572 1.617970884265944 1.1620797221242265 1.4137465368064814 1.7258356454576778 1.9044050684905036 1.2887188068513316 1.5195545902968803 1.020610430640565 1.2999598612620007 
1.825781097324608 1.9955170547574506 1.4177250659235203 1.630507915659366 1.1774520074074568 1.426535989811631 1.7391067941411333 1.916534409267898 1.3042086445917502 1.5328313309388772 1.037983167410652 1.3137810914714254 
1.836696927994755 2.001870891627472 1.4305717629344465 1.6372437296705005 1.1920642652581153 1.4335440955706142 1.7497993961724212 1.922454001604556 1.3171476342632857 1.5391261650317594 1.0532613797369434 1.320375323718741 
1.8443295304589824 2.003024342758482 1.4404519327360599 1.6387363641791348 1.2046060784020018 1.4358380496710101 1.7568063981335709 1.922738625316257 1.3265440339932368 1.5395694771211366 1.0657828614324074 1.321532522673222 
1.854772742177801 2.0064877133752304 1.4534961923327352 1.6426996682065045 1.2203964753823897 1.4405480123639613 1.7665807261955961 1.9252580297107607 1.3391328231978186 1.542429167568404 1.0816621904114794 1.3250675880745706 
1.8685685078445078 2.017394716952597 1.4705287363762227 1.6555325245938994 1.2417275629171844 1.4560977013882859 1.780346522008637 1.9359666613628062 1.3566651150627596 1.5552727766884658 1.1045237935093342 1.341009316115384 
1.8806942747603237 2.0274365509618937 1.4856435523759595 1.6675205479322468 1.2604160004999383 1.4704205205913918 1.7930464926811742 1.94640790636913 1.3730045646378093 1.568001768996534 1.1254569134872556 1.3565180710835592 
1.8866001194901958 2.0330187593773994 1.492475314790975 1.673734695338667 1.269406002688037 1.478274962508809 1.8007873918318122 1.9536479968767202 1.3824101363128167 1.5763765572033923 1.137966088853451 1.3670669641610174 
1.888944950288401 2.0339466196584537 1.4945715858466098 1.6740878267343235 1.272546826336874 1.4792569930948611 1.8053401557435236 1.9565477005020986 1.3874019885887616 1.5791485377696586 1.1447774796614625 1.3708906974445665 
1.8772418265032478 2.0282296942341738 1.4791774968452063 1.6666267982284606 1.254901645218959 1.4712093517148572 1.7984772478886826 1.9555559896288448 1.3778423723972384 1.5773802396927796 1.133693818971088 1.3692846645505274 
1.8639895871358616 2.021287180652695 1.4617719997834546 1.6576857558267553 1.2348559016139982 1.4615107880104479 1.7909637852706348 1.9541483991424298 1.3674324402144773 1.5751241742386284 1.1215895848976667 1.3671532038037728 
1.8505322039488314 2.0149925488228786 1.4433817464038128 1.6489622190370887 1.2134033022254884 1.4519204894937325 1.7848557698177518 1.9548492660590788 1.3581574087902035 1.5749022449065593 1.1106701828408467 1.3672285065093253 
1.8365843465010612 2.0066634301478485 1.4255528510064892 1.6388584414441443 1.19347313342728 1.4415388237202387 1.7783281030824234 1.9534858336555017 1.3496702232074063 1.5732977377129638 1.1017199737740664 1.3665441671211105 
1.8245369535357843 2.000116670701397 1.410243059482173 1.631047849824658 1.1760560695892182 1.4334013675232906 1.7728776716225065 1.9531069709920243 1.3427381094381883 1.5730471169477536 1.0941974330703028 1.3670404617777923 
1.8184217500401278 2.0140280311304015 1.4008713177943934 1.6468429488506184 1.1655575305487929 1.4519557865785722 1.7752100126292103 1.9751004627863873 1.3443040492905616 1.5990011338642012 1.0969217314553488 1.397457882763914 
1.8075086506592575 2.020348229867329 1.3883176903749552 1.6559424679402512 1.1524172927408065 1.463825489711137 1.7711791939067174 1.9879122678448486 1.3406767783951692 1.6162096620946338 1.094556454153028 1.418722410850005 
1.8005200141294875 2.026835335166833 1.3800682338496346 1.6645652539569753 1.1428674546424227 1.473884382670788 1.7707621203597195 2.000446860454146 1.3410124890174773 1.6323307417006057 1.0953867739300351 1.437380025985073 
1.7958769945975144 2.034456464524272 1.373807701727065 1.6736745584624868 1.135703369249471 1.4844733305939182 1.7726247621097366 2.013960643499421 1.3432691349259092 1.6486997589508527 1.0985656605067355 1.4562573387848043 
1.797448761822517 2.04437327297079 1.3768969710829129 1.6865601966242711 1.1400483176503091 1.4994499639658871 1.7761247546490926 2.02565030840402 1.3489412002297578 1.6638156116400942 1.1061226239785984 1.473820642797929 
1.7997475464677843 2.0518127492821585 1.3797510116745013 1.695451910647073 1.143956116910439 1.5097946630309733 1.7810019841361238 2.035389985874159 1.3552083569314388 1.6755399182940436 1.1142317684830254 1.4873993280208277 
1.7984758765193711 2.052535439426594 1.3814249223255386 1.699035334447792 1.1487113795998192 1.5158905255004795 1.7828590401997912 2.0388655200630867 1.361031114567966 1.6824957493266128 1.124103514994113 1.497329277113795 
1.8048976516636728 2.0577917013101787 1.3884742897803473 1.704321567774415 1.1562473151454407 1.521104535126051 1.7928801599719486 2.047259246168164 1.3728162981335266 1.6915897083575084 1.1373968475519176 1.506825385312127 
1.807440529236038 2.058523790128511 1.392804967798812 1.7060435534080163 1.1626744040895756 1.5239720134323498 1.7978537951249123 2.0501115082953536 1.3803415085568678 1.6958837248010403 1.1477145864042375 1.512589732758044 
1.8146745515327674 2.0610690197032824 1.4033107054322111 1.710041728140179 1.1759684621539177 1.5290073904270869 1.8072125049203955 2.0545020841899015 1.3936478199102706 1.7021210362194135 1.1644205142218382 1.5201437135812685 
1.8265286059677304 2.0651025922986057 1.4189181144866747 1.7151590549912332 1.194310513567732 1.534542137289954 1.8213785275769614 2.0605488853745793 1.4122824108224317 1.7096735291330973 1.18641923244628 1.5284085067214264 
1.8339969220351189 2.0621361403491987 1.4295700927321786 1.7124635474468617 1.2075879222790735 1.5320343799452705 1.8296642845599544 2.0582837864333214 1.4240074909193032 1.7078226153480607 1.2009976162317266 1.526845121646033 
1.8482494802962286 2.0620826044790928 1.4467812247244847 1.71152985322935 1.227294912812434 1.5304938187706867 1.8445099922893557 2.0587315604360077 1.4420009994640364 1.7074909688590683 1.2216561599956346 1.5259758515570552 
1.8614496787216275 2.0628760267095188 1.4632825956775575 1.712208675942524 1.246324244814667 1.5309430813628737 1.8583258763125616 2.060057683108133 1.4593067227189938 1.708812074551456 1.2416538484508677 1.5271433706541275 
1.8690312127000184 2.059931316123647 1.4725938292845386 1.7083828432605204 1.2562879837230396 1.5258764206667916 1.8669161417018443 2.058012447301255 1.469908429850955 1.7060686226664212 1.2531391399788374 1.5232849560232975 
1.874088501179656 2.0568423416134283 1.4788481068229453 1.704518826840528 1.2622764419309305 1.5204389247364756 1.873985548112314 2.0567485365337714 1.4787176361069783 1.7044056311024702 1.2621235835423603 1.5203120232813427 
1.8799999984188112 2.0554075550252144 1.485968928495724 1.7024699350222692 1.2696151380850538 1.5173077545622475 1.8817595996658898 2.057017115664021 1.488194494457875 1.7044128245629724 1.2722192404356767 1.5194874198014046 
1.8901507845706964 2.063439533379454 1.4983060948995768 1.7117341713926317 1.283467023188839 1.527219800524214 1.8978298772843734 2.0704760231920627 1.5079818993320906 1.7202099081836553 1.2947493403409092 1.536713562708815 
1.9027947550328728 2.072703336519872 1.5139984141935585 1.722690465411767 1.3009306040602664 1.5387955283339663 1.914224495084265 2.083201060632557 1.528338554110512 1.735306882779127 1.3175917328143076 1.5529066990069333 
1.9117336508511875 2.078852417978922 1.5244370406798735 1.7293958814964288 1.311053984470819 1.5445919765869596 1.9257302448154077 2.091731053394965 1.5419532142697487 1.7448557358523398 1.3313804768723363 1.561882133240793 
1.9223543604744415 2.085145477499136 1.5386524035125995 1.7377677042502258 1.3269878938540092 1.5534742500392789 1.9372710632214325 2.098905559451187 1.5572488895469148 1.754254679085993 1.3485064907500814 1.5718953943233944 
1.9402734108628865 2.0898381845017333 1.560865307738467 1.7432909216196533 1.3520133538177423 1.5590711457151338 1.9559629046588538 2.1044128903096704 1.580326069012816 1.7607365540879476 1.3744344598421199 1.5785540259685444 
1.9448324014266989 2.0887076183801168 1.5663945801869785 1.741814693438754 1.3577082205095248 1.556823065566264 1.962183073808135 2.1048726471164807 1.5878858039352644 1.7611665939879566 1.3824474519992218 1.5784446151129725 
1.9495259599544705 2.090818040609082 1.5711374798331303 1.743370755443718 1.361930693000345 1.557473538438583 1.9675404968478793 2.107625255384932 1.5934356336973263 1.7634924806010372 1.3875948078370717 1.5799645442655983 
1.9499906409625973 2.0900143856159747 1.5726111679120558 1.7432161419863343 1.3630846602620543 1.5568225407160958 1.9688323824748821 2.107604702623744 1.595914576624238 1.7642675443712386 1.389905479333656 1.5803587800628438 
1.948403485885539 2.084279254411683 1.570332589425221 1.7360553873569011 1.3600971505781931 1.5484857524597764 1.967837730131964 2.1024578946297403 1.5943818958238707 1.7578388709693844 1.387794454280215 1.5728691343817895 
1.9515414990530153 2.0940105252185552 1.5733202944493183 1.7469123063640286 1.3625016680085533 1.5597360842546697 1.9702143685563989 2.111423812328091 1.5964232472831539 1.7677480141881337 1.3891152691069557 1.583037298381213 
1.9534797881432608 2.1005232530786797 1.5746469631902382 1.753746764137924 1.3633155594667874 1.5667622566057173 1.9714305904809937 2.117227722075318 1.596862031950237 1.773720102813361 1.3889149020311646 1.5890875555249433 
1.9527014361829742 2.099752794766815 1.5745340392862421 1.7535895589136732 1.3631177435830881 1.566527651569244 1.9698477935594543 2.1157077373897963 1.5957490002475483 1.7726629042350524 1.3875688861426123 1.58784958798088 
1.953566639170612 2.1017455709957757 1.5731588011641926 1.7537789043093088 1.3613355992114362 1.566571557638003 1.9690304979050883 2.116126870771306 1.5923212934833095 1.770988123393367 1.3834352538808457 1.5858136502125209 
1.9497521399119861 2.097961370762429 1.5718410297136824 1.7523106827304826 1.3600699681602302 1.565151374280255 1.9628817388144832 2.110169004295952 1.588098087704714 1.7669080457939428 1.3788261789549 1.5814772011924074 
1.9486622900808774 2.0961277085576753 1.5697532211093723 1.749454722187245 1.3583877022349877 1.5625888132785446 1.9588353514533197 2.1055884174983603 1.5823641769527172 1.760779099803053 1.3729415001751712 1.5752571259014352 
1.9501641105990541 2.097363583041481 1.5692955292960598 1.7488517374176122 1.3572902630861978 1.5614194822239795 1.9570531760962961 2.103770680294932 1.5778483875419083 1.7565305221568455 1.3671700457765303 1.5700152468267945 
1.9463191304668666 2.097129536466763 1.5679842634482335 1.7516759933050687 1.3576607320024026 1.566217353473425 1.9527150167142413 2.1030668252819025 1.575916377635977 1.7587798510334656 1.3668139749436643 1.574158371067314 
1.9483944015338708 2.097959929695639 1.5725658940497629 1.7544681854649087 1.3615922144050803 1.5681608594173397 1.9543588999179577 2.1035003761274993 1.5799498273326686 1.761089600096636 1.370113617218853 1.5755654371585235 
1.9549785438937635 2.1043652133374997 1.5809451332304294 1.7623278237334221 1.3673821124634402 1.5735773528825903 1.9604303970416752 2.1094310099325315 1.5876818789811076 1.768373714141041 1.3751654722414244 1.5803455065475334 
1.9567676209055842 2.107195457992566 1.5855873225478627 1.7678858372034376 1.3729856199627513 1.5800071799154902 1.9618835718932202 2.1119470461222507 1.5918965999286825 1.77354671797066 1.3802670538937383 1.5863386511159905 
1.9626901343224814 2.1129760750294357 1.5927554208248045 1.7746507151681425 1.3816106462266422 1.587880130251273 1.9677595102569827 2.117685722784852 1.5989980479684147 1.7802556242536633 1.3888026874278434 1.5941418490481956 
1.9726950271715393 2.124655846490749 1.6023322979417596 1.7860866689014057 1.3915142240837208 1.5996714136432268 1.9774602825713896 2.129081014181311 1.6081953525449948 1.7913483993202772 1.3982615401802767 1.6055441851743975 
1.9771758950326852 2.135127578089492 1.6095704737284104 1.800072877613098 1.4008166260786241 1.6161164793164817 1.9809450952811134 2.1386184150844443 1.6141982717492607 1.8042121037556254 1.4061316334249434 1.6207255860688756 
1.9718445129498445 2.1439855753363664 1.6009206114140733 1.8087150599390744 1.3904858520856693 1.6254089543405408 1.9750632932719927 2.146946290998079 1.6048834952202637 1.8122236057480352 1.3950466422419037 1.629312277628328 
1.958377197453435 2.149689105337228 1.584141392523272 1.8153308110660078 1.3714630784332367 1.6330440831788864 1.9613016670735715 2.152353649232758 1.587755312781403 1.818485340981766 1.3756358374459319 1.6365500173736118 
1.9486748725068528 2.158923223678786 1.5692485416719686 1.8237754007935296 1.353512220979035 1.6418316172310727 1.9519043698961278 2.1618386610058575 1.5732570978767584 1.827225662861487 1.35815766493423 1.645663382900525 
1.9306786386825334 2.1579231505095446 1.5497811719933365 1.825084655216037 1.3343052410393357 1.646050665655538 1.9348533422109904 2.1616590326656606 1.5549788201339076 1.8295003276045183 1.3403387356429866 1.6509452576948274 
1.9173999800481953 2.159107656419388 1.5329641254409119 1.826280974661024 1.3160780433883166 1.6484491514174224 1.9220740910924377 2.1632595776209613 1.5388064004444548 1.8311876819618518 1.3228785070628444 1.6538835306540844 
1.9047041396894426 2.1582451897989023 1.5168720332810213 1.8251096418818513 1.2992902643174464 1.6487206041322162 1.9091118863885637 2.162136127603926 1.5224030676368527 1.8297091407898962 1.3057432848573642 1.6538107405293085 
1.889753489567589 2.1537874841620006 1.499316374929881 1.820873929664786 1.2813484354120388 1.6460516664226794 1.8938491337307943 2.157381935803876 1.5044752846533835 1.8251241485808245 1.2873811024451463 1.650752064524797 
1.8786614293829211 2.148947625841793 1.4849744339385376 1.8148708498984383 1.2658475787594177 1.6404198319366539 1.8821748782966687 2.152019843043061 1.4894168575959787 1.818507549627188 1.2710560958868338 1.6444423769932104 
1.867572403170343 2.1418778100824167 1.472373479890021 1.8076773872910648 1.2533249887732432 1.6342084933457695 1.8701652709435737 2.1441389910366 1.4756609108611132 1.8103560412480884 1.2571853431548787 1.6371709926832474 
1.85748527482586 2.1343707281104893 1.460132148743702 1.7992422712394516 1.2407625709195536 1.6262775335762651 1.8604097570199152 2.1369163116123433 1.463850678728845 1.8022612653094723 1.2451364082761778 1.6296169899810506 
1.8504075768478603 2.126178370573826 1.4522509613892394 1.790435454825437 1.232813460851223 1.6175460711509795 1.853885560123917 2.129205939564318 1.4566798977249495 1.7940297064084445 1.2380276648104314 1.6215235927595903 
1.8460146486828672 2.1197468436093327 1.4476078602825178 1.7835708886926052 1.229058562946343 1.6112546505725684 1.8498242505307714 2.123065320637057 1.4524628022265251 1.787513577484582 1.2347731070329195 1.6156179077033435 
1.8435901211182733 2.112898211075226 1.4457995167674147 1.7764713784254702 1.228440454676127 1.6045498640942544 1.8478743074638193 2.1166373737286435 1.4512584760079403 1.7809170334029856 1.2348606691383808 1.609470468155564 
1.8440808719182085 2.1064764028952756 1.44696867104116 1.7692729887596825 1.2310435929627432 1.5975221130095882 1.848825461647102 2.110631223452979 1.45301055069625 1.7742176400359173 1.2381395935978383 1.6029966397390294 
1.8421195246326987 2.099870753116248 1.4473086163748905 1.7637332756947688 1.233601085859201 1.5930550761957352 1.8471795326478149 2.10431106602446 1.453743482817034 1.7690175099735446 1.2411444403585747 1.5989034863283649 
1.8453417984981129 2.0977762937892708 1.4496576634792955 1.759797251612881 1.2360597110513107 1.5884654968818963 1.8507458294655832 2.102531605180823 1.4565305054423852 1.7654631513527124 1.2441130902310489 1.5947402317569621 
1.8402400746818255 2.0892745878091206 1.4440135115936314 1.7503599036955144 1.2316187847158593 1.579705542708821 1.8455872133131423 2.0939858960234115 1.4508217158372598 1.755980757851569 1.239594070792923 1.585931345028835 
1.832085749376333 2.0795305178496033 1.438213417079621 1.7425173785841679 1.2278417948041351 1.5733735903045531 1.837900818289126 2.0846554630124947 1.4456137305199614 1.7486303324224475 1.2365017985704023 1.5801410315120104 
1.816115966153197 2.0688073058834067 1.4195214363004738 1.7311058819369078 1.207301343375613 1.5618140094379227 1.8223667988954804 2.0742968003823754 1.427509949288116 1.7376625453972816 1.2166840513940174 1.569078247658975 
1.8052936317848491 2.0607813138329183 1.4065596907927265 1.7222498919271063 1.1925022895420077 1.552351840609251 1.8117919986308944 2.066476414765707 1.414890565769286 1.7290603921155934 1.2023172875339232 1.5599042875711733 
1.799463276114578 2.053512877287359 1.4012888701780977 1.7153593071963114 1.1876841471052015 1.545781578485463 1.8061823747797479 2.0594032694120425 1.4099068006662745 1.72240652624896 1.197839856644038 1.5535982032897082 
1.7919158466799436 2.045672342962748 1.3939145008151324 1.7078672573600968 1.1805056499579745 1.5386378790224489 1.7987006611225502 2.0516181422240103 1.4026258597083898 1.7149846166956424 1.1907792643150532 1.5465342509956577 
1.7966215872048126 2.045402079995603 1.3969271046158207 1.7050589071496445 1.1823047084446294 1.5341658857015235 1.8034856729429096 2.051433916496054 1.4057442087770948 1.7122900810757329 1.1927094652556172 1.5421985636584998 
1.7895557173430952 2.0356059010808947 1.3951387434500413 1.6992921563154937 1.1845389657902183 1.5311153713928158 1.7963664307360456 2.0415959621128175 1.403864238975892 1.7064631611949201 1.1948034354969692 1.5390701636102755 
1.7837221948038997 2.0304302176228664 1.3876876436129422 1.6931210815048168 1.176410066361233 1.524769702163589 1.7902966244273715 2.0362082417660625 1.396128264679159 1.7000459205080432 1.1863548286394086 1.532455474014185 
1.7797497352519567 2.02643204162622 1.3847874585399054 1.6901343155292157 1.1737626551093752 1.5220500877860133 1.7860801949882905 2.031994134373771 1.3929140849777528 1.6967991476098194 1.183339390593168 1.5294475514150232 
1.779018270669936 2.025139983121525 1.3846729546638261 1.6892617130680045 1.1739925278201093 1.521362678402967 1.7851968966412222 2.030569847022616 1.392602292033677 1.6957674037548458 1.183334444600279 1.5285831189822325 
1.7807100466942056 2.0264518109833456 1.3842459295940444 1.6887023021947 1.1728584044110697 1.5202550801223065 1.7867262515107567 2.031740477934542 1.3919767315000922 1.6950451005438412 1.18197261568857 1.5272975925070007 
1.7791094806663528 2.023586502780867 1.3856460605063978 1.6881015357604825 1.176148607020771 1.5208541467993897 1.7848617153373254 2.028645640055675 1.393023978141403 1.6941628002399591 1.1848317789783072 1.5275791745493585 
1.780004305830792 2.0253648708655336 1.3869896290802466 1.6903927835080697 1.1779606163094587 1.5235743319366337 1.7856021361927632 2.0302863148177304 1.3941663785847656 1.6962863621853947 1.1864024922327836 1.5301105858519377 
1.7806544913228983 2.026928273291487 1.3881335629788691 1.6925195999658056 1.1796716661293558 1.5262152690457562 1.7861594213362955 2.0317660510079425 1.395188105464066 1.6983102358604596 1.187964772553635 1.5326343688004684 
1.7810389630908527 2.0275419681100906 1.3886459224898693 1.6932702508600745 1.180902404116335 1.5275330217208858 1.7865365628633911 2.0323728828263135 1.3956900087224742 1.6990518664383791 1.1891776950682096 1.533939449537608 
1.7819832218282554 2.028710065592767 1.3897280247866521 1.6945631620678556 1.1826282944684732 1.529316844292709 1.7872800699323566 2.0333642998089174 1.3965134544204756 1.7001323935909842 1.1905946112667443 1.5354855439688808 
1.7842394946461335 2.031061234393264 1.3914636788127421 1.6964286996673599 1.1845181656078938 1.5312682483010902 1.7894246530477582 2.0356177815432566 1.3981062849923427 1.70188141412235 1.1923142619859455 1.5373068863877146 
1.7841320023839633 2.0313212245065055 1.3921283798309012 1.6973981092043817 1.1862408566267686 1.5330708676152613 1.7892262397781364 2.0357970066562654 1.398651122013853 1.7027518540029871 1.193888983578712 1.538996367867907 
1.7854252385394633 2.0333001309776426 1.3924303263049465 1.698654866014194 1.186820064210957 1.5346361148603598 1.7902898124755389 2.037573005532243 1.3986624123975377 1.7037672036031506 1.1941257032045245 1.5402929381366712 
1.7851129602445277 2.033579621119611 1.392238874056094 1.6991606389723664 1.1862347002313582 1.5349171178382826 1.7897568274413653 2.0376573058227874 1.3981882215828383 1.7040387605840956 1.193211626063449 1.5403154804042516 
1.7860290027437993 2.0349829503615036 1.3923824265775586 1.699995538659443 1.18579878775533 1.5353744737561614 1.7904420636932128 2.0388572272383394 1.3980386284513064 1.7046313432123703 1.1924353021619287 1.540505747948384 
1.784791524147291 2.0344476887125924 1.3918200338650144 1.7001939948452969 1.1851294058743165 1.5355872889901145 1.7891879001289972 2.0383056579934253 1.3974532421401478 1.7048085456754403 1.1917400160974752 1.5406949339204077 
1.7841519485186597 2.0336726113420838 1.390872482653579 1.6991622576207754 1.1838668973338726 1.5343294774340126 1.7884606997647252 2.037453751456197 1.3963952743413772 1.7036859678130034 1.1903505071208775 1.5393376642319028 
1.783376609857873 2.033224104369255 1.3902797709051802 1.698954374722335 1.1818246359710733 1.533061510895163 1.7879407952916562 2.037228610997833 1.3961296488034916 1.703744735066894 1.1887008139427517 1.5383685355168182 
1.7815571752503483 2.031840854507557 1.3876004802125144 1.6970169068238539 1.1788732827093844 1.531069399487169 1.7864527787898565 2.036134774568226 1.3938804306130423 1.7021556756671818 1.1862587318312983 1.536763178959595 
1.7799213579058824 2.031058807422749 1.3858820043313644 1.6963928698298398 1.1754760310314796 1.5293213326209505 1.7849594461302252 2.0354753899788425 1.392346621330163 1.7016782753533408 1.1830909024793994 1.5351820486214396 
1.777245322072091 2.028601388209899 1.3822638777118967 1.6933033056859983 1.1709961573067307 1.52573086022638 1.782541947553305 2.0332433332503834 1.3890674165018522 1.6988616615272503 1.1790194486890917 1.5318973587702047 
1.773893866553828 2.025542238778863 1.3791212064924858 1.6905907882977742 1.1668325820773475 1.5223732084733 1.7793829889591757 2.0303511353155863 1.3861744745151274 1.6963494878937209 1.1751606895217734 1.5287656973772303 
1.773042566669681 2.0254195553570153 1.3769633110662787 1.6895775779829139 1.1630232572148373 1.5202853445398365 1.7788315581365792 2.0304891391540636 1.3844095235957492 1.6956515446938412 1.1718297085424185 1.5270328411080782 
1.7719152252823045 2.023875406636298 1.3753071142065831 1.6875597039474601 1.1602066329698515 1.5173883903560221 1.7777900368680324 2.0290208257155076 1.382867856299813 1.6937271338640234 1.1691592196049432 1.5242445265728328 
1.7701300072967097 2.0225180371141933 1.3736931874084002 1.6864910141629126 1.1578803148565269 1.5158844913951228 1.7761320214984722 2.027773144489356 1.3814187229773056 1.692789607692654 1.1670353630427186 1.5228888686677864 
1.7698460747845843 2.02200493458112 1.3729684094072958 1.6855833056453782 1.1565943532762037 1.514549215136438 1.7757136639983373 2.0271427782843516 1.380523864810167 1.6917431744654388 1.165553253228011 1.521401726418897 
1.7703144057466318 2.0226810175195817 1.372814693683765 1.6857774427942882 1.154897948389402 1.51360981584887 1.776141766243351 2.0277832668295814 1.3803212168890435 1.6918959971682803 1.1638108737222084 1.5204213735784071 
1.7708849719169624 2.0234617879419763 1.3727847271008444 1.6860907242676297 1.1533371363835208 1.5127956152968383 1.7766388916044085 2.028499389859741 1.3801992879150968 1.6921330024148042 1.1621526223183167 1.519527143904096 
1.772666720580273 2.024910550713986 1.373895583751844 1.6868623272789096 1.153245493315634 1.5125774704102992 1.77809419797513 2.029663620655605 1.3808912881442985 1.6925649724051421 1.161570851249643 1.5189345866800252 
1.7748430883644841 2.0267670832967415 1.3750711771814506 1.6877611098538736 1.1533150030738264 1.5125648144576085 1.7801932575131219 2.0314538773290374 1.3819698940625227 1.6933864324823142 1.1615315501936139 1.5188391500468967 
1.7769573310137305 2.0283140840913765 1.3760031330790785 1.6881544034013714 1.1522820350259046 1.5113684381127719 1.7823271065220998 2.033020064368141 1.382930649253042 1.693805729156517 1.1605457537914825 1.5176781984740506 
1.7811024903958448 2.0319902735432276 1.3798174891246597 1.6913174432300635 1.153774070298982 1.5125650385270313 1.7864471386117982 2.0366766482518233 1.3867096311248006 1.6969448993807312 1.1620077035262202 1.5188549284030648 
1.7866754930533888 2.0369826116875838 1.3841241076860014 1.6949597010895479 1.1554729998912003 1.514003532465354 1.792081474196296 2.041725949533279 1.3910953375515172 1.7006572497118784 1.1638146528367694 1.5203793569361463 
1.7897938003598794 2.0397554330621745 1.3871527615250816 1.6974784719420333 1.1566864915813013 1.5149798740269325 1.7953224333769853 2.0446082800102956 1.3942788730331748 1.7033067705750071 1.165222910771437 1.5215074139440332 
1.7937350943711086 2.0432820350109595 1.390526120854452 1.7003172582193387 1.1580708945390734 1.5161279901771252 1.7994678442190983 2.048316481454594 1.3979133830028705 1.7063638862207935 1.1669306450593069 1.5229061087928333 
1.7982007902684005 2.0475792967750723 1.3945787873483162 1.7040847656680402 1.1608884124332965 1.5187879379893363 1.8039464497378794 2.0526270211565225 1.401979566727668 1.7101466603721154 1.1697686170871142 1.5255862846728467 
1.8024613406221228 2.0504331452201265 1.3986029044862234 1.7063116019699625 1.163959313909769 1.5199376576087913 1.8081622265099169 2.055446383625051 1.405942330743797 1.712332630056818 1.1727681089530444 1.5266938907185357 
1.8080160825336262 2.055175378088264 1.4033994341954965 1.7100741656139478 1.1674920595448348 1.522452425890622 1.814080335393182 2.0605123496985502 1.4112034865533176 1.7164844771975771 1.1768615116742667 1.529649207387184 
1.8128957861427584 2.059181824262775 1.410068716132008 1.7152062377959596 1.1741656258868123 1.527188125600173 1.8203997398962048 2.065791341586601 1.4197034429112898 1.7231356649359242 1.1857187687703057 1.5360884260270207 
1.8167144026882927 2.0621491016837457 1.41369180747965 1.717711332900578 1.178769592471353 1.5301978462849437 1.8256820187138505 2.0700537505328405 1.4251975789535567 1.7271930510788538 1.1925440724162273 1.5408338850424728 
1.8239633133435824 2.067752858637439 1.4225145455928736 1.7240380936636233 1.1869800235990915 1.5354742890726956 1.8341376201973776 2.076733137840127 1.43553692875638 1.7347985444435041 1.2025557025864955 1.5475464237958423 
1.8295668236893396 2.0713470232495323 1.4289660478628246 1.727746420724031 1.194424836289291 1.5394201563980836 1.8402994953932634 2.080832996932887 1.4426820288423572 1.7391075770994444 1.210800627661177 1.552160393878384 
1.835985303287597 2.075197555272281 1.4368048035443262 1.732053954993334 1.2033501456716784 1.54390881615724 1.847253712798556 2.08517364719777 1.451176174366176 1.7439940219416035 1.2204736042406037 1.5572920978955909 
1.8424082493782994 2.078277218942942 1.4434258292607935 1.7344296370787746 1.2111157549042164 1.5464699845704117 1.8546298399026178 2.0891194040689034 1.4589934236511175 1.7474066074206112 1.2296280158882238 1.5610102814706923 
1.8518017544956722 2.0830725556622482 1.453148862970773 1.7382931720953316 1.2217509967064688 1.5500635574560322 1.8650150664896115 2.094827614013442 1.469950025760485 1.7523625801851768 1.241687141849045 1.5658251793968734 
1.8556075513044832 2.0809332437726638 1.4602363782820302 1.7376115967149333 1.2322522048907927 1.550951087893561 1.8692156495969694 2.09307690381367 1.4774904536741413 1.7521363592135801 1.2526504926348052 1.567206762771977 
1.8640013617267692 2.081883084574936 1.4702758013785202 1.7382310069260787 1.2451194592163637 1.5524363333287614 1.8771995750370418 2.0937082762025967 1.4869727973702982 1.7523767293134342 1.2647923290877636 1.5682588233576908 
1.8677021507597726 2.080200361319236 1.4741253071407057 1.7355021291927821 1.2509507737527805 1.5504193167116693 1.8804351028931257 2.0916401209272784 1.4902249069830633 1.7491976711260167 1.2698829436576742 1.565734623067613 
1.866837590332239 2.0747676355383704 1.4722626527483065 1.728333148289843 1.2501400116296895 1.5435116460453027 1.8797509392144163 2.0863944368880682 1.4886028091729104 1.7422733643941988 1.2693427643774868 1.5591052582418803 
1.8649410459324685 2.067890744121577 1.4682889909018897 1.718731970268689 1.2459136153055272 1.5331235311036389 1.8788551514163323 2.080447957730183 1.4859219818024396 1.733819817865654 1.2666460879044665 1.5500191407926838 
1.8594227741050395 2.0575256579251886 1.4613344657745126 1.7062992706499291 1.2395267923124857 1.520652967978059 1.8754620511597884 2.072032018454464 1.481689330912685 1.723763920466048 1.2634601384058304 1.5402241075572345 
1.857589209763472 2.0500563546765442 1.457546459715669 1.6960351020393651 1.2350966327497133 1.509157737729784 1.8760546636144908 2.0668029625461832 1.4810081400416677 1.716239638275984 1.2626983491197254 1.5318291373353883 
1.8569443922723696 2.0420370126204377 1.4550839718695963 1.6849160365168943 1.232604792458556 1.496992738563484 1.8779339558226749 2.0611425538646766 1.4817769169587574 1.7080209356304155 1.2640047629782887 1.5229513208739798 
1.8550214701332435 2.0321901844943793 1.4522117102734367 1.6726060931239308 1.2299025035568063 1.4836955413949655 1.8784796185999197 2.05362556684399 1.4820593356189558 1.6985853424527422 1.2650063996262233 1.5129221666679684 
1.8600561552118904 2.0268194967341415 1.4553706347668418 1.663217380964268 1.2327298116544598 1.4723488582335504 1.8857349655297904 2.050410869075181 1.488049442801428 1.6918863779880844 1.2711452506388246 1.5046589713359102 
1.8674723905899384 2.0287130642837834 1.4658230703654858 1.666391562987433 1.2456257132926005 1.4764169415160813 1.8952668545816178 2.0543271447497595 1.501073147476731 1.6974817117293781 1.2869214187648366 1.5114199633641536 
1.8748053012823704 2.0304680715235293 1.4758852793210182 1.6691743556251037 1.2583091026121047 1.4802862795677327 1.9044568015779408 2.057877882877524 1.513373103063643 1.7024111785454419 1.3020762608528273 1.5176653981811932 
1.8827229799647451 2.0325430743104387 1.4858022221302976 1.671584210540208 1.2697766210193546 1.4828749768363245 1.9139394172771849 2.0614920864867106 1.525164422941779 1.7066669407495214 1.3156180832625135 1.5223128688437637 
1.8938980232625566 2.0395267864771522 1.4972843106497242 1.6777008366087858 1.281233378943048 1.4880788828411684 1.9263231823652593 2.069671663128676 1.5380934910849275 1.7142203410174026 1.3286949430617323 1.529133755417694 
1.902290507005331 2.042175596936414 1.5088833463997806 1.6818147783637174 1.2948014261046363 1.492743356616468 1.935798104442351 2.0734238102333538 1.5509139502766103 1.719623818409887 1.3435460026223889 1.5352158990977784 
1.9055964040638957 2.036887753525277 1.5147911702875914 1.6769634327740275 1.302585353818033 1.488066755646819 1.9401976962776886 2.0692948475075394 1.5580955474685274 1.716180584997176 1.3527002807130817 1.532126664059225 
1.9087384036613504 2.0387493010793847 1.5179276654741094 1.6784876575809784 1.3052847128545098 1.4889541969623108 1.9438233083929413 2.0716335277484963 1.56181662119843 1.7182804128813434 1.356073354303402 1.533672507835907 
1.9134614159425374 2.0425863404959945 1.5251639565308448 1.6843246309369284 1.3135401015198662 1.495396926030283 1.9489780482347203 2.0758949396780224 1.5694922543615246 1.7245667005311276 1.3647594808246692 1.54058197074379 
1.9219700317656074 2.0483596540659286 1.5359679074137875 1.6914508216336321 1.325686366455162 1.5030811061300349 1.957583121572387 2.0818117463558248 1.5803038592198304 1.7318108317206844 1.376810523298355 1.5483590302204102 
1.9324253936540372 2.0607804338548443 1.5491837328215656 1.7066101876406807 1.3406112986391545 1.5197982591643406 1.9671658753239292 2.0933919068246536 1.5923077331467559 1.7458499395878673 1.3902202462340132 1.5637328504443975 
1.9383677118984752 2.0716937744296406 1.5567556710449235 1.719922651694119 1.3490079066226892 1.5344275937985896 1.972064612574986 2.1032557012048083 1.598517334585562 1.757812099585883 1.3969938374132256 1.57678073626314 
1.9428010667058144 2.0810466790039213 1.5622475732076686 1.731154752006085 1.3553133420701096 1.5469820783038342 1.975700958827841 2.111793923211555 1.6029771595107805 1.7679974743514908 1.402067241295242 1.5881032222476126 
1.9455739264860459 2.087476792834433 1.5665918575756514 1.739687186083271 1.360818912648678 1.5569616469978733 1.9779650271079947 2.1176985398451618 1.606641775027131 1.775837619396078 1.4067394421364356 1.5972530529826292 
1.9473505151176584 2.093848288885565 1.5680903481397397 1.7466922934704354 1.3617292576459572 1.5640758291301 1.979193489057856 2.1234955840003553 1.6074638964309618 1.7821242399083768 1.4068899777626571 1.603547953030719 
1.9454833357071681 2.0973623798510093 1.5667726872505436 1.75179913129739 1.3608327955756687 1.5703150767964658 1.976827065657057 2.1264686196636644 1.6055268579236819 1.7865441596597298 1.4052778143535498 1.608983927332492 
1.9439651808649043 2.0995932702157147 1.5640988264221414 1.7537663512381345 1.3573781982981457 1.5721853736551297 1.974954004612543 2.1283173156874704 1.6024505716979602 1.7880545603127214 1.4013986831502019 1.610344542343383 
1.9449650746887566 2.1036589458177484 1.563819398319077 1.7572771349787262 1.355834930719459 1.5750492620610443 1.9757846030777344 2.132185877525466 1.6019883790337057 1.791328720564442 1.3996871133789295 1.6129525206648336 
