2.2124153664215607 2.457060472674258 1.9054069589403333 2.1847059509183953 1.7580375663728718 2.0574402780100933 2.3060129552060737 2.5416648406857756 2.013328009833035 2.2794416175849403 1.87446261119774 2.1577707231256635 
2.2096267972420707 2.456343931881334 1.9021933637488726 2.183921821332039 1.7545811702768983 2.0566307426687587 2.3066442838223344 2.5439698859637176 2.0140746912888434 2.2820323816042247 1.8752899381403 2.1605293982471636 
2.208081244900821 2.455619115433572 1.9002598761439868 2.1829864985571397 1.7527475373489358 2.0558614704504676 2.308002175753472 2.5458429840197843 2.0154996542006054 2.284005541167262 1.8770655792706763 2.1628263094577798 
2.21193327929877 2.458188131789227 1.9046500894572238 2.185802374980275 1.7574147531158975 2.058773099122244 2.31974244302884 2.555630071271938 2.0288538964620915 2.294839469851739 1.8913124502285206 2.1741901581024163 
2.2202888386230044 2.4643095537926825 1.9142655014688768 2.1926129298428143 1.7677425755222083 2.0659266355110217 2.3439587778956117 2.5762922587458688 2.0564222902103277 2.3177600578303807 1.920774333146372 2.198297770747605 
2.2264952255801584 2.4669596834020697 1.9216190970978717 2.1957297293454037 1.7754676564587821 2.0690322590842416 2.36165169188245 2.5895960696161167 2.076713191216168 2.332669451202043 1.9422675210617202 2.2138229860066136 
2.231622484158546 2.4705181951570325 1.9275104406985608 2.199685827522185 1.7821968483312836 2.073534867563591 2.375441308667078 2.6011617888401255 2.0923381653360815 2.345463757750684 1.9592876525211809 2.2275837461523103 
2.2369347427937725 2.477082284365588 1.9339470534422187 2.207308498039601 1.7890645174274293 2.081540642773482 2.3862617858646273 2.6127198301153225 2.104879918826212 2.3585120463287526 1.9725922322360088 2.241245125968563 
2.2442160099544095 2.484130109180212 1.9433718497847217 2.2160981581454577 1.7995342491143898 2.0911050699894758 2.393466106122184 2.6197474880521767 2.1139698787720915 2.367121785704253 1.982548363989058 2.250532140529366 
2.2606512488760844 2.498417863577868 1.9584902682027807 2.2287287593255938 1.8136951541659365 2.102626420514353 2.4061303563699536 2.6307814511747267 2.124759598977023 2.3761631058168122 1.9920866785973446 2.258308457019324 
2.2639661552753854 2.5021143899175375 1.9669289505806786 2.2369271701672386 1.8242156454302243 2.11253316874136 2.4045570728873145 2.6300053963390284 2.1272426897682384 2.379116459775017 1.996024720681688 2.2625535029193036 
2.274152444034236 2.511909773599937 1.9790171249150144 2.248205985381875 1.836863147517226 2.124143967509474 2.4120494811605524 2.6374047985788773 2.1360529351041113 2.387602042545384 2.005063486168677 2.2711673112227753 
2.2798825509635448 2.5169815429970956 1.9855480120581421 2.253826202214368 1.8438425556939617 2.130043899028384 2.416276311771491 2.641159377324292 2.14077735339947 2.391706361246723 2.0100453076555365 2.2754370526182526 
2.28242861259844 2.51956628017761 1.9891363570172962 2.257298676606186 1.848034751298806 2.134002415792456 2.4177378422169844 2.6427618398728328 2.1430444113195697 2.3940286584516985 2.0127613728626748 2.2781444670362854 
2.2802269162604496 2.518107187400616 1.9857707736893095 2.2549311703993626 1.8442851898875725 2.1313884862311325 2.4185095987071543 2.643977627862732 2.1431377592302927 2.39467502443205 2.0127448300861785 2.2787213012210685 
2.281113618945468 2.5177611668977837 1.9867828805731367 2.2545394575253033 1.845368420272356 2.130968455312863 2.419450082596971 2.6437436814446458 2.1441934553996034 2.3944117284165 2.0138629462251125 2.278439359995892 
2.284123544832451 2.5208702461764987 1.9902445916163067 2.2580168211193556 1.8491020039083728 2.134653285865871 2.4221963386269825 2.646620776170617 2.1472978995141685 2.3975935225258596 2.0171744980685133 2.2817886373759424 
2.288784757025931 2.526788065112357 1.9956196014256449 2.2646456357660574 1.8549153735936985 2.1416893577720955 2.424169827878041 2.6500418140841195 2.1495490885286266 2.4013920017344628 2.0195976662677766 2.285803358907815 
2.293915019361223 2.5323642752279936 2.00168612675689 2.2710284138361194 1.861254035335048 2.1482758878810237 2.4268159741214412 2.6533485407407373 2.152704579418876 2.405194319104176 2.0227842792178805 2.2896460308639415 
2.2992332594261153 2.5365554638626056 2.008591941448347 2.276418596666975 1.8687870058546638 2.1540670633133128 2.428617147327104 2.654396595893545 2.155492810076443 2.4070291428005683 2.0258510656736934 2.291661532663853 
2.307220070038929 2.5421769121346456 2.0177445896818655 2.282694072842535 1.8786370822461798 2.1607119863115587 2.4316262490749763 2.6555988432348814 2.158896707299921 2.408367495585016 2.0294873861126703 2.2930804720703635 
2.3117918402955855 2.546221386458226 2.0231354570708433 2.2873431997969282 1.8842236391833245 2.1654469650530004 2.432245016082313 2.656064316664273 2.1597479906362342 2.40901914045058 2.0302051689071354 2.293598671053253 
2.3169332350503673 2.5502308218043637 2.02918943435081 2.2919658351033423 1.8905391361410535 2.1701695450081684 2.434064012091909 2.6570971460902517 2.1619661791436426 2.41031022662249 2.032394209930977 2.2948036633579267 
2.326043998131987 2.5578397304064695 2.0404363651057196 2.301183166383294 1.9027683933799828 2.1800437986531005 2.4363978910854938 2.6585894923597815 2.1653947821323114 2.4126744429545073 2.0361929086621045 2.2974213732978632 
2.3344506524128135 2.5655601012158358 2.048898298244842 2.3087708896619885 1.911015600289702 2.187331572704653 2.4431768812328367 2.6648737413601062 2.1719663121214863 2.4186517825827285 2.042408883889465 2.30301385870572 
2.3525863573639034 2.582850769993257 2.06863038961888 2.3271629122291286 1.9311843021459034 2.2058849335481576 2.4556014608186647 2.677019623681298 2.1850738327056045 2.4312554751763047 2.0554290973844758 2.3154360940381746 
2.3608229902000892 2.590157394263385 2.079529231210105 2.336636890802097 1.9433991190327555 2.2163551772803225 2.4626420201964576 2.683288254294959 2.1944389606542467 2.439465615260295 2.06589464020731 2.324510873374717 
2.3607912502457817 2.588122711162869 2.0771794037196307 2.3323203287792698 1.9395064380499076 2.2105947308444036 2.4713336331294973 2.689337049727505 2.2020056480938104 2.4441507144685333 2.0726407846602464 2.328279120517349 
2.3636444245018837 2.5868935209008583 2.076829730979129 2.3277510293153862 1.9371232530427278 2.204007627137175 2.482232037767388 2.695677839119289 2.2108556387333027 2.4480779763559086 2.0801700462507484 2.330731761554478 
2.3561085432187987 2.577749081859716 2.070606263737413 2.319688160298407 1.9311253536289688 2.196084696232959 2.480591265010947 2.6920022075861323 2.21122044492371 2.4460250852451635 2.0811849240393343 2.3291357945917643 
2.3478849854253956 2.5651927919331934 2.0636496691022947 2.3078778372751905 1.9247641748500024 2.184574851953123 2.4769317788195155 2.6838109456379393 2.2093612400252725 2.439042280061174 2.080226973415644 2.322712727809018 
2.345092690794692 2.5570592483590775 2.061394425727083 2.29966068140904 1.922965477698102 2.1764394086715786 2.483727368436135 2.684770737310486 2.217834279363246 2.440877129623425 2.0897938033975243 2.3251516965391077 
2.351178589052401 2.5536346781829304 2.0642179452805944 2.2921616517205847 1.923811064948541 2.166577560489917 2.497376194636771 2.688846810351687 2.2293144294913714 2.441895193807146 2.099975264982528 2.3244150716983487 
2.34392836789845 2.5390420598011154 2.0607702171370517 2.2802430299069196 1.923046952583085 2.1565815471340493 2.4985297504170507 2.6824215368429867 2.2350446545246228 2.4388847851670015 2.1087342890272094 2.3236812796334805 
2.344445626418154 2.530193358467137 2.060922490738361 2.269990010733794 1.923111762334995 2.145649548838582 2.506042015021139 2.6806155481626246 2.243038742119986 2.436529485692962 2.1171159949920577 2.321127586379346 
2.346307111341397 2.5228387676050983 2.063066643889918 2.2618139542701585 1.9258069928035908 2.1373560676993457 2.513819186359912 2.67933672544367 2.251749057535322 2.4351452122432473 2.1267022392688664 2.3200044829937743 
2.3476759250861265 2.5197761455790078 2.0652848656853613 2.2590022467959168 1.9288915427335462 2.1350204116656593 2.520991797136397 2.68199351524738 2.2603581504772645 2.438628414299522 2.136455002013616 2.3242481688126593 
2.3507712551622286 2.5177955747234524 2.0686077730920864 2.2566140965829757 1.9329764260582694 2.1329713841720896 2.529313000895105 2.6852547958242248 2.2694573979912027 2.4420495374371503 2.1465545942502837 2.3282752603798804 
2.3534936153145796 2.5155152751129317 2.0713861698211877 2.2537802835517238 1.9367176386160398 2.1306712824193434 2.5357433382238215 2.686797197286481 2.276335376113654 2.4434785954754115 2.1545155584832734 2.330412451422814 
2.3434209393231957 2.505948485755126 2.0596488134772906 2.2428351141486993 1.9249682519092126 2.1198252015811136 2.527290487023288 2.678684998315108 2.266655849880703 2.4343140422300507 2.1450124190312767 2.321472462080567 
2.345252652210906 2.5026962181420043 2.0607663403458165 2.2383110300184583 1.9266204961803688 2.1154538269369745 2.535251340613449 2.6815625515140034 2.274653219038518 2.4366628048382672 2.153869980681817 2.324313716192866 
2.3489088628441954 2.499661690298911 2.0646536508451026 2.2346656165851773 1.9316054022361842 2.11235298895521 2.5410485309076662 2.681019089157705 2.280865951437745 2.4358335756836937 2.1611696417514312 2.32413208325775 
2.351925240482775 2.4981455585733907 2.0684835486945405 2.2333389993952912 1.9368705598516283 2.1120242566362633 2.5460152078375256 2.68167342037392 2.2867586870808996 2.4368923217778744 2.1684346121891616 2.3262174365995882 
2.357939300720661 2.498368700789185 2.0751933643598224 2.233471718800809 1.9446447421272195 2.112726104416528 2.5521766872462104 2.682456758667889 2.293502909639105 2.437647229548 2.17609082304095 2.3275179245975828 
2.365604005704211 2.501047200474995 2.083948416972889 2.2365142055895397 1.95440911208575 2.1163340389938 2.560133355707044 2.6857843521406943 2.302399073098278 2.4413513223220886 2.1858443367732776 2.3317526137658366 
2.3697470305518182 2.502671067801192 2.088636921250115 2.238317598914229 1.959763625749075 2.1185690816230562 2.5638242035851753 2.6871650547908588 2.3064903526546905 2.442858823528114 2.190471873110714 2.3336299003246337 
2.370211073594647 2.5025037388165257 2.0899365783177943 2.238852235139847 1.9616025462337394 2.119553957508676 2.5636146430013014 2.6863999082807255 2.3069578248877223 2.4426786188957994 2.1913703598001617 2.3338227188907665 
2.3678187494348233 2.501766097494946 2.0868555050542166 2.2376849365750955 1.9582983040831878 2.11830125906942 2.5610641655911492 2.685389661981123 2.303790339652263 2.441253347253228 2.1880165168195345 2.332313069524563 
2.362940786009882 2.4999246062209557 2.081719543019424 2.2359986883692486 1.953250990883916 2.116913628844833 2.555956515551272 2.6831040956304695 2.298473581964561 2.439080705017569 2.1827995749928575 2.3303965034279037 
2.361239393801537 2.498704222680278 2.0804280501955 2.2352297845278124 1.9521848143145284 2.1163876929429186 2.553481744176028 2.681108042478007 2.296301028837519 2.43743096982053 2.1807895570733664 2.3289298851275557 
2.359497290186484 2.4974247530200704 2.0791126205180324 2.2344154097654627 1.9511168686671128 2.115835525223395 2.5515185039809842 2.6795801183688015 2.2947175212991597 2.4363151350261236 2.179421081149157 2.3280419204896976 
2.357145491386565 2.494994055616969 2.0767365646041895 2.2319711532105453 1.9488972702438705 2.113542296705701 2.542404049336771 2.670707550459992 2.284845342968318 2.426804217748933 2.1693049699117943 2.3183495255211217 
2.358280788352956 2.5007275070896147 2.078288756817647 2.2386232252691918 1.9504609805670656 2.120482922523697 2.5433375271470835 2.675951338308423 2.2861237186544914 2.4327990967185595 2.1705703252819615 2.32454841313203 
2.3596964767550612 2.503377325216926 2.08068445959743 2.242315408324674 1.953114092522567 2.1244729295545874 2.5439051207563246 2.67771989450171 2.287473195779625 2.4354186891395595 2.1720820563252783 2.3273742778956397 
2.3585013851377936 2.5027172337874872 2.0799997809848176 2.2422006728874404 1.9523601394458172 2.1243292783127785 2.5426336899437345 2.676948047653688 2.286669277888014 2.435142943450526 2.1712133500964135 2.327065143101261 
2.35783839693588 2.500619180656095 2.0793322740882854 2.23993684881185 1.9513696487506307 2.1216827959582365 2.5421372761015797 2.6750993086510193 2.286193939836505 2.43318250674814 2.170461593888535 2.3247791101834085 
2.3558777431236453 2.4971503900136574 2.077221242175556 2.2361682000121013 1.9488706876920696 2.1174742234901847 2.5404600024061312 2.671991233822701 2.2844310390610088 2.4298611692904104 2.1683805110324523 2.321093313597142 
2.3555601044555496 2.4974790597125414 2.077006444309367 2.236670297049308 1.9484278312790135 2.1178076545575713 2.5401175948649777 2.6722529153773302 2.284182514542706 2.4302732372600904 2.1679264295041563 2.321345138436471 
2.354445000240184 2.495741807710886 2.0759160747862615 2.2348922705929253 1.9470825149325335 2.1157613834163813 2.538760494484661 2.670322220249085 2.282831824457509 2.4282992093965685 2.166338826027914 2.3191247962876 
2.351384588723293 2.4906489417991873 2.072631113750204 2.229377132942161 1.9434097620639375 2.109778227796801 2.5365354475475814 2.6661460469871883 2.280526765084201 2.4238657127541967 2.163756940107971 2.314339379405149 
2.3508604721399884 2.4889166982987296 2.0721724738713836 2.227568210643672 1.9426967245224482 2.1076602987839976 2.5355698857989006 2.664071323626725 2.2795763746297797 2.4216997789507784 2.162554103316319 2.311882700607937 
2.3454773247228036 2.486508657694326 2.0668395715170638 2.2255981754101164 1.9370965458615739 2.1056600988737095 2.536914928386216 2.667845343693828 2.281775468241527 2.4265120464297802 2.16495184728641 2.3169976100697296 
2.3385584288955474 2.483758597561045 2.0584485943929742 2.222028771496537 1.9275686722289327 2.1013619944594053 2.530316389762041 2.6650895440675924 2.273951653553437 2.4230264893926377 2.1561925918383102 2.3128700220069454 
2.3319037872178603 2.48074930729427 2.0510039413031365 2.218774215651741 1.9193710276132125 2.097695639133809 2.524358416239857 2.662466387851873 2.2674274647805164 2.4202415501021792 2.149091734301028 2.309748283956717 
2.3268561392045037 2.477484186135946 2.045416836675031 2.2152648680809457 1.9131907638690109 2.0937925634966064 2.519832759738965 2.6595536349270508 2.262526835256035 2.417166953326495 2.1437342520596365 2.30635316971484 
2.323391671991178 2.477312995460598 2.041521703504021 2.2151166294075715 1.9090760043219757 2.0936814481381734 2.51557862965123 2.6583955044270517 2.2578303404724545 2.4159322553329097 2.138821678111095 2.3051006456894587 
2.3170749101178925 2.47593243524492 2.0346186687184993 2.213837937134929 1.9016261764862827 2.092268481791436 2.507096057365541 2.6546065481833345 2.2486368379215524 2.4120059937027185 2.129055334381387 2.3009306598978245 
2.310248727439773 2.473963493068782 2.027135100834942 2.211904812472067 1.8935552200654433 2.090166872246589 2.497206969619677 2.6493940498757618 2.2378717978287073 2.406515399060868 2.117627171604362 2.2951233126603654 
2.2977736393244745 2.4677717034147304 2.012434209999035 2.204546423229604 1.8776824016788463 2.0822643165973043 2.480635653467562 2.6388798244434017 2.218936907001738 2.3945384690696536 2.097493921148388 2.2824579364918076 
2.2862227762538825 2.461296882755514 1.9996336504124974 2.197658412552326 1.8640016118721596 2.075010788276054 2.460909344437948 2.624355647381279 2.197224375147429 2.378857439432218 2.074551090704206 2.266038391188907 
2.297734824640485 2.4701811980026163 2.0130711578992035 2.2078644236831297 1.878715723350832 2.0860926623152767 2.46375852202395 2.6253220529004895 2.2006763090572043 2.380165129533167 2.0784834614799417 2.2676647296824193 
2.3151444223382716 2.487957810792621 2.03301223810483 2.227819367068167 1.9005409293893172 2.107628097242018 2.469872180576155 2.6325479977360358 2.207603599467986 2.3882114697790082 2.0862479997315777 2.2765041375723456 
2.307032108770108 2.4955278451454412 2.0234022443637474 2.2359379950026006 1.8909974653859933 2.1168687935477366 2.452079930833465 2.6302011448169225 2.187339817860099 2.3853128838364683 2.0654709512351537 2.2740783463628182 
2.296948826712985 2.500912273658986 2.012118168134804 2.2421435749162364 1.8799157248499625 2.124304926449628 2.4305941733860386 2.624190603538196 2.163430989354216 2.378869885827756 2.041052977190489 2.268145838278077 
2.289122590357004 2.506594575052527 2.00336366026809 2.248644054821207 1.8715063870804074 2.132010855245057 2.412753896692068 2.619983873233337 2.143540316299826 2.374383965916793 2.0208501402139545 2.264237050134716 
2.2837227514352723 2.5129707412190636 1.9980479713518116 2.256507929661026 1.8671166718293448 2.1414380698547153 2.4028226100740544 2.6216767223063733 2.133157890518911 2.3769717976204703 2.0110424053915645 2.26802202305954 
2.2845813347539106 2.5233669565693297 1.9989775628320494 2.268034439576692 1.8692114482599231 2.154534836271152 2.406739781502346 2.6344762853869 2.1375209466730287 2.3910384187348313 2.016689351155988 2.2836604085253045 
2.2817771853460713 2.5281678615087726 1.9960310455415868 2.2736018884505356 1.867496791420494 2.161635926414492 2.406733126660669 2.6414938870582003 2.137755167030556 2.3989836945185434 2.018266950967052 2.2931478578072193 
2.2760010280542953 2.5287224884720367 1.9902443733632835 2.274935034172231 1.8625742003217507 2.1641255498940466 2.403914280935202 2.644439565216836 2.135344434999705 2.4029050335134365 2.0168802250218554 2.2982738274810095 
2.266911936771616 2.524397523901028 1.9793333330891087 2.269681381400843 1.8511473301381605 2.158805124942416 2.397268185589097 2.642080218925542 2.1273846544613506 2.399887205190619 2.008669077383739 2.2953092584742563 
2.2584883073723647 2.5205013326197014 1.9703701957088393 2.2659470958823578 1.8426920691579725 2.155845911687032 2.3923445560783443 2.641111509989249 2.122475382330191 2.399387272158809 2.0045091923455205 2.295694804497691 
2.2509243368666927 2.5153605170032307 1.961834953072954 2.260348323444588 1.8337116665110575 2.1500875880063024 2.3876318037877535 2.638401749290422 2.117291109710415 2.3965182668735823 1.9991557558276345 2.292815277395621 
2.2449378659253267 2.5112036609294277 1.9549545011240952 2.2557138351895083 1.826736571338451 2.145545223449126 2.389695008704115 2.6414087225239036 2.1196092362096746 2.3998210597928673 2.0019647134316227 2.2965758247062866 
2.2410450718231347 2.5075980700548404 1.9505510141349187 2.251758052221144 1.8220959973455735 2.1414478491298263 2.392654415669501 2.64396675845646 2.1230076301376686 2.4026915042557504 2.0056285704044905 2.299632803171576 
2.237936041871816 2.5050546934366302 1.9463263918235527 2.248361117149309 1.817274640638803 2.1376221389920365 2.398568172362189 2.6495415767768 2.1290744405654047 2.4082980013006883 2.0117799754120456 2.3052548577259064 
2.2338260237337755 2.5017189116505976 1.9409427410179438 2.2440760977538727 1.8112056381069073 2.1328583338117535 2.4021525158303856 2.653102997983729 2.1325141802366168 2.4116872802065883 2.0151485971288197 2.3085585712973042 
2.227196015760537 2.495332332940767 1.9334392559942528 2.2370669895690676 1.802898949087167 2.125259038286771 2.399892768733555 2.6506162793998698 2.130086985411537 2.4090562311037096 2.0123438646065464 2.305603866369852 
2.2215004601514017 2.490106853300253 1.9268114361433735 2.231181336613609 1.79572055912185 2.119004524028415 2.39365549856133 2.6448354376393417 2.122998978283525 2.4026428174393484 2.0047779622174846 2.2988480863669287 
2.215933484164687 2.4842474122845033 1.9204441745185536 2.2246864558050086 1.7885381652741574 2.1118694959306197 2.382428938676293 2.633835918777449 2.110382019692702 2.390572372517145 1.9910989955906888 2.2859569570405847 
2.2096843867245295 2.4770634606594477 1.9130479056558307 2.2165041368186436 1.7803982166173276 2.10308252546926 2.3653763581498315 2.616895797484905 2.0909453642059037 2.3717484721812636 1.9703091220654083 2.2661103979493498 
2.2074384594192065 2.4847116447835633 1.9103579999892795 2.2249663129411736 1.7769965965423344 2.1115691581672245 2.3458588036885426 2.608459494115835 2.068752441169083 2.362359851598194 1.946274872376212 2.2558797140900575 
2.2043853641116473 2.4808723929516487 1.9067527136756983 2.220612282166709 1.7726286324861278 2.106567175598642 2.3305593425762923 2.5936306301919014 2.0513161450321693 2.3459136649650256 1.9272789845971028 2.238262111788885 
2.203425202682306 2.473731190532949 1.905657338719519 2.2126439550491535 1.7710570519934021 2.0978337542845384 2.3286275092971738 2.5858788556805132 2.049134779816974 2.3373525033797447 1.9245951612366585 2.2289750814792795 
2.20289098294555 2.4636351088468462 1.9052527406994615 2.2015352081542576 1.770033572885783 2.0856145655280627 2.3267266553815062 2.574961396926721 2.0471727460238447 2.3254430801167354 1.9219643844938463 2.2160136195571565 
2.204954450012791 2.454793113529368 1.9069199271682096 2.1910108882046226 1.7714629803163287 2.0741904913076836 2.3265856010495742 2.5646024375351453 2.0463430897606614 2.3133752710295856 1.9207440024665468 2.2030530240126334 
2.206575528293251 2.449577982359949 1.907619864664509 2.1841406268055725 1.7709515899828092 2.065847589649982 2.32930692056299 2.5606888643063686 2.048342919577345 2.3080653036217673 1.9217087974463352 2.1964565626896975 
2.205712437595019 2.4410226521196727 1.9071334746580693 2.17499018870462 1.770570626369183 2.0562938928473624 2.333330639913975 2.5569231716970613 2.053392950207378 2.30431049096283 1.9272220579791424 2.1926260719879624 
2.2071859443680792 2.433696247483652 1.9072332413776796 2.1653513038340937 1.7693573638516358 2.0449530833288105 2.337612119723033 2.5525747891640727 2.05676913295489 2.298152931872901 1.9296077607317013 2.1850843787542877 
2.2040489222498305 2.421254836416572 1.9039255281839782 2.1516448935804067 1.7653214047506025 2.0300253676421485 2.339243640314245 2.5449369618815 2.058922430289845 2.2899355679037434 1.93147322506698 2.1760588572808963 
2.2015955640866216 2.4091982455177674 1.8998480285027775 2.1369688088051007 1.7595875979916118 2.013296220978396 2.3412069523102583 2.5374126885364725 2.0600120138353297 2.280539992095269 1.9314179974168952 2.1650839796982217 
2.1964735116100287 2.392928468426186 1.8961477402366331 2.1206100585926895 1.7559554374768427 1.9962440397417573 2.3400543634805775 2.5253643681347233 2.0607607308090112 2.26899659705441 1.9325470331260997 2.153218243245327 
2.193644921102192 2.3767551144107046 1.8924201194971058 2.10193737839105 1.7506231169150714 1.9752387530315012 2.336485372870423 2.509193243183442 2.0562927239178377 2.2506058296461955 1.92659470445588 2.132757367643455 
2.1989985930409413 2.3787423425407046 1.898948501828325 2.1044775438564414 1.7568071302781192 1.9771675733220084 2.3460512173173114 2.515308457083552 2.067454211022832 2.257695115527347 1.9377132902150513 2.1395217024082833 
2.207318276489843 2.382379234489356 1.9083720469882413 2.1084024077310506 1.765959253699272 1.9804264512791405 2.360191910431457 2.5246747705924597 2.0832992464036675 2.2679533930982996 1.953679596573115 2.1494978039686594 
2.214344561586692 2.3858361611453036 1.9164637632443142 2.112279741470944 1.7738635782462413 1.9838055208685552 2.372268551616482 2.533091082331735 2.096942917532225 2.2772926798697966 1.967467468038178 2.1586617586339365 
2.2287544121697414 2.3977486512906414 1.9315590044743882 2.1243287299206046 1.7885025204807763 1.995142508886543 2.390464535881277 2.5487591220643213 2.116103649471379 2.2934138353786238 1.9863825747589736 2.174297150415759 
2.236349651598783 2.409022869672681 1.9388322083682228 2.1356970184476074 1.795147041388532 2.006161589355653 2.4013056493928464 2.562889042507693 2.126988337957216 2.307858490507163 1.9968880684219632 2.1885368126229907 
2.240856215897354 2.4181830563722446 1.9440027159255229 2.1460007626573225 1.8003065457654177 2.0167489612060816 2.406846190537694 2.572757528160361 2.133217889505385 2.318790908621519 2.0031414486515446 2.1997155218586357 
2.246106273648769 2.4278509441323535 1.9505027525549306 2.157296410353561 1.8074159075664793 2.0288467357896605 2.4142504372256743 2.5841965846359987 2.141978704106173 2.331853250795247 2.012551625187379 2.213556156605104 
2.246147924641153 2.4344764587421586 1.9533460371807552 2.167269219494837 1.8115377618393056 2.040383344219846 2.416630209082424 2.592604230546915 2.1472032528500327 2.343496733057198 2.0190567428008954 2.226675831693909 
2.253676307235538 2.44488992754169 1.9611123444093685 2.178162410701922 1.819343474167209 2.051448399788503 2.425069107422469 2.603726182949123 2.1558907452314946 2.355057274330034 2.0277854805118833 2.238379729843623 
2.260902463273418 2.457680555409065 1.9680704805559708 2.1913044472267678 1.8261719536877707 2.0648045351644813 2.434059600119892 2.617854064102086 2.1647788813030786 2.3695529892652347 2.0366320710761205 2.253083211276452 
2.2704026862901854 2.4709533283964897 1.978409687075377 2.2056715265681994 1.8370854911826207 2.079847373033341 2.4444702075774396 2.631789617149078 2.175962115417842 2.3844691486646856 2.04831377960841 2.2685835521165383 
2.288986984104794 2.4943450098575295 1.9951551141204937 2.2277655945366335 1.853279375971459 2.101651745699358 2.479440441946763 2.670191101768029 2.211064770910423 2.4230359130564203 2.0839404831139396 2.3076185889269394 
2.295396976959761 2.496646608720587 2.001993225821708 2.2298820334798006 1.8612440330692828 2.1044301740936926 2.4896921059271584 2.6763713847887423 2.2220927921029783 2.4294224383001013 2.096174814063944 2.3148101127556897 
2.2881388633277395 2.4759118772425563 1.9945524753865864 2.2074419002707093 1.8541905447582132 2.0814857055167977 2.4638571682528108 2.639157500330505 2.1939125471975314 2.389102850601196 2.067132135097019 2.273234574334721 
2.287091000973553 2.4609568536921183 1.9924713374937693 2.1898551138680866 1.8529504296484052 2.063722046142409 2.4633423712984377 2.6255626115623696 2.1925356148154607 2.3733385370052478 2.066566158204041 2.2574806921066255 
2.2858376448112607 2.4485369909062618 1.9904995206320173 2.175400652531917 1.8514288711252966 2.0489188666797644 2.462660738119705 2.6143790024547493 2.1912855848282966 2.360510997999435 2.0657766184842665 2.2444849509133027 
2.281644284319219 2.4323556450006567 1.9871289037620483 2.1585028662863897 1.8497505778257133 2.0327396645332034 2.4584341964768064 2.5989136272693942 2.187848106795022 2.3445964859665214 2.0638738475029332 2.2293560958282463 
2.280935328223876 2.4158908380015354 1.9856467345275088 2.1393119276860397 1.8490124545658853 2.0131342793613545 2.4576754295756307 2.5834146176600767 2.1863886891263777 2.326834345100605 2.0630922429062064 2.2113824120535464 
2.2817331792434126 2.408543458204616 1.986938443047557 2.13136098895993 1.851195865288233 2.0054180163896627 2.4577108413440847 2.5758722539093917 2.186769456266538 2.3187789768885367 2.0642098754875313 2.2035738469269077 
2.2871397687702952 2.41671976072747 1.9922883064181849 2.1397987699525953 1.857196561996236 2.0146228306783978 2.4622307226843385 2.5830420460632535 2.191069260824641 2.326007434581979 2.068997554307554 2.2113970606226823 
2.286598815376812 2.4187267298482977 1.9918256551421964 2.142212475848892 1.8568701458321313 2.0173427050659094 2.4611637834980913 2.5843823286043883 2.1900142618719722 2.327631267706 2.0680328249819055 2.2132475271425562 
2.2841496103755747 2.416310089574368 1.989040147050554 2.139508287663053 1.8539104537649302 2.014497202028062 2.458346141180873 2.5816042989309747 2.1868715128829335 2.324569211759222 2.0647300738495793 2.210050968701602 
2.281120224184269 2.414210208408226 1.9863639771155963 2.1378829020277257 1.851112071697035 2.0128381343720836 2.454664341872935 2.57881338690152 2.183462709473759 2.3221565099843056 2.0611849640589 2.2075744402539383 
2.2806826444061787 2.416130651371229 1.9851369203396425 2.1393790202990117 1.8494120634665385 2.0140752171891596 2.452868767988936 2.5792904437026007 2.1807843682894372 2.3220668510995885 2.0580031217118115 2.207158999477736 
2.2786086906434813 2.4177489193619754 1.9827580867760948 2.1412103826284796 1.8464678107879378 2.0156625829428894 2.4493835887986184 2.5793278653703564 2.176867481193102 2.3221120349104605 2.0535008586012324 2.2068797086103267 
2.27886769257318 2.4230708586118177 1.9828210739887275 2.1470011264677553 1.8466786354571307 2.0219437203477773 2.4474872277447766 2.582291260794144 2.174519528809482 2.3252031323679683 2.051140597904934 2.2102516096530302 
2.278035120871713 2.428993441927129 1.9813947259254023 2.153251074288598 1.8442472144278814 2.027760566961741 2.444229663825599 2.5855026162286125 2.1704238520448027 2.328369563992151 2.0459869074666632 2.212832473217302 
2.2717051378850845 2.4288735737978397 1.9749332025902775 2.1538671636601663 1.8373908663900258 2.0284939733441383 2.4366316032411404 2.583787176590497 2.16261196036494 2.3271598774285986 2.0377768602851223 2.2116322335129524 
2.2684499284594954 2.433710348896904 1.970737701351423 2.158909000381417 1.8323963046044078 2.0334102393584748 2.4320904162197365 2.586918007411114 2.1570827064041587 2.330254661333797 2.031471125039165 2.214487732245968 
2.266116155885715 2.4380970451904185 1.9670998245046563 2.1629878615855085 1.8274594734675373 2.036821763671591 2.4278062243445726 2.589068912324709 2.151381498146307 2.3318398573586157 2.0244922223032247 2.215311158272411 
2.262679171276443 2.443630374080387 1.9641999006537625 2.1701828546756725 1.824283845054889 2.044412854667142 2.42251048179946 2.5923289543243255 2.1463739776721695 2.336350492761788 2.0191214796609565 2.220014396941662 
2.2571030917766164 2.4462976961333958 1.9590281012041557 2.1743157895088654 1.8184717088004312 2.048584244522924 2.4164042521787534 2.5940060834831438 2.140627535174571 2.339261485073347 2.0127927113211532 2.222879337694145 
2.2529937834355955 2.450425298187937 1.9546658728794135 2.1792938829812374 1.813377853895718 2.0535195141024203 2.411160055649446 2.5965931463668777 2.1350481260054632 2.342441814466144 2.0065021970482464 2.225905258666559 
2.2486111295353517 2.451799167197479 1.9492231958065374 2.1804903603250008 1.807089649760147 2.0544196617707517 2.406523894639372 2.5973879956352786 2.1294544631595786 2.3429988167027 2.0001695542803994 2.226150352125896 
2.2420701008391974 2.4530868902419845 1.9426758703080373 2.182829927199343 1.8003057343343354 2.057147950701915 2.400436208270716 2.5986248178559928 2.1234889192028037 2.345199808966624 1.9940703071800379 2.228693191979796 
2.243229459632706 2.458500823258768 1.944389641754975 2.189246210083288 1.8017620901117994 2.06361200780671 2.3990108290051633 2.601422850496251 2.1222218611832364 2.3486109761908294 1.9923657240787997 2.2319652927149294 
2.2448484561458955 2.465688218218315 1.946739458957107 2.1977416407441095 1.8044198322620515 2.07272881232944 2.3964520109863687 2.604468475401576 2.1197717261442586 2.352383040527331 1.98986647314854 2.2360327321755844 
2.2416443862874327 2.4667510281692313 1.9437402532679 2.199549329424998 1.8007411556839479 2.0742612637211253 2.392590166730182 2.604684008921996 2.1160444994219665 2.35319684768061 1.9854941100728456 2.236532571087209 
2.237557438332301 2.4684043127567676 1.9400922527127955 2.2023429593131514 1.7975560876468388 2.0778749841210877 2.3889837136272423 2.6064534803783106 2.11294530056417 2.356033617030158 1.9828736173483699 2.240121502011936 
2.2340647150382393 2.4649987506242046 1.9360609062162506 2.19852348683813 1.7928035570521634 2.0734797524400594 2.3858947693473174 2.603395386797574 2.1094502914263917 2.352648342102765 1.978785812966853 2.236239473580343 
2.2279411762026036 2.4562748597457573 1.9302250802999736 2.1898249159736585 1.787033250003771 2.06471599466344 2.3805498390369904 2.595492600285934 2.1045342744034934 2.344915523881199 1.9740272257846494 2.2285304104137866 
2.2195501215049775 2.4443993185387614 1.921238241102014 2.1771177427215003 1.777683080943496 2.0515463491894987 2.3733853180536784 2.584887454910322 2.0970721268360704 2.3337516559721516 1.9663957542551702 2.217069585951862 
2.2128400851148844 2.4337800276712045 1.9150776274321752 2.1665978629850184 1.7715429760215387 2.040830344906516 2.3674776008003224 2.575184298470936 2.09184398727325 2.3243139305806455 1.961288725275106 2.2075501001542976 
2.2065762690024653 2.424945121837779 1.9085861549651983 2.1573319456970084 1.7649321207697592 2.031345712557279 2.362811361654764 2.5679286484956783 2.0872469453241127 2.316890119052874 1.9567534568168876 2.2000600227641156 
2.2023469889600866 2.4182852032342175 1.9039194115774858 2.1500419042850214 1.760127265791187 2.0238129993113394 2.360504428274084 2.5631527891059402 2.084840047078327 2.3117805013239385 1.9544044842103592 2.194873106195791 
2.194944100672682 2.410122900575365 1.8957314548948672 2.141193718437874 1.7512738829428736 2.01441629358924 2.355627185048137 2.5573212988863583 2.0796628522281706 2.3056258086987595 1.9488868727911863 2.188395036033899 
2.220601948241728 2.4289854733890364 1.9212205777929194 2.158700054647463 1.7767318324764039 2.0311753794133485 2.458384624051932 2.6481224248842725 2.1917277330396128 2.402616880231836 2.0662424716801655 2.288723523970285 
2.2128890400928376 2.4166425169567383 1.912087764660137 2.1446124989757474 1.766622012701925 2.015995160401681 2.4522249494618147 2.6375538579833777 2.184630156059144 2.3907931884132094 2.0585146671236036 2.276129562604686 
2.205471968140536 2.404828807722847 1.9034378834765504 2.131236910447473 1.7567845827686699 2.001346312474103 2.4459193157571018 2.6270927451069728 2.1774963773089704 2.379198492222473 2.0505381652614245 2.263581621986203 
2.168951793758912 2.3698161681552437 1.8643335843271183 2.094616074809415 1.7163011226617548 1.9640179049209303 2.340206703274307 2.527497616467719 2.0610568269822163 2.2714823422712316 1.9281869914637428 2.151646314162716 
2.1638681621846003 2.361303347923803 1.8582490354406647 2.08483034209409 1.709922411139219 1.9537816484234263 2.3370311287178356 2.520940811323455 2.0572988482464476 2.264046516438247 1.9243761912360482 2.1439803644147863 
2.1571511638682375 2.347431156600357 1.8504362302381812 2.0691172352909564 1.7018604586093686 1.9373850705985352 2.333512419070893 2.5104605356703162 2.0533127643781137 2.252382116684043 1.9204968333111332 2.1320037471726194 
2.1468919189231697 2.3281277949325743 1.8391305105232771 2.0477878681000163 1.6907042431890948 1.9155978064138646 2.3264769132182703 2.49470017151112 2.045910787629219 2.235348981465223 1.913591062410569 2.114914861675904 
2.1396299961797696 2.311417284341415 1.8307498595253913 2.0288613530629047 1.6821179196929803 1.895825423806802 2.3220312870054616 2.481222005309529 2.0409453264191666 2.2203808608507325 1.9087518102236967 2.099515852484148 
2.1385418344271314 2.3052010275017145 1.82926551905265 2.021584264579382 1.6815438087647196 1.8889627260470123 2.3230252157553 2.477304331856496 2.0418857251655784 2.2158266886728666 1.9106738487337287 2.095534575194349 
2.136643332627233 2.2992446147812133 1.8269591066196338 2.014711057447298 1.6797917560401379 1.8822809066131467 2.3218688678864727 2.4723179624393805 2.040492559667986 2.210178941579258 1.9098509503258128 2.0901702610554027 
2.1322703745758367 2.2928337551714866 1.8215899648092542 2.007162095709706 1.6749595605547556 1.8750997861590672 2.3175845193506492 2.4661118553086316 2.035389656536011 2.203025359021947 1.9052849087561103 2.0834155279477446 
2.1293325364122553 2.287141731293417 1.81790391677444 2.0004336777368676 1.671972562760481 1.8688104502661178 2.3140857459791433 2.4600717648361092 2.0311844918036988 2.196057988338161 1.9016908370562893 2.076869829369152 
2.1135161002137957 2.27583479665439 1.799237233791845 1.9873923465845715 1.6524048599126455 1.855509508696447 2.2984104772348495 2.4485024888006404 2.013205165765012 2.1829953630878216 1.8831309665190388 2.0636511218863838 
2.1003427758057422 2.267562024412865 1.7836169933815305 1.9777986089992503 1.6361267989613062 1.8458896665183893 2.2800769522495004 2.434984325793365 1.9921347121566277 2.1677173409047983 1.8612420677008592 2.0480770965125727 
2.0934494013372973 2.2659440254029866 1.7745648097377256 1.9751081474844587 1.6265747483468105 1.8432898150479458 2.2657460235779934 2.426020810640232 1.9748809866317236 2.156878958509144 1.8430464072723427 2.0368583626898284 
2.0860369906638327 2.2617281609552067 1.765512499762553 1.969999577273513 1.6172621207515556 1.8383146397877106 2.248273283481752 2.4121767565536776 1.9545374945541 2.1410466518172413 1.8217352162204634 2.0205403103273687 
2.0818463195518153 2.260818387671031 1.7603764376494704 1.968791732518054 1.6119051790447971 1.8372408633686113 2.232608968707113 2.4003663243245685 1.936332593112929 2.127580690585304 1.8024142185278722 2.0064677168973937 
2.0898275947137934 2.2854139116989813 1.7680095163848073 1.995393450472172 1.6200731602082792 1.865576162097715 2.2328766050158797 2.416914418300168 1.9349977280677206 2.1447502371575204 1.80083191942703 2.024532779232591 
2.096044959327194 2.304714463034616 1.775840130282267 2.017898028375304 1.6291448631478231 1.890083931924966 2.240904022987361 2.437202315123006 1.9446990865018012 2.1679849680385104 1.8117282781479511 2.049552057997293 
2.103747272727085 2.3219715990525485 1.7849852790167906 2.0376388211865835 1.6387293812910813 1.9108201130422116 2.2504207467819546 2.455645140659914 1.9557130148226374 2.1887468824984424 1.8232045785228408 2.0712012105168944 
2.111324175855195 2.337986435955226 1.793175091158312 2.055229356230253 1.6472902475127509 1.929263061044455 2.256143224768902 2.469549159225348 1.961624169577501 2.20373777519709 1.8292232325964537 2.0867554801247366 
2.1041906802669024 2.337439753007998 1.7848224771450212 2.054652636077955 1.6378051810035557 1.9283184360841676 2.2544623631637966 2.4735817607150343 1.959738095491867 2.2082978927087917 1.8268519203597455 2.091266152105487 
2.098748457550578 2.3353208837611437 1.77769947765952 2.051632027175178 1.6297198831918722 1.9248286780207038 2.2535772202058952 2.4753967014381613 1.9580808543650414 2.2097645065234737 1.8247882334755807 2.09256556386913 
2.0919946763967565 2.3285092975447554 1.7719436229384868 2.0458000942302186 1.624964725670182 1.9199021283264337 2.2503612803886335 2.4717685399228566 1.9563916706713844 2.2074832257012442 1.8243339951534012 2.0913412797896878 
2.09299824678891 2.3264987886653734 1.7718924346193958 2.042439167383315 1.6240091190204107 1.915557509254538 2.252051877040458 2.470565240887488 1.9572171048919051 2.205142568697419 1.8244181577920808 2.088170626908024 
2.0919100225428098 2.3222524284442163 1.7713876400198403 2.038279414166532 1.6243098472936313 1.9118449934592134 2.251874924807117 2.4673284086183296 1.9577199252638413 2.202143525017173 1.8257150967703204 2.0856664195347876 
2.0876714136615084 2.312666411616565 1.7673768744157088 2.028219666658284 1.6205720536339754 1.9016592178987906 2.2525053185063606 2.46248537252497 1.959344098084724 2.197517530009588 1.8280213509418977 2.0812775066048834 
2.0835676270076786 2.300415119889106 1.7629854057009122 2.0146397216908065 1.61583048155257 1.8872105904255652 2.254430837287853 2.4562398229029694 1.961968879598861 2.190885106986309 1.8308775188183424 2.0743114897272323 
2.0810394347995067 2.287914169065494 1.7610684305814608 2.0012966129513763 1.6144568452549761 1.8735786668860877 2.256111410349819 2.4482370824188266 1.9648601944949287 2.182773854463776 1.8346074435449808 2.066303604926113 
2.078059107092493 2.271777846368357 1.757122653365453 1.9824542742898386 1.6101420761442296 1.8534299112861135 2.2606307776260257 2.4398968099962857 1.969670500147182 2.173073125743828 1.8397498105856813 2.0560457913748054 
2.0750634130825207 2.257373280393316 1.7539263954663777 1.9662410227217009 1.6070328413301578 1.8364096797375253 2.264193377817734 2.432368724283734 1.9740671935255092 2.164898899088288 1.8447867185541207 2.0477021257188945 
2.0707392704704133 2.243135676406655 1.749191769437628 1.9502226495373138 1.6018285071343747 1.8192171675664068 2.2640324563416354 2.422713251680508 1.9742222983667113 2.1543561033098357 1.8449217878729547 2.036524721153254 
2.0682185614701583 2.232382481925911 1.7468087397336007 1.9383870358650488 1.5989745490187421 1.80630095388606 2.26698266756711 2.4176877264546985 1.9781362870767245 2.1491921035239474 1.8488921021654265 2.03086324823945 
2.0689672432257717 2.225728202800434 1.7479691263695851 1.9309678003377606 1.6000881100555837 1.7981998051221253 2.2699498861167067 2.413692827325227 1.9817777621825436 2.144920436258942 1.8526545797534009 2.02622051393259 
2.08246700054325 2.2360929686288986 1.76400194238884 1.9429734451998053 1.6176687476586795 1.811158505805497 2.2953446439590723 2.435580011116777 2.0108806724794985 2.1695815345249416 1.8838233471723405 2.052372617082873 
2.0969914418677176 2.24658925981285 1.7812644116094751 1.9551708618702486 1.6361841647157114 1.8239761006949762 2.3129367115825823 2.4493808251936753 2.0310603212574585 2.1851764742524686 1.9050988807372835 2.0686207821702003 
2.1062428554572263 2.2525750092115935 1.7918433725536977 1.9617690683983706 1.6464865311822656 1.8299598638562022 2.322163483599854 2.455662527817007 2.0412954098230394 2.191967644862627 1.9149679307405152 2.0748343022334605 
2.117020023713401 2.258862976588772 1.8055236202286278 1.9699247979056178 1.6611736891738593 1.8385282678826262 2.3327794635163204 2.4622242366615374 2.054264293561929 2.200156802140132 1.928622376258113 2.0833320514031097 
2.134962294706204 2.2646905018649193 1.826780665492489 1.9768375424493485 1.6840995219455352 1.845792585649097 2.3472514923708494 2.465836295834981 2.0709063639955287 2.2044074573130032 1.9462057364105112 2.0876962992392305 
2.142995151139526 2.2669347308926917 1.8364042819073145 1.9796326787885474 1.6943712330559442 1.848636992956573 2.356018759986329 2.4692892203481387 2.0810518653333747 2.2084704486425712 1.9568571881993637 2.0918544192480315 
2.148339174624233 2.2694084534136048 1.842099905440834 1.9819650806270857 1.699959891887197 1.850599133584886 2.3626713489025786 2.473270996499399 2.0881060210930693 2.212473790697899 1.9638529292503373 2.095607751208496 
2.1520537593905176 2.2712249436959917 1.8474526165796132 1.984995851901676 1.7056020865685113 1.8537005797233974 2.367202288062188 2.4760399904215724 2.0941328658437266 2.216420497416242 1.9701243024253214 2.099646905688397 
2.153429573859563 2.2682053194658063 1.84893000797028 1.981423381322876 1.7070667647086857 1.8497495454393225 2.371103969085493 2.4758090544088773 2.098432099690857 2.2160581487616655 1.9745764208591623 2.0991542305159427 
2.1571347603751647 2.2768747165487215 1.8525345284822143 1.9906813606548939 1.710201597478736 1.858956052320447 2.374297148387038 2.483589146634125 2.101413989112764 2.224155762099143 1.977080190189265 2.1070771649084947 
2.162523593178419 2.28543027679982 1.8579642558061498 1.9996785829010872 1.7155875205460371 1.8681337745764621 2.3782846142405454 2.490566394496099 2.1051747174838717 2.231242669499062 1.9806488724489506 2.1141554377560086 
2.1616414966435693 2.283902370757439 1.8577073881565551 1.9986477476412523 1.7153068296988296 1.867028012417449 2.374442535942163 2.4862609347434654 2.101513772615219 2.227077954547494 1.9767551483406967 2.109757567975868 
2.16644673414603 2.2887283808901397 1.8613333532422396 2.0023356365734495 1.7191952337916714 1.8709405125476333 2.375716123591369 2.487732551841536 2.1012133399281474 2.2270796235186565 1.9764027676291085 2.1097284302705885 
2.1648276963878716 2.2863894028069716 1.8619594618165078 2.001996649264933 1.7196692704843044 1.8703903191761928 2.3672004523757635 2.4788577062727946 2.093812805416955 2.2192678095146654 1.968355005208161 2.1013136302675095 
2.162740964218207 2.2831757549754026 1.8589588982835257 1.9977915895577043 1.7170496244161086 1.8664679109235978 2.356975740538604 2.4679500990270244 2.081733496076647 2.2065940719777846 1.9560535718347543 2.0884416739970257 
2.1614540523887107 2.281308173918548 1.8555001537557414 1.9938315336024706 1.7128566841938586 1.8618166892547665 2.3465167662915984 2.457361247006142 2.06812430344203 2.193084927285667 1.9411685487065722 2.0737933113711167 
2.1583707315122327 2.280824317839638 1.8546126552594882 1.995791435809025 1.7131443335132768 1.8650626964390902 2.3447393064664244 2.4579255012080106 2.068532402861664 2.196001287770262 1.9427047403269109 2.0779068945187724 
2.1649749870603796 2.2856966360208633 1.8634270669379818 2.0024117586343446 1.7210029904091073 1.8705998263437025 2.3524612809984973 2.4640143051364554 2.078296855070779 2.2037718201113945 1.9516169391038525 2.0847304608311092 
2.1732008140729677 2.2934001648180393 1.8726115797696568 2.0108596834158794 1.7272655844100553 1.8762539638298996 2.3610128310128706 2.4720971109378795 2.0876431540393603 2.2124955313643935 1.9583222944672334 2.0909109848837204 
2.1795168892801358 2.3000281118667574 1.881377446515547 2.0197565548791667 1.7362957817887368 1.8853536767878225 2.365815611804386 2.4772805561295153 2.0943664279818277 2.21950584125777 1.9650731997198883 2.097939018412442 
2.190232147829789 2.310247851570712 1.893399574782642 2.0310318126723397 1.7493049814675226 1.8974182966565623 2.3717964439359234 2.483051881408661 2.100776870556959 2.2256216511723395 1.9718948826616216 2.1043996061981884 
2.2075001969509787 2.3282485789834833 1.9108298379339304 2.049135182348546 1.7670269209999632 1.9157422753435833 2.3828515018604515 2.4951283746369866 2.110970115827936 2.2369352149578696 1.9817437523349506 2.1154178371940167 
2.2127846468027204 2.338280213072385 1.9182357887198955 2.0617388299311434 1.775645997693752 1.929781638125371 2.382378531662389 2.4993731073702943 2.1116202585043173 2.2427836671970485 1.9829851951353141 2.1221142160227475 
2.2184865779666576 2.3543965715907356 1.9230702580556465 2.078388735804303 1.7805740136872183 1.9472915390146925 2.3778142640707265 2.5050950469230124 2.1048793778309984 2.247669396267656 1.975540886951776 2.127031338677973 
2.21493128690128 2.365110692609156 1.918725247890943 2.0902953282955403 1.7760171362050987 1.9601185807736634 2.36804711576737 2.509078541037359 2.0936172318965474 2.2519016622166608 1.963660715320791 2.1316170827552874 
2.215944737721473 2.3802248152507546 1.9174306295236576 2.105136411146672 1.7739550381662694 1.9753418863415746 2.3649065293231972 2.5194924058102437 2.087800764162014 2.2614091008341437 1.9568567370238146 2.1411089135621966 
2.2157592755517554 2.3917707126214336 1.9193692801526339 2.1201312242768466 1.7783742069636639 1.993387266577581 2.361447398777631 2.5273329404242806 2.0858626713169874 2.271959739553859 1.9569004752397705 2.1541674597286162 
2.2126360188294956 2.39902471209899 1.9152706640633435 2.1278682135089193 1.7746242873976565 2.002211971510919 2.3582002510010973 2.5339040710456344 2.081732929225466 2.278853528874034 1.9531107581040148 2.161990529780748 
2.206707350423286 2.4016096017987936 1.9076184354351788 2.1300655962322286 1.7671192319739377 2.005213636760971 2.354189527292176 2.537790314319164 2.0764534897782227 2.2825052999395554 1.9481687247289852 2.1664562605905897 
2.1979273955028997 2.400361556328996 1.8976155684179448 2.128801449337669 1.7573069552875957 2.0047390105203617 2.3460069662944654 2.53665122772173 2.0673192050339395 2.2813722757809956 1.939327611596906 2.166066100169189 
2.1932863568103667 2.400045283429146 1.8910738566672878 2.1274098455423416 1.7502160837366596 2.003239541170873 2.3393099504277943 2.5341829775512443 2.058646723595501 2.27766078512813 1.9300576004281556 2.1621365961729824 
2.1877163581374073 2.3973503230988165 1.884878328715676 2.124606321665734 1.7442226476175569 2.0008743969729834 2.3297028944614375 2.5275880369360033 2.047969488752701 2.2705428282377764 1.9193033520686613 2.155205573782232 
2.1875391669275888 2.3986076451021017 1.884243261270224 2.12564430136894 1.7439005844491966 2.002293753858871 2.330074298094859 2.5292760353394113 2.047996898298982 2.272065651283486 1.9196634799470063 2.157104286895339 
2.1902943424557897 2.40005710846093 1.8873208942291293 2.1271730007392065 1.7470954550321056 2.003803220447018 2.3344947456770684 2.532340919954073 2.0529141649844593 2.2753771964388325 1.9247906223778837 2.160486925966885 
2.1930771397047595 2.401212285183384 1.8903492948911877 2.12829827667919 1.7505632158524325 2.005169486730638 2.3399124779990403 2.5360251383840047 2.0588889044083 2.279310557715997 1.9313401141941855 2.164788150031224 
2.19979428938466 2.4043857057155704 1.8979528270242547 2.1317130763424426 1.758571281355794 2.008618594419896 2.346800629071281 2.5395765195893114 2.0665437838597467 2.283107294204405 1.9393172068048488 2.16862328098943 
2.209782006425077 2.4090077008926394 1.9086709046663963 2.136166241040252 1.7696266975608272 2.012898466331583 2.3555994605025785 2.543428867761007 2.0757497259351956 2.286682862086485 1.948663888699136 2.1719743410455012 
2.215613885149658 2.4113437721793134 1.9160934440856374 2.139403651961911 1.7775417870947394 2.016256110822224 2.362650010278281 2.5471059990954363 2.084366635087973 2.291335455368323 1.9577601967217437 2.1768001487109374 
2.224408347441272 2.4160560857038087 1.9240083796507774 2.142695208858789 1.7848639370457373 2.0186811999090915 2.3713245779872496 2.5519629243518427 2.092127147896707 2.2948486913228963 1.9649241796482655 2.179509473451861 
2.227091699312572 2.41613684512011 1.9261990833626104 2.1419670226095824 1.7870553154133089 2.0177577945697447 2.374599974805643 2.552744573502598 2.095001315500055 2.2949532302744124 1.9678298461876629 2.17948024096273 
2.2289058204146737 2.4163408201531524 1.930490584353731 2.144172497524024 1.792424234459691 2.0207588770406057 2.376239417289093 2.5528798583439856 2.0988774400327452 2.2969476073995265 1.972632061048996 2.1821913415506007 
2.2253828059986533 2.415926829130891 1.9265623427323706 2.143832146161271 1.7879395424998126 2.0201736603852747 2.3716849222513603 2.551325769264764 2.093848895606949 2.2953381032245423 1.9670507224864435 2.180289511811319 
2.223496428162825 2.415560447170147 1.9239554355683084 2.1430353300710747 1.7842643161966893 2.018562621751636 2.3696470447838514 2.550729900387895 2.0911468788329626 2.2943171482453857 1.9633873537467945 2.178505407092863 
2.2228863812326893 2.413511416908932 1.9241046896335345 2.1414930194492254 1.7845376346465098 2.0170245573987837 2.369290691888558 2.5489903645070457 2.0915289564024113 2.2930998388970685 1.9638964046684744 2.1773154534770014 
2.223545239234023 2.4135770306290807 1.9251946522157932 2.1418625307848984 1.7852608176174956 2.0170168166825704 2.368944998627087 2.5481564038300886 2.091440036080473 2.2924489255772507 1.9633907309856309 2.176259133095204 
2.2323504850353606 2.4185733376347325 1.9321681730215954 2.144617017165911 1.7905423451115614 2.017956934901637 2.376273591116479 2.5520157682345164 2.0967978778693976 2.294050924046284 1.9670611026192373 2.1761060826434013 
2.227998519855094 2.412026571909292 1.931433588419879 2.141104968374155 1.7915669143173218 2.0158389785884414 2.373925770633212 2.5474336779583666 2.098090052041735 2.292569878018223 1.9700909036073664 2.1760406585347822 
2.224402346609239 2.408777584626835 1.926544685908087 2.136777498805313 1.7858988140431389 2.010889909120012 2.371608544258662 2.5453429513133767 2.0947877492482836 2.2896242851176893 1.9662135849395126 2.172611220214213 
2.221802925254434 2.406063465054311 1.9244062375364406 2.1344958482670235 1.783318753187203 2.008222829934258 2.3702546800437205 2.54378466216564 2.0940483224293467 2.2886178221514313 1.9651780542915598 2.1713263099472546 
2.2224078499127042 2.4062424790476977 1.925099095255517 2.134692657778541 1.7836598559572983 2.0080708897779505 2.371409381223244 2.5445016545433035 2.095350168481061 2.2894100867196356 1.9661964000967986 2.1718274564001647 
2.2244966085833466 2.4080788920670373 1.9251917311267495 2.1346714010401717 1.7828608362962068 2.0072497478935722 2.373950944311784 2.5467826516644116 2.0960966404244847 2.289995614585061 1.9661766670365128 2.1717065811980243 
2.2232148338025635 2.4058242050739618 1.9258752039630604 2.1340808817192847 1.784329701944055 2.007271380187482 2.3726847762060093 2.544590135114054 2.0966506984330415 2.2893776577314107 1.967430134779825 2.1716554155113466 
2.224428555373422 2.4076988973666724 1.9272310976010867 2.1361533854058066 1.7857444075680848 2.009431429927553 2.3732450640337777 2.5458247615224203 2.097243295271364 2.290711902876634 1.9680174859895656 2.1730219528529133 
2.226330040246055 2.410194955953149 1.9293332589529473 2.138883143535897 1.7879133871924557 2.0122446565221637 2.373912339304465 2.5471462604848587 2.0979135279372216 2.2921028441808624 1.9686413148925834 2.1744063337614707 
2.228707286952293 2.412579121876472 1.9317897402445874 2.1413111518212973 1.7906541570371008 2.0149054961745105 2.374487190724399 2.5478601349591874 2.098300466690662 2.29265494501773 1.9691357388748623 2.1750626212857065 
2.2297660583498016 2.413767101940204 1.9327297608741916 2.142395686144091 1.791763908043917 2.016143062783197 2.3736316378850386 2.547261686558491 2.0970729138417696 2.29175255064957 1.9679147287341519 2.174190269274704 
2.232693447790618 2.4167326081234473 1.9351358174058892 2.144860624648408 1.7941105740191041 2.018541359290703 2.3740173601739225 2.547868696335657 2.096613704621612 2.291607622121894 1.9671988070368385 2.17383247141245 
2.2338502231219555 2.4181103476024433 1.9369387530177637 2.1468354773438065 1.7965600926609746 2.0210885681686515 2.3727365035212 2.54696865881424 2.095596198875635 2.2910028944944636 1.9665756691116694 2.173612361066713 
2.235426251675114 2.4201883960919757 1.9377781906808247 2.148293662928383 1.7976091972056245 2.0227654762177076 2.371174546143377 2.5461048827921933 2.0929220047288553 2.2892146827631192 1.9638576902306975 2.1718467656301743 
2.2356139851871926 2.420797840375061 1.938218209068463 2.149181732465768 1.7979245371162162 2.0235673782616086 2.368278067618868 2.5438225761173987 2.089847109423213 2.286865372942745 1.960434583444334 2.169238587422914 
2.236477726603878 2.4220187200133796 1.938608649417218 2.1500105939495393 1.798092069276557 2.0242226033950046 2.3660222653211127 2.5421257676392113 2.0867276377129933 2.2844636772107476 1.9568760379735988 2.166496223512806 
2.236832386418403 2.422785280649164 1.9397704128402025 2.151552612819461 1.7993570696585628 2.0258714804572993 2.3633795808820572 2.54008512348115 2.084431138927417 2.282832136651806 1.9544384826671444 2.164786172750152 
2.2375646444351704 2.423325700591295 1.9407010742580348 2.15223896738868 1.8004533488058752 2.0266830473328312 2.3617351204202155 2.538425632581402 2.082646849714634 2.28105892377779 1.9526211875902324 2.162993623510317 
2.2390052390668584 2.4247670526978133 1.942833132456012 2.1542867450385614 1.802066208708448 2.0282488555029037 2.3627552859678125 2.539480919528406 2.0842429468199812 2.282634324776713 1.9536915573776839 2.1640844485945645 
2.240364918639872 2.4263475219416195 1.944358305629968 2.156027956505258 1.8040624913434236 2.0304109931814884 2.363070253266339 2.540084319551664 2.0845611705757734 2.2832701553763277 1.9543560386665066 2.165048464684391 
2.2408873729894796 2.427535161389777 1.9453848106798024 2.1577471591879553 1.8044373042097335 2.031586750838785 2.362439395714457 2.540171380002477 2.084242246386847 2.283728636021296 1.9533401303469116 2.164922263311939 
2.2411679661140105 2.427988966736795 1.9456153279452777 2.1581741298133497 1.8045858905398793 2.0319514774215475 2.3622099404023364 2.5401441637819713 2.0838956198753356 2.2836193914038323 1.9528779241252152 2.16472371373245 
2.241594243690345 2.4286734066205136 1.9469557087272658 2.1597097708779502 1.8057617312773273 2.033343353402393 2.3609019879159936 2.539206167136826 2.083206656802366 2.2833001856141673 1.9518936634319224 2.1641623404970547 
2.244190580433364 2.4319519274249317 1.9492769139621595 2.162794327555406 1.8075443931770638 2.03598024285744 2.3623147998744454 2.54136381293703 2.084183374779158 2.285130008490948 1.952269598622547 2.1654919537384205 
2.2451540135788814 2.4328887719518457 1.9504725644544092 2.163925704983736 1.8085335453591564 2.036915515353879 2.3620366183210115 2.5411509633017397 2.083949055588778 2.284967154750667 1.9517412805721357 2.165069342605303 
2.2462265506192733 2.434446821400492 1.9524875028299054 2.1663806355825286 1.8107629057132133 2.0395734628169095 2.361347710631994 2.5410550210546323 2.0838994079626203 2.28552714970244 1.951740657594384 2.16570755274736 
2.244256513791318 2.43298246178939 1.95023744905454 2.1647499780285853 1.808354510513566 2.037857304959 2.360390601128288 2.5405039164651484 2.0828304294624562 2.28492865481064 1.950615935004828 2.1650909647344516 
2.244366521778731 2.433591685045205 1.9505489299377137 2.1656011944772193 1.8084974902059334 2.038590340779913 2.359875843785253 2.5405120356969695 2.0824202366672195 2.2850955007441507 1.9499989964308084 2.165105884598063 
2.244143981080055 2.4345372890834596 1.9506075836563948 2.1669470573915364 1.808508225864024 2.039973432949027 2.359439535529114 2.541209264491581 2.082220607768985 2.286139161017509 1.9497370892040395 2.1661635028634936 
2.2424100835794953 2.4336708324543403 1.948704919822137 2.16605669416546 1.8065555806946545 2.039115936855725 2.3579856265759975 2.5405603619947708 2.0806595340754335 2.285496627549251 1.9481622874747886 2.1655685249234207 
2.2422452257282206 2.434285341183527 1.948406216449999 2.1666490842545314 1.8065082109697148 2.039988575041782 2.3588100778360683 2.5420594905117775 2.0814918004404914 2.287070087535797 1.9493058372920857 2.1674581235403374 
2.2434271219221475 2.43593146685121 1.9497565384877904 2.168489663151727 1.8079540556595706 2.041934065339988 2.359865144531757 2.543572361894957 2.0826782776933865 2.28874325082476 1.9505630254815893 2.169214829424668 
2.2445130326224083 2.437484292563101 1.9512947859336476 2.1704935532020917 1.8091412353964629 2.043644522046787 2.361403889556346 2.545529267655715 2.0846920438308962 2.291163861554175 1.95227600139218 2.171375717947458 
2.248748024693005 2.442842502197121 1.9555615731959684 2.1759671133867555 1.8130919818257127 2.0488812426640766 2.3652438179098345 2.550488214076021 2.0884759290354986 2.2961584261850683 1.9557129580183004 2.1761031653257366 
2.2513155834342307 2.4458828851917276 1.9593528665898368 2.1801341444218085 1.8173071769554563 2.0534182738238718 2.365958955141405 2.5517999547914823 2.090072624818049 2.2983308745421773 1.957535516054258 2.1785009819767835 
2.255279494668898 2.4507209788700957 1.963998258419289 2.185643355232962 1.8220265418138124 2.0590115192183847 2.3690951076463773 2.5558480679167923 2.093708477576093 2.302903147393307 1.9611493438986232 2.183083705741491 
2.257874377623423 2.4546888208830784 1.9670210881249748 2.1901306954993256 1.8253315362224911 2.0638158152723705 2.3712863287946395 2.5593943336985725 2.096228544106858 2.3068755084244055 1.963883236123869 2.1873129331141348 
2.2603491296990494 2.4576793827168038 1.9698591858636114 2.193480105273638 1.8283873320856414 2.067367890877492 2.373866474579236 2.5624698630874176 2.0991448409129014 2.310285441938128 1.9669936672829553 2.190907083203496 
2.2658319193059775 2.4641126675835685 1.9754855161569294 2.2000909018824224 1.8341187754738812 2.0740898328051776 2.380706019849114 2.5701397053362314 2.106254944432371 2.318224933639057 1.9742741828190455 2.1990032971657434 
2.2738255796948805 2.472822449249998 1.9856515755979849 2.2107420198464496 1.8449959545957708 2.085324476218212 2.39505525048479 2.5847355283500013 2.123397999828285 2.335248844195145 1.9924901401198352 2.21688634284998 
2.281026739603164 2.4808378360031194 1.9935606227011606 2.2194047260796395 1.8542882316362361 2.0951988515996853 2.4091148540459084 2.5990974898500134 2.1389332270046766 2.3508527668368853 2.0097602442044273 2.2339672381090643 
2.286945316108988 2.4873182401117955 2.0008086094558966 2.2270761640305077 1.861456361151891 2.102772677488663 2.4221047254140022 2.6121302512686535 2.1539980300995727 2.365658610702914 2.025214113735345 2.2490276466048256 
2.2908271418031543 2.491533079772775 2.005231001561169 2.2317704773569367 1.866572062799079 2.108065311986801 2.4309835510800992 2.620978656838321 2.163964741307494 2.375413962997189 2.036144223188036 2.259586553244201 
2.294783762799757 2.495393183850876 2.009918009275356 2.236230092814559 1.8717867960880081 2.1129459136498054 2.4403251006350386 2.6298557414408514 2.174609041365691 2.385346747705543 2.0476181013043937 2.2701749960717588 
2.2993258326523973 2.499102399563219 2.0142463140099425 2.2395985649894135 1.8766433924170676 2.116696468817067 2.4525118796333363 2.6407249077748784 2.187487931062167 2.3966053006998544 2.0614814229923684 2.282174221251007 
2.306525624863726 2.504414929310437 2.021190459643277 2.2443806615975377 1.8838586173471192 2.12154589159721 2.4670783176772075 2.6530188664148247 2.2026406519341735 2.409078562760667 2.0773392254403227 2.295075584278871 
2.3085459018128036 2.503158205423039 2.025370194304412 2.2446695178971647 1.8899759223801478 2.1233053967285747 2.4740926008330186 2.6566051678969327 2.2122103066156913 2.414599606828571 2.088961226039557 2.3022110729680474 
2.3130268374741267 2.503186812300584 2.0301753992390803 2.2444293747132167 1.8959253235493112 2.123766441696346 2.4811675708979353 2.659331416216407 2.2198449305470778 2.4173461858152545 2.0977683848498527 2.3057500434512757 
2.312786909694233 2.500081330927656 2.0294393039588545 2.2405461968129554 1.8961441947417923 2.120562703353287 2.4842281515297664 2.6594760537468654 2.222842798682129 2.4171167698836973 2.1018489542431444 2.306337442364625 
2.310904953489139 2.495747824613024 2.026761178841908 2.2352262471751354 1.8942170013123203 2.115782018087081 2.4871934953398056 2.6598133361686567 2.2256708326391483 2.4170407847739432 2.1056846457294216 2.3070291127900058 
2.3096342426771583 2.4914361211050324 2.024246430093651 2.2294432534484683 1.891903169971151 2.1100097665998825 2.492781961365031 2.6621054670141997 2.2309471490169575 2.4186708730844075 2.111598725256977 2.3090458607630318 
2.307065042491271 2.485574619737909 2.0215628553881895 2.2231168341509293 1.890440828559638 2.1045898902839126 2.4999563682363037 2.6655794722883894 2.2391849211454713 2.422701217873399 2.121555858111035 2.3144181426624812 
2.3078821358180663 2.4823090884150907 2.0216534304445357 2.218698053009503 1.8907837615201162 2.1001432547395806 2.5098472795188473 2.671118085017613 2.2494657157885647 2.4280927626654134 2.132622012103448 2.320261861107095 
2.3106984371128223 2.4792073370889414 2.0238814168017947 2.2143255727818434 1.8936427940019835 2.0959543850655815 2.5201540291727484 2.675503332787242 2.2600763378159683 2.4320951473484005 2.1442322856341005 2.3248384562708093 
2.313261681082311 2.4751190601996824 2.0266086172627804 2.20956494463588 1.8971116176872038 2.0914270838266775 2.52875091087354 2.677613849352397 2.269481009315513 2.434251180269563 2.154630839388446 2.327545662504553 
2.320581640857802 2.4735260174670266 2.032719982655331 2.205715832804917 1.9031621643691559 2.086925497253385 2.5403745537747557 2.680808587099476 2.280428523209243 2.4358953295793087 2.1657400456809883 2.32887564130554 
2.3314094475681784 2.479630456582222 2.0457497203250843 2.213185285332017 1.9174138374931373 2.095130786659907 2.5537209050109917 2.689718879305077 2.2958903211369135 2.4462644083766087 2.1823144302987503 2.339998602924831 
2.3415535725289334 2.484956743451083 2.0577980350420715 2.219610244349897 1.9307911262026791 2.10240130727295 2.565750437892004 2.697260127118445 2.309704511305074 2.454968800889944 2.197306658057316 2.3495304708266733 
2.351037050180996 2.4893637818373917 2.0685086162072808 2.224474032737573 1.942123214248715 2.1074627888348965 2.5765043409790254 2.703318598701189 2.3215786230674507 2.4615613195863637 2.2097153633632907 2.356352862812308 
2.3630674171392148 2.4978340752630066 2.08032080072882 2.2322235738261074 1.9534763192690614 2.1145110970493866 2.5885670178585296 2.7121516652917848 2.3333079998030692 2.469699105467101 2.2209595489213667 2.363841950627199 
2.3732372538069932 2.5027546633374516 2.0926642475221295 2.2384748144344533 1.9667216993914922 2.1212072234596415 2.5975009592562923 2.716346273091367 2.343928288864094 2.47497993231003 2.232207520222383 2.3694464027146425 
2.379261252516589 2.5009902190386133 2.1008415139954772 2.2377674219915726 1.9761142948035189 2.121107181197313 2.6018360838582453 2.713598897270341 2.3499365877544034 2.4731093656502154 2.2391280905001416 2.3680714882931237 
2.3831364859739446 2.5038612670793565 2.1048083345474096 2.2405802505556993 1.9798834358568285 2.1236572589710043 2.603587398982458 2.714525571465526 2.351498662245046 2.473767914041299 2.240371900587097 2.3683851010636428 
2.3891441183501696 2.5091150841376746 2.1126090859993973 2.2473909400563152 1.988138999729951 2.130808665612004 2.6068908389971392 2.7172649362267216 2.356053347962904 2.477627144194059 2.245120689505847 2.372386097929089 
2.3958016016503034 2.513395708254106 2.120390929916028 2.252409902187024 1.9963137020193393 2.136015231375975 2.6119448133508025 2.7202110910350616 2.361873851243999 2.481076532674911 2.251146105962507 2.375910659555649 
2.398739097818946 2.518539685969878 2.1239420930442643 2.2583673095856773 1.9999692122143407 2.14218807302376 2.61618400325842 2.7264467039179863 2.3667698439234117 2.4881102034486435 2.2561795871129697 2.383157405566248 
2.3957570254901164 2.520635203829632 2.120841522600227 2.260955300218306 1.9965973762341895 2.1448429286046213 2.6134533799716517 2.728385726924485 2.363991456855386 2.4904629516789143 2.253195048566646 2.385547742654766 
2.391998567548643 2.521852501268613 2.1167470947552425 2.262454674497317 1.9924092599550824 2.1465734439228394 2.6108069778278824 2.730273972786387 2.3612018531829846 2.4926606432634912 2.250411204085769 2.387976858865002 
2.3885235404750382 2.5220172924473396 2.113575725116896 2.263344619319694 1.9894788031550903 2.1479181614306 2.6072652653083477 2.7300840067081102 2.357963062917528 2.4930937258922716 2.2474014702503444 2.3887946518031664 
2.3833452954507535 2.5214133233461027 2.1073053798031363 2.262283429092659 1.9823730855081845 2.1463907845374384 2.602140270636316 2.729161837976495 2.351921587652794 2.4917314269935353 2.240670042837017 2.387004941483624 
2.374712694469478 2.518010852096251 2.0982825322807437 2.2591830061494553 1.97320470029708 2.143514651051979 2.5937986242332864 2.7256026073282382 2.343356675172281 2.4884611262936156 2.2320545941070726 2.3839433678412933 
2.36500347716575 2.5120646916443232 2.086732817541836 2.252039391264302 1.9606968599470163 2.1357808278487025 2.585387025697717 2.7205612730916555 2.333546330683428 2.4824717612585423 2.221557292136777 2.377508016862633 
2.3582940751091157 2.508371111597078 2.0779593858145446 2.2468399804825356 1.9504857737227308 2.1294998103533045 2.5789997635158404 2.7169126723203236 2.3254255620455284 2.477494446697058 2.2122575774567395 2.371594037312196 
