2.0128654088049602 2.258642897043169 1.6860001514719858 1.9729260232364414 1.535543013908617 1.8460045855749003 1.9767926116524108 2.226555548798089 1.6427654690440627 1.9361092346981768 1.4879429502113175 1.8066031123308626 
2.007773097572791 2.2555473864977964 1.6800917597967797 1.9695302797207865 1.529245013507332 1.842533992288077 1.9717878829065363 2.2235756466954393 1.6369187411649486 1.9328331967805807 1.4816831493868856 1.8032543238758751 
2.005899284302203 2.25431119652192 1.6777558023634103 1.9680324093784864 1.5270457249094052 1.8412375397987328 1.9694914352857924 2.2219773953989925 1.634052969540489 1.9309107020429739 1.4788959465980325 1.8015049966247914 
2.0020938659322547 2.2493482741459934 1.6731495187231655 1.9622989380834817 1.5219232227689938 1.835058066221219 1.967132292369672 2.2182870116564177 1.6311526353114723 1.926615356028172 1.4756286469446032 1.796849385475466 
1.9986808527951532 2.2443759975391737 1.669108386453666 1.9566351915290598 1.5175282468968938 1.8290408544179544 1.9667435887298477 2.215982583598066 1.6307292841578458 1.9240001208965556 1.4752108908932173 1.7940862965894255 
1.9956228816156223 2.2381225850314452 1.665686864698116 1.9496652921021698 1.513552528598806 1.821406949813204 1.9671504595906841 2.2127726839121635 1.6314665109244013 1.9205116496048231 1.475808761956589 1.7901657805543707 
1.9895994736662552 2.231025342216677 1.6585833960380285 1.9416145069536952 1.5063410030975855 1.8132929243817837 1.9658280191240127 2.209852441402602 1.6299916002154857 1.9172481917511464 1.4748006484854284 1.7871779331597177 
1.9860659402144458 2.2291830047979215 1.6545668159611717 1.9396881962005876 1.5016828087448728 1.8110356727794983 1.9662872538415872 2.211579642386837 1.6307725145525018 1.9194316721935922 1.4754249909161394 1.7893232949413838 
1.9771037977044226 2.2206633326322227 1.6449785541754793 1.930896334269981 1.491445667966906 1.8018924469837954 1.963873696803654 2.208892506890557 1.6290533796647826 1.917347418648287 1.4738624937887694 1.7873659000320137 
1.9793510959646372 2.221352978951434 1.6432764493828815 1.9279356278404136 1.4871281508654222 1.7966993162731515 1.9716019725280278 2.214450865130317 1.6339342294218608 1.9199790004258925 1.4767984676577943 1.7881588324520867 
1.9698894361990371 2.212865271192207 1.6376588240682368 1.9230794943653684 1.4829278260416319 1.7931489773157614 1.9659925806087266 2.2093970092784505 1.6329693384165425 1.9190875899261506 1.4777473983765155 1.7888671529793823 
1.9645542614161233 2.207797371057464 1.6319972395957814 1.9178922742553217 1.4765414095270915 1.7874759633763608 1.9659296184116688 2.2090212878440645 1.6336525972642562 1.9193010691781136 1.4783708440537677 1.7889874617079486 
1.9602170280948077 2.202876833877201 1.627230429666567 1.912614550617254 1.4717761192629946 1.7822290798976546 1.9650608143955344 2.2071881551586943 1.633062178324157 1.9175785841192636 1.4782212798741738 1.7875552299923045 
1.9545317386919046 2.197318968414463 1.621552225478415 1.9072094670890243 1.466306530829758 1.7770962758820918 1.9626433314165872 2.204537406748636 1.6313203697477698 1.9155214642895548 1.4771016793552163 1.7860139144345992 
1.9536057999067367 2.1962235126756204 1.6196925250890182 1.905315189681025 1.4644055620726246 1.7751917492004181 1.9627685571226274 2.20437803133429 1.6307325541698245 1.9147090534671947 1.4766070694769275 1.7852704371689014 
1.9512452322162481 2.192352552680941 1.6169055070246499 1.9009037791657524 1.4613898867333932 1.7705118356132612 1.96218437013616 2.2020942898537834 1.6300898640279438 1.9121309379345965 1.4759640738197661 1.7825604354990714 
1.9477553191266093 2.1888117080246987 1.6127896896948466 1.8969018143240834 1.456942656107645 1.7663034317993043 1.9620733972474118 2.201562610099018 1.6300527034994912 1.9116008281505843 1.4760295173830364 1.7820799774942762 
1.9435001446682632 2.185982257138781 1.607975988230409 1.8939145690673485 1.4519752976981255 1.763393853149534 1.9614432480205897 2.201950324463647 1.6296176182177093 1.912322984698338 1.4759061853673356 1.783150213584251 
1.9398461472473145 2.1829979052189334 1.6041036883537954 1.8909324213705394 1.4477956385451125 1.760280940699595 1.9614509985952364 2.202218608378889 1.6301642824851272 1.9130897436059424 1.4766174710771405 1.7840616399357536 
1.933855532977386 2.1763071460681394 1.5986581489571967 1.8847343178356069 1.4427660281650834 1.7544484556769544 1.9601190950111296 2.199677803276482 1.630330494540064 1.9116728519878212 1.4777832913615074 1.783356113575539 
1.928867781457944 2.16963972985067 1.5934056451344996 1.8776973102570311 1.4378134307157138 1.747602100177981 1.95903569912508 2.1965032459449016 1.6297949263776994 1.9086741840991326 1.4780383667707988 1.7808433543258344 
1.9266269482142229 2.167176491794162 1.5912559444618737 1.8753287791172113 1.4355576073377374 1.745161365887192 1.958557217286554 2.1956112867229596 1.6297700624889542 1.9081176603095655 1.4781341683978655 1.7803491704677625 
1.9252787973858645 2.1647700810163557 1.590073347007477 1.8729293379259027 1.4342476669193365 1.7425835492347446 1.9602522801883333 2.1959326169041615 1.6322450193471445 1.9088621896783329 1.4808635738593747 1.781147938938133 
1.925806187244524 2.164289973000219 1.5915535385368882 1.8730895019804286 1.4358283258207751 1.7427061133849533 1.961817958009685 2.1963950730160753 1.6349443096232024 1.9100954195980078 1.4837800412356577 1.7824210577664554 
1.929615214376755 2.1674041127935166 1.594319611481415 1.8751215257028677 1.4373472689486873 1.7436148898636563 1.9681663908710185 2.2017957795295753 1.640767835543545 1.9147701696951125 1.488701191695046 1.786185027021067 
1.9371706387934855 2.174699752104543 1.6017974652881557 1.882138158532354 1.4437978237286413 1.7496402726856628 1.977896547882007 2.2110548799438607 1.6508179154963034 1.9240292924286677 1.4979976055132933 1.7946269122365128 
1.9384374520065795 2.1754153086116133 1.6049335692612825 1.8843311204089794 1.4475791681776025 1.7522492567388235 1.9819836059820877 2.214305991497507 1.657266128532699 1.929099020367218 1.5053918782768028 1.8003046177749362 
1.9428450584096226 2.177155997301684 1.6069610415273576 1.8835299585052239 1.4476438294645166 1.7495810848848048 1.9913546965537532 2.220552823755087 1.6652838783482804 1.9335283062543176 1.5121240899763122 1.8032971410964669 
1.9501987860333623 2.1796509693173354 1.6109644325825447 1.8822352260134756 1.4491223209398163 1.745725792914225 2.003281748992388 2.2272720554180174 1.6748339809802044 1.9371814336416708 1.519808528021211 1.8048326805679245 
1.9458312371821354 2.1733585152003245 1.6084860694434877 1.8773533145345231 1.447020272005116 1.741004221589873 2.0022507031023262 2.2240134689506177 1.6762983356412904 1.935769651088104 1.5220434757502035 1.803841560135967 
1.9422447857369807 2.1650382277739326 1.606682526363715 1.8698942377906003 1.445864375839757 1.7336664942607876 2.001451563666353 2.2183065797365544 1.6777730163828746 1.9313202775569074 1.5244728096304274 1.7997480566186173 
1.9426651532412913 2.159870550245549 1.607911540980414 1.8645300801590758 1.4475403792703019 1.7281394752212593 2.0079271676328325 2.2187528944697763 1.6861800427350602 1.932432672234148 1.534013286291227 1.8011911777260097 
1.952339142082246 2.1595944873300725 1.6139276810645637 1.8592963141216732 1.4508601978503786 1.7196556450948077 2.0229363469438284 2.2236213004435896 1.6986482560513934 1.9332941115584146 1.544551278458064 1.799405144981652 
1.9460974287760002 2.14611300165871 1.6119929157066912 1.8485202119231912 1.4520017624949908 1.7107936555553858 2.022940141390387 2.216030827684615 1.7039697103084197 1.9292533755959997 1.5534801999538197 1.7977225996378194 
1.9480549180653224 2.1385811697942376 1.6134607889250019 1.838985365194212 1.4531258001282923 1.7000547188248059 2.0304688658382553 2.213914016202637 1.7120577001779145 1.9260719157753403 1.5618772174337168 1.7938985195206805 
1.9513289343911266 2.132675678717233 1.6172802742233672 1.83199793280233 1.457706431553353 1.692787340746619 2.038847404876591 2.2130340441963403 1.7218622522060265 1.9249494943951153 1.5729342550698073 1.792970471360867 
1.953873877998946 2.131039502197611 1.6209919793529641 1.8306614176102145 1.462534971590984 1.6919559012949008 2.046399074356378 2.2161803627698355 1.7313985784696255 1.9291053020316544 1.5840248052119132 1.798010236991614 
1.958480460335318 2.1307825669258795 1.6261289992848784 1.8299956711192624 1.4687383875677928 1.691679959423543 2.05548598759399 2.2202727938690865 1.7417440839558604 1.9334583233147902 1.5957974128300998 1.8030967851990753 
1.9628601148277887 2.130318308042664 1.6306859621587964 1.828817369335101 1.4744421534878063 1.6909807589626085 2.063115947236548 2.223034789413283 1.7500755093828837 1.9360270018111214 1.6054928356556935 1.8063896336454546 
1.9559754909405818 2.1242019136984718 1.6214565622181343 1.8208555769638215 1.4646571766663523 1.682740114860358 2.057566363124225 2.2181012122218973 1.7426590603615641 1.9295735927039037 1.5977984424389235 1.7998204109466729 
1.9604853440914292 2.123802603821101 1.6252502736493508 1.818920879971773 1.4689910958196069 1.6807645745901743 2.0663478676198954 2.2218974381409438 1.7514934135238105 1.9325537232421999 1.607552663279586 1.8031251428609412 
1.9673322419886807 2.1240860709416203 1.632867133348029 1.8186809949983558 1.4781734945425755 1.6811729138813203 2.074406710760503 2.2236251230925164 1.7604039668349447 1.9340030022852108 1.6179505342402187 1.8053003677084347 
1.9741475269874438 2.1265967232436527 1.6412713640073782 1.8217922096964407 1.4886424830397122 1.6855893946363805 2.081956752065383 2.227038186127629 1.7694793441774446 1.938095022043718 1.6289081930761597 1.8106620519772982 
1.9842028782884096 2.1310358524924 1.653048704366574 1.826697227623672 1.5022466161745913 1.691448384730675 2.091200851230701 2.2310028558000568 1.7800645934875536 1.9423909749038706 1.6409767925805683 1.8157801563482319 
1.9975523393834664 2.1395981696983104 1.6688419091622668 1.8364907560280177 1.5198574166599839 1.7022430925623873 2.103533359225938 2.2388652421654056 1.7943440479953559 1.9512394885754951 1.6566845842755824 1.8254502981391632 
2.0069187715279484 2.146765079721405 1.6799377489393021 1.8447406842998963 1.532391857558389 1.7114619940598301 2.1112389263679394 2.2445950985002283 1.803274158027905 1.9577219008355733 1.6666828293983382 1.8326780966146918 
2.013380815958958 2.1530218652098174 1.6882610377757228 1.8525728524599405 1.5417080246504395 1.7200768806281772 2.115777130898139 2.2490695208533595 1.8091533625515446 1.96337381342208 1.6732226961261194 1.8388787433736788 
2.0175370775563555 2.1593221237496367 1.6918215641475434 1.858622172394013 1.5445486818208871 1.725643881371426 2.118491655804818 2.2539350191419985 1.8110249146035071 1.9677467865847578 1.6742704879781642 1.8426605334989514 
2.0208289746527908 2.1661909063598825 1.6947615773306433 1.8657036479559796 1.546689995828592 1.732305758576196 2.120098989126746 2.259082340618918 1.8119842115471785 1.9727949921104955 1.6743117756547763 1.8471473195433683 
2.0245792395787228 2.170727098032629 1.6988734082718346 1.870643176592789 1.55033412441743 1.7368566245183161 2.1225633740675827 2.262390398170298 1.8145316301826098 1.976274291117799 1.6762726738013596 1.8501419171872084 
2.0329120903540345 2.180133899169409 1.708267339940564 1.881071385117431 1.5595797390026616 1.7471523154858624 2.1288106770841813 2.2698209511033265 1.8213403406468573 1.9843217701944438 1.6826741496997006 1.8578602060616969 
2.0389208840953197 2.186487577371534 1.7150709304282548 1.8881201897125193 1.566653803876287 1.7544040856085692 2.129254734558559 2.270959109944527 1.8215366176500651 1.985327480251064 1.682537219273333 1.8586180480776677 
2.0475358995445623 2.2004809701344294 1.725090953522092 1.9041145023143329 1.5769249620459942 1.7709899988209308 2.1364706009593863 2.2834666340377647 1.8297656043230675 1.9994387729469887 1.6907973576877156 1.873101424046162 
2.055519529610497 2.210314535492666 1.735087762221312 1.9159486819354425 1.5875216624065827 1.7834110120244744 2.143085878216307 2.2919744524340055 1.8379842456915019 2.0096059057959996 1.6993768191340493 1.8836696585681258 
2.0586575461873227 2.214409934875205 1.7396043963137164 1.9213963471584956 1.5924247984988205 1.789233692415278 2.1456296592967785 2.295488423419733 1.8417055133907834 2.014303766876786 1.7033709171093678 1.8886537396923793 
2.0668626317828576 2.221629337549439 1.7493103608737817 1.9297156561162994 1.6025767808939326 1.7977675359902237 2.1525749573337416 2.301585262757033 1.849795812229112 2.0212521667868066 1.7116980303021792 1.8956861348177763 
2.069422888625138 2.22287568796944 1.7524447361231137 1.9312503165994848 1.6056695595188972 1.799121998799862 2.154789748023136 2.3025603337123677 1.8524768067065265 2.0224577997045103 1.7142877531457807 1.8966938953836516 
2.0777125436267645 2.232350753341419 1.76238906474819 1.942296498360639 1.6162499488457842 1.8107358639912117 2.161827653709703 2.310843845079974 1.86081288848288 2.0320248713891274 1.7230418705138886 1.9066656129337414 
2.084174980427987 2.238432965009674 1.7700515210134422 1.9493278782293142 1.6242123952987184 1.8179281324744385 2.1672313904708007 2.3159638791747166 1.8671338832129851 2.0378875650148123 1.7295006377107816 1.9125818271755066 
2.088355947787388 2.2406575663092654 1.7748843576579743 1.9518017952289521 1.62894134991379 1.8201004604853437 2.1709315091404795 2.317813491672477 1.8713437780854056 2.0399125717978603 1.733540589135126 1.9142828262769742 
2.095019454661863 2.246186554187272 1.782600505837382 1.9580378148063662 1.636777508219028 1.826277123607392 2.1764259805175294 2.322300060171314 1.8776016874384434 2.044904794231675 1.7397597951072699 1.919117418364934 
2.093795471271989 2.248533398043954 1.781791774231515 1.9613018363625445 1.6357076932994754 1.829607232309462 2.1786666525880203 2.3277696083803248 1.880795266449565 2.051661229564737 1.743028561297574 1.9261545971440324 
2.0913437035489886 2.2508780740799796 1.7781311727693208 1.9632840053272984 1.630870236644841 1.8309755177975482 2.1759991567953327 2.329743751654675 1.8769667848883207 2.0532262246459836 1.73809998929118 1.927102797147573 
2.088588163900124 2.252333789824166 1.77499214465408 1.9650455709686965 1.6271200904615768 1.8325738105690832 2.173145566809479 2.330958737717957 1.8737551200046634 2.0546934642772605 1.734324342487209 1.9283899780240743 
2.089398958210461 2.255331746899103 1.7759990319172363 1.9685288525624816 1.6278376565772645 1.8359707835831593 2.1739302950119996 2.3338607948142407 1.8747153070188978 2.058030797721686 1.7350044256920385 1.931624611349462 
2.0907052272771502 2.2603392018376356 1.777495819225463 1.9742280383390365 1.6294271224464139 1.8420417224818768 2.1745726690464955 2.3381298622967885 1.8754224412019815 2.062836467819008 1.735727712794838 1.9367074257522738 
2.088903855662572 2.2641628552297117 1.7753041064003543 1.978539559119797 1.6265183743819065 1.846205876656761 2.1714389858068683 2.340525878062868 1.8717191619155797 2.065489466901722 1.7312394326267988 1.9390987829097208 
2.086048571868594 2.2667938325738843 1.7717025609833612 1.9813342978394635 1.6218842144231507 1.8485843340770256 2.1671234630714977 2.341619042328406 1.8664820986537751 2.0665214878619094 1.724915610977824 1.939610656857453 
2.0755736457037344 2.2635118988730523 1.7585174923042108 1.9768317906033102 1.6069952030855257 1.843343088071206 2.15463572532804 2.3362224351418015 1.851170689282836 2.059687616717615 1.7078883841925647 1.9319324238854447 
2.0668786882703616 2.260614353671632 1.748141346123422 1.9734203581665541 1.5950723933496591 1.8391970215358142 2.142281146746666 2.3297549776116395 1.8366761188914635 2.0522594645186096 1.691637354667427 1.9235453422537798 
2.081381310764801 2.2721603240090693 1.7652019912749362 1.9865805916702697 1.6136837048198138 1.853251055955722 2.153197774381397 2.338124255209932 1.8493378719966236 2.0617019527567506 1.7053115826736767 1.9335594046216937 
2.100424156641846 2.29139897438325 1.7875888715822241 2.008532199344738 1.6385476220740762 1.8771163873890744 2.1675031782455614 2.3530400867185857 1.8659481138832907 2.078578837981521 1.7236956517043864 1.9518848126118022 
2.0928426777783753 2.3012925541813583 1.7778599124595167 2.0190945530931828 1.6283539365661754 1.8887809530833797 2.155923276967564 2.3588052319279265 1.8517020739229517 2.0844081933658196 1.708669437009558 1.9584453505192736 
2.0817289936099774 2.3075046441635627 1.7645926705153259 2.0260230435107123 1.614557828891988 1.8967812374747937 2.1398215945485757 2.3600462996510068 1.832765164033955 2.085667813074846 1.6887977488427706 1.9603621901313057 
2.0714768939601136 2.3122162337053687 1.7523899038201058 2.0313044489220813 1.6020020935724897 1.9030864659837818 2.126072429069772 2.361252075245386 1.8166006238165393 2.086951177112354 1.6719982533635134 1.9623724285799167 
2.0612264053642044 2.3152945477780227 1.7408165901583772 2.035283014563488 1.590394098005472 1.908215903866918 2.1153956143025914 2.363648272017357 1.8046292448618466 2.0901246996795764 1.6599993065693248 1.9666042424978745 
2.054594143388521 2.3195174316323666 1.73255519474746 2.039743004509737 1.582270088084335 1.9137352620585768 2.112827460041735 2.3712536552436583 1.8012302142442562 2.098388502233657 1.6571847855644852 1.9761238410348705 
2.0481794491379315 2.3218877268444658 1.724376834880056 2.0419596051026474 1.5740658821888494 1.916717757436123 2.1096122116803744 2.3762548777163954 1.7969140481589432 2.103574019774669 1.653211429089141 1.9822289447667139 
2.038964283620302 2.3191483063140335 1.7136829297974727 2.039064172771237 1.5630934130368697 1.9142451605474282 2.1040058553101155 2.376534063711112 1.790579368020097 2.1041026567112286 1.64703561199485 1.9833809074353947 
2.0300356590014963 2.314722634964639 1.701988244382916 2.0331404486698994 1.550031764583436 1.90774593990333 2.097327081639304 2.37395808458735 1.781712685754255 2.1003324009731505 1.6371727403599292 1.9791995052994633 
2.0210553560721216 2.309901182065547 1.6916491656096455 2.027968347412703 1.5395632909068109 1.9029539787676975 2.091360727633521 2.3716594215206808 1.7750498134665995 2.098042077482673 1.6307605794499112 1.9774627142092491 
2.0122819690205347 2.3028207077506404 1.6810597427947527 2.0198183948179995 1.5278125129888025 1.894179390671633 2.085334557447596 2.36692304599984 1.767852751923972 2.092607904430536 1.6228224081781593 1.9716128062287381 
2.006760650883169 2.2987928592922504 1.674253051821331 2.015064163130554 1.5205842867572454 1.8893218024288612 2.0852464274068523 2.3676175711066687 1.7675654541241295 2.0932386234285474 1.6227571987863865 1.972486052222687 
1.998451601310277 2.289596959593459 1.6642934938224117 2.0045743359076535 1.5096208743852246 1.878137539952708 2.083230322854295 2.363957278095273 1.7651947792976304 2.0891046032833325 1.6201836191184043 1.9681057883812065 
1.994284421050127 2.2853672133911522 1.6586042734911906 1.999175100896177 1.5030761524431289 1.8721567423811605 2.0855170121299036 2.365399364987494 1.767251819035205 2.0901942349655545 1.6221740892651566 1.9690560489440718 
1.985947899201812 2.2762555156098117 1.6479776401226112 1.9882606510073295 1.4911735869254426 1.8603625400292518 2.0840643457782417 2.3623450872690235 1.7649831277788721 2.086268332536371 1.6195474075630174 1.96476052468083 
1.9789386941970308 2.268645995696607 1.6398170249726798 1.9797869011058362 1.4819829268214428 1.8511698176532183 2.0803668463495204 2.357643423800607 1.7608883370021648 2.0811737154284478 1.6149307277373386 1.9592237120324596 
1.9708755400174032 2.2598279870023052 1.6304025313519634 1.9699453167128498 1.4719193028963544 1.8409287250838609 2.0729897257099204 2.3494166381250663 1.752469235935082 2.072105344691454 1.6060767238519116 1.9498601435741205 
1.9630335384251487 2.2505717750345045 1.6216208875634157 1.959904830491001 1.4624726503363952 1.8304094882244135 2.062416002658523 2.337762265420066 1.7406071923389146 2.0594382825474424 1.5933880092500883 1.9366099219052761 
1.9549643313395286 2.240481531459211 1.6123811684616667 1.9487547276170518 1.4528175549633926 1.818942221185107 2.047993464918726 2.3221001675960946 1.7239967308408128 2.042066767750215 1.5757761717800565 1.918578249524843 
1.952420470804391 2.2473513623410204 1.6099933571341343 1.9572227928920203 1.4504404866164071 1.8282286662822131 2.034427865896464 2.3189521755603413 1.7085168002498659 2.039037054037037 1.5590794245117983 1.9155602582367488 
1.948623196791881 2.241900132270706 1.605950950519788 1.9514257084181839 1.4460773934597726 1.8221206512949164 2.0231976839783625 2.3070138075996445 1.695663575375555 2.025897036094236 1.5451007518137483 1.901662476165371 
1.9457084246241136 2.231960521705805 1.6028532544351184 1.9403620930262606 1.4426232206828122 1.8102564054998536 2.020604961726376 2.2975445388834688 1.6929860285759153 2.015457315289324 1.5421494397603788 1.8905267497058196 
1.943805544987142 2.2195782305480383 1.6011056159800203 1.926573828931235 1.4403020205230428 1.7951650161260273 2.018718883451274 2.285470073136544 1.6912673139402772 2.0021320266163167 1.539907738795659 1.876023285783724 
1.94474438069994 2.208701424788782 1.6015084696198125 1.91341596519523 1.4404325913641338 1.780779977387435 2.0191278429836963 2.2744688443484984 1.6910576330545313 1.9889713914262301 1.5393805865711032 1.8617260453439421 
1.9480339163143319 2.204295129993022 1.6043006062178475 1.9073178330081626 1.4422006556339353 1.7731394790345607 2.023424068280041 2.2711948047437396 1.6950484524328362 1.9842555624452596 1.542514684563798 1.8556487903412524 
1.9492257859635862 2.19706609419593 1.6066557888562691 1.8997265807124348 1.4453290293443082 1.7653878499257207 2.028002861651176 2.2672480818087286 1.7013692327256185 1.9804735604560235 1.5499324002243968 1.852001269671638 
1.9529460744376845 2.1911519038308507 1.609510307410786 1.891473427162423 1.4471580734880218 1.7553959056752872 2.0336713844698613 2.2633973570744406 1.706559216673 1.974713309827926 1.5543768590697569 1.844786089499691 
1.953636124705112 2.1816602827555 1.6111477809787678 1.8811551381406073 1.448870841915458 1.744182960056888 2.037004076084976 2.2566198367440644 1.7112827558258186 1.9675965419736863 1.5594608731182735 1.8370807539100746 
1.9555896578432719 2.1731626095309955 1.6126628107151122 1.87055771326724 1.449606240419641 1.731953541485327 2.0412392831041553 2.250547184239328 1.7155198168740475 1.959926799573792 1.5632290789540624 1.8281110389928634 
1.9547879295069737 2.16052042229324 1.614937230652065 1.858675578132494 1.4532623811776595 1.7200651715403579 2.042205888391805 2.239923555923764 1.7197183781602616 1.9504060977094386 1.5688787683508758 1.8187999438041997 
1.9575711701618308 2.149101633810919 1.6185661787671086 1.8456189805181242 1.4565986351252567 1.7053540776181233 2.0430189952050766 2.2272134071455207 1.7209294592076574 1.9360142431730094 1.5695608660924112 1.802796233235681 
1.9667316314963152 2.154698157591489 1.6307496971418263 1.8531150570669264 1.4699017379158916 1.7132722956751962 2.054030156896475 2.234665685385659 1.7350363540399256 1.9455184372912424 1.5848084093164567 1.8128178436456757 
1.9795088958087963 2.1625299287145507 1.6464609231275913 1.8625020256059213 1.4867111334035807 1.7229016855834114 2.069635525029989 2.2453221217602968 1.7537871333962283 1.9580218418766835 1.6047572190416095 1.825739838001614 
1.9923395405698128 2.1716776155124715 1.6621675142168832 1.8733840145890892 1.5034733006335472 1.7341276730731023 2.0846701919353894 2.256682660442964 1.7717883083325536 1.9712941511463813 1.6238426432212982 1.8394650719010492 
2.0093020517262903 2.186126910696513 1.6812014451193766 1.8889929681371183 1.5230984810810755 1.7497671609878498 2.103151466926593 2.272686126026971 1.7923140508391602 1.9885285493136577 1.6449256338313534 1.8567812136693649 
2.019907253593585 2.2007835807093756 1.692454412124587 1.9046850115228977 1.5344218980189188 1.7657501570494 2.1149640446948457 2.288339128353134 1.804840584193513 2.0052113580248796 1.6575578898946428 1.873745237312688 
2.025632320694854 2.2117757728674983 1.6993468367121587 1.9174319915563158 1.541629061818575 1.7791531510928507 2.120715770460912 2.299174014702154 1.8116370364622214 2.0176210057098483 1.664592816481442 1.886699503228222 
2.033407498178353 2.2245890211110795 1.7093010513212556 1.9328115126022896 1.5528998018056253 1.795981083878099 2.1286392079786443 2.3119591555526995 1.8215567265786565 2.0327614634639133 1.6756660223755657 1.9031308094148311 
2.035938271047925 2.234589735391625 1.7159417299889912 1.9475119159372587 1.561920445450924 1.813268352979672 2.1311377876570092 2.3216577939006457 1.8278839260685051 2.046828348733624 1.6841315579192775 1.9195431087578139 
2.043707460256241 2.245883002541988 1.7249214810845783 1.960256206190154 1.5719772163447583 1.827118673405484 2.138160675297583 2.332162376720158 1.8358499410869658 2.058542028764294 1.6929569572168737 1.9321887943441283 
2.0566278402774705 2.265509652639859 1.7394705074258583 1.9820629553584752 1.5880108119922776 1.850565927440677 2.1504472655367235 2.3510081570795056 1.849449381479356 2.0792496068183763 1.707771561847302 1.9543028476299096 
2.0699915733720657 2.283520200968531 1.7550836076470433 2.002477931022302 1.6053577501078569 1.8726379522564847 2.162793984639166 2.367969006214262 1.8636338631800402 2.098268469569936 1.7233647936497252 1.9747368448457532 
2.0891357649175784 2.308627250393133 1.7728292529901901 2.02686829795568 1.6230147492422107 1.8972212346634105 2.1920147659223823 2.4021241164897695 1.8929775619435525 2.1327530534550307 1.7534586867165578 2.009947487627912 
2.0983479908795264 2.3141933587814445 1.7831875411263238 2.0327775131155263 1.6351067863684454 1.9042060849152185 2.2021557675360173 2.408716802675679 1.9042540640608188 2.139768714485784 1.7663521552884478 2.01802540803929 
2.0950461534280644 2.29688793457446 1.7804438065251396 2.0140645340191385 1.6333599699373462 1.885295889348335 2.1843966731428908 2.378668666426186 1.8847680464284533 2.106852246323346 1.7464922650953048 1.9841146718467984 
2.0989955544223022 2.28679066805088 1.784362688660741 2.0018939599001215 1.639037690806587 1.8735190882092954 2.186669658964195 2.3675205214389563 1.8867146219379836 2.093638289350524 1.7499104010876065 1.971247227983996 
2.100249414314725 2.2767174430590513 1.7854956320107156 1.9900727034782788 1.6412213810237013 1.8617202622116313 2.186368753811064 2.356396197764999 1.886042252241806 2.08075709549225 1.7500766688466378 1.9583572350419993 
2.099823626406046 2.2638101751279938 1.7867161338089042 1.9768489547289743 1.644860207924381 1.8496330313370373 2.184138453167527 2.3422292863007748 1.8850878131814013 2.066188111088881 1.7512186111976535 1.944824894741179 
2.1014160355855744 2.249007114131966 1.7881133636926358 1.9594471276909189 1.6476275574947734 1.8321463405023608 2.183686420376376 2.326063203641765 1.8841142293757542 2.0474301145915073 1.7513462239477928 1.9259535926226758 
2.10509456481584 2.2443335098904513 1.792936430445093 1.9545410766768736 1.653844805420748 1.8277889421968807 2.1856411277319046 2.3200510589280556 1.8868558651982912 2.04103768530451 1.7552226789878234 1.9200042785455433 
2.115304872400061 2.257858397508453 1.803752221675538 1.9689926148158703 1.665620440316292 1.843285461126257 2.1936763738855007 2.3314428737036295 1.895052349499464 2.0529571956919703 1.7640841196902823 1.9327189711242134 
2.1188396412988 2.2645140462225504 1.8078046087836006 1.976537362039794 1.6699088542609826 1.851253094943862 2.195379495368222 2.336286277125136 1.8969362684822144 2.0583754872916717 1.766013953705697 1.9383879190407753 
2.1217694484185343 2.2676460637944125 1.8110725088306905 1.9799739166570582 1.6732673642434708 1.8547605642352578 2.196630868347773 2.3378409377411224 1.898226859934895 2.0599947306190596 1.7672309559812185 1.9399531773159608 
2.1198090663494575 2.267166336592302 1.809549695415232 1.9801320208959197 1.6715835015270277 1.8548973347809194 2.193149599308118 2.33588481842435 1.8949366182923795 2.058455126386135 1.7636626916010212 1.938287597273779 
2.124000430213629 2.2743524352104445 1.8135674197414555 1.9875431964985515 1.6754034929973378 1.8623313444034817 2.195697270684572 2.3414499090289502 1.8970333320455075 2.063985618867457 1.7654137025897585 1.9437043790894952 
2.125127103852012 2.279881812271513 1.8148130297985081 1.9938009438071898 1.67623659986484 1.8685462287902967 2.195308033130303 2.345436682310235 1.8965121897647905 2.068442495291189 1.7643642740450285 1.947993111365243 
2.128093130646206 2.2888082058362973 1.8179902138085262 2.003734275772007 1.6797909341056616 1.879244585652323 2.196725814146037 2.3527573042996957 1.8978704769650565 2.0764813935442743 1.765933609209466 1.9566257032287935 
2.1291506122445103 2.29778529537056 1.8187132969275759 2.0135175664545795 1.6795819310832003 1.8887907235109909 2.196329319238618 2.360168937289696 1.8969180808214077 2.084426333394196 1.7639658761288928 1.9642073582356758 
2.1239587595194123 2.2998240196022044 1.8135162398333355 2.016638505319989 1.674039608891988 1.892194049546515 2.1898215786267246 2.360785516564188 1.8902272049198847 2.085892757362957 1.7568512589912784 1.9658372402666604 
2.124412092482126 2.3097037924124133 1.8135060300655976 2.0274143609741655 1.67344214823348 1.9031588198267333 2.18943514894054 2.3696478939741836 1.8892600810413278 2.095449480139353 1.755251593423656 1.9754779234950421 
2.125292278352849 2.318426744287221 1.8133903573214025 2.0363250939440496 1.6720732722061686 1.911560704719116 2.18914958603889 2.3771014303672957 1.8878276482916136 2.1028857624355735 1.7525232293051765 1.9823150530261944 
2.124287463010671 2.3277229484421706 1.8132784761046257 2.0478466082947504 1.6718033730987365 1.9237004490055911 2.187385008075239 2.3854454663128046 1.8868054430577397 2.1132277868588405 1.7512802363848892 1.9931581386212969 
2.1244468622224635 2.337501503744302 1.8144433998355727 2.059816414345432 1.6723955130311945 1.935857836104416 2.186944112212489 2.3944442694581287 1.8872347312247282 2.1242160295838257 1.7511016051448505 2.004244406538502 
2.1252640812026726 2.3478498269800476 1.8154746734808063 2.071617649386643 1.6727319107526586 1.9477380317820565 2.1871171508381164 2.4039827009964605 1.8875069024218798 2.135025456965382 1.7506473265310292 2.015047755535893 
2.1279127186438345 2.3571248983806936 1.8177346663818115 2.0813900561322463 1.6742726709130136 1.9573487744820022 2.1892199654850115 2.4126146202156273 1.8891349439566767 2.1440280046860853 1.751530900577605 2.023829475049268 
2.128041149354934 2.366216096502572 1.8184188553102578 2.0921440235671795 1.6747343470974339 1.9685412404488427 2.189213405590663 2.421378701735412 1.8896410598888531 2.154335818116077 1.7518080189386815 2.0345148849831176 
2.1310264298323713 2.374295885319288 1.8219676058163334 2.101326548407958 1.6777905556546988 1.977621919135228 2.1917326433723847 2.4289296585994626 1.8926130856633383 2.162866523487777 1.7542518302752608 2.042891771588525 
2.1338710104829937 2.384369160088201 1.8252877330929806 2.1126964076221912 1.6809615128787787 1.989332151748348 2.1936410909877013 2.438005750253619 1.89481689228002 2.173048977236756 1.756213926168937 2.0533139449849633 
2.1348754996065744 2.390406088182596 1.8266588313148189 2.119676945579307 1.6813855873119705 1.9958470284118521 2.194600986601988 2.44389471090602 1.896117764695648 2.179818901926126 1.7565982992119797 2.059608082231768 
2.134613834208256 2.3968952627916957 1.8270180137024574 2.127563278023305 1.6820727402800608 2.004469850906536 2.1947801693060907 2.4506306680483845 1.896965627727417 2.1879235069762544 1.757797620313349 2.0684252835380037 
2.134360622418837 2.3970837911370815 1.8263418464603292 2.1274491710337347 1.6804998939994387 2.00364550979761 2.1950309489340065 2.4512601457165095 1.8968895962543852 2.1883111240356397 1.756913627352843 2.0681539906830255 
2.129935030794262 2.3901959648958813 1.8222482847857349 2.1206136674567935 1.6763729857655643 1.996657182043165 2.191585414352485 2.4452934677871596 1.8939409189313567 2.1825273697258765 1.7540381353900356 2.0622956372941665 
2.1249403804108926 2.381863928376428 1.816735079614193 2.1114995861947943 1.6703078155540039 1.9869152854867236 2.187367670993788 2.437720550249513 1.8893734562835343 2.1743128133524827 1.7490379945869636 2.0535428068362216 
2.1193206982250135 2.3721678749036625 1.8115591994535973 2.101762816762386 1.6649187260418925 1.9767687191790946 2.1832541668117704 2.429456515704893 1.885954736493153 2.1662145491388793 1.745575234500352 2.045163344112386 
2.1159374489938774 2.3662125318860765 1.8079828417478736 2.0953692786844798 1.6610161420211174 1.9699606803321525 2.1815073034529857 2.4250246541053384 1.8842995470515607 2.161563147589891 1.7437767778642759 2.040227416005068 
2.111654606030533 2.35931505381752 1.803275079728538 2.0878417950529595 1.6562242756251235 1.962233726947421 2.179368365991203 2.420109258418546 1.8821164450381822 2.156303471379473 1.7417348106652646 2.0349256739947936 
2.1084341514460703 2.3557829623681616 1.799825306573977 2.084128098026633 1.652389789784514 1.9582162322338437 2.1779840697658264 2.4182293941960324 1.880821940363763 2.1544628022209413 1.740262064906809 2.032911913820594 
2.119411952891384 2.361110795125648 1.8086301927311923 2.0866433175938024 1.6601359348134328 1.959333683388021 2.2394045444330666 2.469386538075291 1.9478626393119896 2.208417085250762 1.8108221916100626 2.088543552437313 
2.1146949109098285 2.351535706985528 1.8034129106302657 2.0760741174697803 1.6547911306953293 1.948363236470019 2.2372385599314004 2.4623204480822407 1.9456618241729282 2.2007693084564606 1.8087662906091342 2.080726101399203 
2.1110870726676763 2.343135950555276 1.7995945357731495 2.0669150799161 1.6506481993400586 1.9386172733122382 2.235970059436525 2.456249083683611 1.9445858097539892 2.1943134292749926 1.8076263320433728 2.073911861843839 
2.093908361416801 2.3263786282570584 1.7833827474805268 2.0513506087480984 1.6355481717183362 1.9242149355025786 2.1745703961663767 2.399237733923671 1.8774339418161141 2.133622155369407 1.7376196372863633 2.0116926454812107 
2.091818803957764 2.3204188477064416 1.7812779575886775 2.0448933669977247 1.6340677880036956 1.91802378921412 2.175184371024969 2.395843226956073 1.8784760582853566 2.1300962470628626 1.7395110448488937 2.0086155419470626 
2.0885667260573753 2.308897815580851 1.7777876359098754 2.0320991688384757 1.6310574691267083 1.9050581674043507 2.1753271193740087 2.387665435081729 1.8789534282371192 2.121170464409691 1.740771545804912 1.9997959216590135 
2.0811614485281287 2.291025009998734 1.7700307076544464 2.012603122237392 1.624071463095051 1.8855160404620535 2.1713512761779703 2.373252828115812 1.8752445429222557 2.105731397248875 1.7381431203901767 1.9846168719830284 
2.0763153424575735 2.2750812386648334 1.7647452438594957 1.994801999428693 1.6192014297562585 1.8672767634511793 2.1696244563791938 2.3605464458295904 1.8736356785988868 2.0917504385845627 1.7372386567535019 1.9705094244176329 
2.0774357851829164 2.269840319660958 1.7662030320318671 1.9889466522656056 1.6222616740706661 1.862301955741485 2.1735784202366752 2.3581515608880106 1.8783441797813734 2.0891655015624204 1.743684789897119 1.9689774711048778 
2.0763156461885655 2.2636744405517857 1.765341515346943 1.9823132890659438 1.6227016327740107 1.8564201839043444 2.1745888447353536 2.3541393233722254 1.8799416604904102 2.0850218121274993 1.7466855956489251 1.9657176501846445 
2.070026418807115 2.254879925530273 1.7583648179372247 1.9726431347203703 1.6169015960655768 1.8476592963421068 2.170352147435851 2.3473181607697344 1.875437522894167 2.077676588470739 1.7434993090561892 1.9594039768969056 
2.0639586835374493 2.2455729521326266 1.7518109051349235 1.9625274223178744 1.611756013591896 1.8385945402262132 2.166091961480315 2.3397920466549245 1.8710612992602995 2.069672153165723 1.7406281583352718 1.952551874237824 
2.0411795427134307 2.228378571426276 1.7255806851004707 1.9434211671153039 1.584842691244721 1.8196108067363774 2.1459837086035414 2.324758742233656 1.8483670773933976 2.0532213677029105 1.7177189839993647 1.9364440709692108 
2.020789935133212 2.214026453531143 1.7017347991786764 1.9272318235582584 1.5601224988877285 1.8034143690610014 2.1250398516347144 2.3095704245672377 1.8243091119203703 2.036277218562269 1.6929809864956222 1.9195066542306358 
2.005431660912246 2.205116028509441 1.682835133989438 1.9164327905745222 1.5402036585430026 1.7924865027076913 2.1078722437778934 2.2986748244780624 1.8036915860781881 2.023384266591309 1.6714055639757963 1.9064042362230655 
1.9896476895424704 2.193468506020018 1.6640952051194937 1.9031077242504404 1.520771545927162 1.779143685400842 2.088397800444563 2.2834210149032286 1.7809885727038481 2.0061222431600947 1.6478633254313568 1.8889308345468052 
1.9779819269147052 2.185977867225835 1.650406150982603 1.8947103198117672 1.5065657712828904 1.7708266871721834 2.071772309145291 2.2711951113326236 1.761723151048771 1.9924244512003988 1.6277494957582417 1.875008040980414 
1.9789922230494617 2.205916328352064 1.649799600342493 1.9161146495161114 1.5058447276164466 1.79366244664102 2.0702493380001963 2.288140937593279 1.7582266133494426 2.0102282091071775 1.6239120808375835 1.89387092355584 
1.9808214123191015 2.223147667947822 1.6524160663409926 1.9362879285637866 1.50917373589055 1.815581849188254 2.076015936157967 2.3083704757213126 1.7654086087877332 2.0335682044086547 1.632113373752522 1.918990919932098 
1.9853485706311649 2.2387379138494996 1.6574919353370048 1.9538725689530547 1.5138664949417469 1.8336112631927222 2.08426053220014 2.3269036220022543 1.7747711218315476 2.0543006194048643 1.641439850767371 1.9402740228347155 
1.9905565098305271 2.253630627061296 1.662567239310546 1.9699405091597793 1.5186327902520378 1.8500760352019834 2.090193538261156 2.3421026475773195 1.7806525864942577 2.07056982934377 1.6470699317845279 1.9568789294661768 
1.9868401436304055 2.257000186163326 1.6582090351765937 1.9738726626460203 1.5134802054672831 1.8539521073483236 2.091023750472789 2.349233153401614 1.7817137180370166 2.078706294078432 1.647867986533293 1.9651933709030494 
1.9843580776732839 2.2580610110063923 1.6547479649865746 1.97467804379023 1.509637636927223 1.8547690809982815 2.0925880575276183 2.3537390100661564 1.7830980415297444 2.08341094715066 1.649319130097996 1.9701309961287372 
1.980071220603797 2.2538086956668284 1.652116956230221 1.9719183641985307 1.508536547606126 1.8532819843357378 2.091460274655823 2.3522707493958706 1.7841004677044983 2.08374328477944 1.6520310400423504 1.9718463822680026 
1.9830562804576903 2.2530927469730777 1.6544906025307882 1.9700898123848796 1.5103005582541145 1.8506546115530824 2.0961398174269505 2.353235400295238 1.7884711562121123 2.083877105686103 1.6559884356488392 1.9713478673239508 
1.9840978672005978 2.250458224146798 1.6564384149825675 1.9676651378295953 1.5131998475515256 1.8486999893519662 2.0986141084987397 2.352041464003124 1.792017034626055 2.0830849537140725 1.6605151635531548 1.9710982929295942 
1.9840333461626218 2.2440206947987913 1.6572632945567973 1.9610614950799603 1.5146084036097414 1.8420855507509006 2.102401633676413 2.3493261138644095 1.7972829321187163 2.0807370083903565 1.666656211366114 1.9690057102215954 
1.9845771636709544 2.234944873495597 1.658254585449487 1.9509588255942898 1.5155847524187651 1.8312370711527903 2.1074304486896476 2.3447164359607005 1.8034757685270546 2.075802716219499 1.673234508150083 1.96370715440573 
1.985601940384326 2.2243640115453225 1.660512964616055 1.9397122198558217 1.5187045616768258 1.819792223265612 2.11168311449848 2.3376025680722545 1.8093904542850885 2.0685922764667763 1.6801946482648966 1.9565873980627595 
1.9874582868144655 2.2108424025306483 1.6621355805792408 1.9236757458645388 1.5203045927140686 1.8025425769250194 2.1186524237560747 2.329489596389623 1.8169734007649891 2.058938082140279 1.6882013225582695 1.946241863820499 
1.988901283460768 2.1989573250410954 1.6638680313510112 1.9100109496418836 1.5222064433419962 1.7879590202663733 2.12434797194619 2.322184167526747 1.823618056587478 2.0506749665200212 1.695357911094849 1.9375044383721782 
1.986260162002151 2.1849146780038824 1.6608859235831972 1.8939811958297816 1.5186594980958734 1.7705788291281497 2.1245628385286257 2.311361065229059 1.8240284742450734 2.038554044870238 1.6955425370237134 1.9244446507646848 
1.9831758527362846 2.172810695407285 1.6575967081519827 1.8803581313346374 1.5145406270141086 1.7555492491172926 2.1252435102162504 2.3032107660646886 1.8251850212283383 2.029635488681721 1.6963215572869106 1.9145826388318394 
1.9820899939693557 2.1634946785683202 1.6565757803956451 1.8698320235233536 1.5132485480559499 1.7441185877667376 2.125665439026904 2.2957530439211964 1.8259288405284144 2.0213966979970652 1.6969661112330559 1.905707863937555 
1.9915575710102507 2.1696226869315893 1.6680011567886426 1.8770159573238183 1.5258667829952424 1.7519219401697812 2.1447162938599242 2.3110103907486548 1.848170522854493 2.0387975197523294 1.7209810754183934 1.9242496997396803 
2.0023965134045776 2.1760287535082825 1.681160071407482 1.8846242397079611 1.5400235369937725 1.7598811987446226 2.158051648143484 2.320063847236711 1.8638385940995024 2.0492446520742247 1.7376039864292467 1.9351426182208922 
2.0080237781536376 2.178064760430784 1.6875772563146287 1.8867229799391352 1.5457833025461267 1.7610373719573387 2.1639131392249578 2.322568983068191 1.870368299696723 2.0518489670320306 1.7435041149680175 1.9369081562919832 
2.0133521376097727 2.1785267248803355 1.6950300142527979 1.8882580888792295 1.5537398071806747 1.7625263826161128 2.168072420971643 2.322268262621233 1.8761870753679764 2.052430218735302 1.7495881175230472 1.9373823685524343 
2.027583020489235 2.1788082230834935 1.7122542173918716 1.8888956755142012 1.572430000024246 1.763135976882172 2.17916246385538 2.3205304160635887 1.8893042750907674 2.0507518162557483 1.763573713763122 1.9355372928146464 
2.0288800965212928 2.173903531544178 1.7141151038539537 1.8835319768085304 1.5743530266303838 1.7572960965245015 2.1805582201721307 2.3161036829037362 1.8912086862005077 2.0460137861608483 1.7655217806530314 1.9304324065763738 
2.0281608663209854 2.1703665238101815 1.7128011645476802 1.8790269229779253 1.5724184808364121 1.7520143340954404 2.1798587363349697 2.312755598496281 1.889982920551371 2.041834907130322 1.7637594761122872 1.9255912955702439 
2.025040626893152 2.1656656326792025 1.710179503960859 1.8745751592741782 1.5693596945785915 1.747056937528886 2.176556364174337 2.307967872052774 1.88714652362444 2.0373119774908823 1.7605390983524931 1.9206290659124707 
2.019144852214511 2.1553829602704853 1.7031552079080636 1.862650647175782 1.5616596652998243 1.7342175992142277 2.171553851633516 2.2987770448097744 1.8813393788852555 2.026861522093791 1.7542750943179806 1.9095054013394042 
2.016934576642485 2.159648590131274 1.699879805179178 1.8669890997153678 1.5573725108836358 1.738236486803795 2.1676236882023594 2.3010105171545825 1.87620860227641 2.028845894999421 1.7481351506265184 1.9110294218708406 
2.015456764744915 2.162640982954878 1.6974351737123983 1.8698225101747066 1.5544107717575943 1.7410177764618144 2.163927719679204 2.301637075343556 1.871310603399671 2.02897841905626 1.7426158649559116 1.9109317369796441 
2.0098265689230503 2.1568191789181124 1.6916696808623721 1.8639239369000549 1.5481950074680515 1.7347547130787684 2.1553029276528624 2.2929886269558777 1.8621692141019301 2.0199357205983066 1.7328691970108419 1.901394695308946 
2.0061577747297346 2.154261502535976 1.6853400301151578 1.859178480218766 1.541451594150319 1.7298111519205095 2.14719531284617 2.286180508120162 1.850986145682501 2.010552987540632 1.7210031119985114 1.8915668943255908 
1.9982954022445956 2.1463603851711133 1.678821634311367 1.8525983019078611 1.534162613620828 1.7225949359706973 2.1330554124710144 2.2723564379453967 1.837167101238178 1.9972133952765014 1.7059882189135687 1.8772517656062786 
1.991647967209607 2.139063412638849 1.6704295939937608 1.8437097619989322 1.5258636740188032 1.7138233892937043 2.1191290386784285 2.258237928246304 1.8205442279082813 1.9807352028401373 1.6888772036386068 1.8604399659677708 
1.9864820048398222 2.1338342938364354 1.6623951261816308 1.835945422269529 1.516906178889268 1.7053276499114296 2.1059732605501997 2.2454980320972093 1.80348833490889 1.96461401098344 1.6703343899209044 1.8431372743646741 
1.9800419018076993 2.1309648835478847 1.657787318600987 1.83540300634881 1.5133417243022973 1.7060623014750222 2.0997432395686504 2.2426250409094806 1.7990593466904448 1.9639399010443903 1.666900990975244 1.8436388788790092 
1.9797005779593262 2.1293579033531422 1.6589546970223417 1.834960868512593 1.5130413461543242 1.7041845021512458 2.099032116717724 2.240733480182882 1.7996811204800949 1.9631105006118452 1.6661379186047263 1.841457647086267 
1.9833876332356746 2.1328838857453563 1.6632472388890984 1.838955829831758 1.5138877671981532 1.7050581626654882 2.102148417441597 2.243745782247225 1.8032173587652183 1.9664587484491534 1.666450610414905 1.8418536324453716 
1.9844288482657773 2.134841471451555 1.6665461148823453 1.8430860553510353 1.5174481118738259 1.7094557691351477 2.101604697536965 2.2441774794141036 1.804483417465907 1.9686926266711722 1.6677629397217817 1.8441863998819208 
1.9912400034595628 2.141272601369952 1.6745693615307904 1.8504578213452043 1.5266267460573457 1.7177313013907736 2.1051398109146193 2.2475820842624725 1.808524099562303 1.972503744153009 1.6724730472858567 1.8485609797617282 
2.001662927063805 2.1531898484763574 1.6846943887784631 1.8621941986757555 1.537086794420419 1.7297999490061386 2.1109040522348805 2.2551026512648242 1.8131344759122638 1.9791484728897022 1.6768712704741648 1.8551197556334846 
2.0050904743755478 2.1625846937938777 1.6904865101004385 1.8746011277686674 1.5444024706117119 1.7440079525711916 2.110027040895817 2.2602209760798964 1.8137174376709178 1.98644297454308 1.678393664821087 1.8637033137040777 
2.001240198595151 2.1726956497570384 1.684404141669439 1.8849035430157055 1.5379207952535006 1.755233439310327 2.0992903613252647 2.2633303062419237 1.7997986001642405 1.9886978290210808 1.6635077580682214 1.866253497023692 
1.9891957102852929 2.1796072482943822 1.6701058906001771 1.8928924609753746 1.5227449286789334 1.7642392980594808 2.0831789013086253 2.2657057438814534 1.7810077054458273 1.9914257781442446 1.6436200530710892 1.8695654740761045 
1.982768012208289 2.1918256055709384 1.65997864089765 1.9047990926174891 1.5112697662020536 1.7767011007022002 2.07436375360167 2.2750198850243946 1.7683735692031846 1.9999688935722 1.6295865421193223 1.8783723787514577 
1.971342427559933 2.1966997796917744 1.6489604253279972 1.91268644573487 1.5020642868725325 1.787595054059473 2.061359491136345 2.2778283313493777 1.7555860757302357 2.005338231994266 1.6183970794888038 1.8864008222797959 
1.961863822610736 2.2014157315847473 1.6373152075482624 1.9178432296902708 1.4903753216115765 1.7940290309994453 2.052044368114103 2.282149787702115 1.7443559037962435 2.0099997721166063 1.6072321019407276 1.8922253022060582 
1.9501775177891087 2.2016481603312754 1.622825823953418 1.9177137236537911 1.4758680425058637 1.795062324792677 2.041283227749175 2.2827394697796963 1.73124478913009 2.010291220418099 1.5943121852040427 1.8936455885117705 
1.9375208581426135 2.1995270877481117 1.608058341148632 1.9156680199182972 1.4611088465058617 1.7940934745262547 2.028854642584749 2.2803910837261423 1.7170077791139124 2.0079960277694 1.5802224989974323 1.8923624072406664 
1.928646240088184 2.197021266671374 1.5963037301861729 1.911913106238432 1.44849425218269 1.79035240257506 2.018423262313009 2.276237815485519 1.7036847553013703 2.002440479077041 1.5660433407304826 1.886721461118808 
1.9202777587471063 2.1930357004706535 1.586706046985014 1.9077670173107641 1.4389886616435899 1.786792456089629 2.0070498781940644 2.2694025923927224 1.6906858437802126 1.9950833404043073 1.5528911459464279 1.8797366368613475 
1.91592397254954 2.1913782400557897 1.5811122454114415 1.90559435740926 1.4334708635301976 1.7849965375288575 2.0030491161152315 2.26794613780178 1.6856325298148498 1.993171078450119 1.547992186533902 1.878204922783989 
1.9151820593065925 2.1896159985462837 1.5801803604303657 1.9035403521569592 1.432406765793097 1.782774535237095 2.003396317419457 2.267177254969236 1.6860143700009915 1.992270151523091 1.548374511237459 1.8772212250690754 
1.916589581545671 2.189204521119352 1.5816168164537863 1.9028432844796783 1.4341986905897697 1.7821971538775978 2.006359253221967 2.268210365946997 1.689281972611266 1.9932321475907941 1.552123613952642 1.8784005228356944 
1.9218506913260067 2.19011130469441 1.587863926081278 1.9037828907074068 1.4409481655320742 1.7830897517932882 2.011755917414001 2.269413871124051 1.6955717735472744 1.9945027165813163 1.5588404046759403 1.879643810526412 
1.9307065194070898 2.1920969744701164 1.5976951286403296 1.9053323084126401 1.4513089623099003 1.7843652051867185 2.0198683517895515 2.27101951553945 1.704367982145006 1.9956281467149732 1.5679726396085614 1.8804785773736001 
1.9362439571851193 2.1931197462372842 1.6053030769720371 1.907283809121204 1.459700926949041 1.7864658842910743 2.026039437285437 2.2727888949561263 1.7125399582596283 1.998381011778257 1.5768709318888119 1.883415911432175 
1.9448617193559674 2.1965848878238807 1.6132352617694201 1.9091951371759381 1.4672028463086657 1.7875072738918434 2.034461723630172 2.276297996070868 1.7201963281312542 2.0003933286522053 1.5840554250771182 1.8846033141529412 
1.9473779523706332 2.1960027279990433 1.6153545915925829 1.9077519620168761 1.4695163639031856 1.7859522490199005 2.0371223969951435 2.2759645762487692 1.7224857699090694 1.9992759488222829 1.5865261153662866 1.8834044193266724 
1.9475121527818022 2.1945143059986667 1.618107829915179 1.9082354160933108 1.4734179017620255 1.7871904675307582 2.0372091822227802 2.2744913071130455 1.7250190190640826 1.9996949942760796 1.590087412733278 1.8845337444930006 
1.9395063808623163 2.191780379510146 1.6085966882365634 1.9052032794443852 1.4626185864420154 1.7836673905203402 2.028792259913676 2.271170241194094 1.7151957141637333 1.9960241903558282 1.5791029611414322 1.880367621632972 
1.9352423740484008 2.1904612112321207 1.602932526812183 1.903247213872252 1.4553174240393367 1.780703814875593 2.024513113973948 2.269715977881922 1.7096441114607712 1.993950917011873 1.5720811388260119 1.8773375771694578 
1.934049604262675 2.1879424553558553 1.6025479259443722 1.9012375367503687 1.4550644515445388 1.7786952730438708 2.023450021505006 2.267354031846066 1.7093747315110894 1.9921110132039854 1.571946142820615 1.8755156603261434 
1.934043227109159 2.187699442411322 1.6028124944380768 1.901187402211263 1.454666044261297 1.7780773173084488 2.022774929523008 2.266522459960812 1.7088309171789964 1.991383626905376 1.5707159232359014 1.8742076078990848 
1.9440951314824617 2.1929354087737765 1.6110690493749207 1.9039441453608377 1.4609804801754915 1.7787421933079033 2.0316992152367956 2.2709604857843324 1.7157620181114308 1.9933136054303673 1.5756775635877442 1.8740916763045 
1.941397208499085 2.1875483139734397 1.6127682031736736 1.9019373759322464 1.464867718658596 1.7782524955607513 2.0299813779362705 2.2665323513173243 1.7183778835774277 1.9922768521387884 1.5803919471979222 1.874562138625455 
1.937918261828731 2.1850736554014123 1.6077681516715305 1.898404098059549 1.458958940316447 1.774142294047828 2.0270405633359414 2.264489597107765 1.714142551075986 1.9892974577496674 1.5754134204739054 1.8710818088499737 
1.9356920919795715 2.1830566027824956 1.606241853692105 1.897062241612607 1.4570783061154433 1.7725432141847064 2.0253261239001117 2.2629136448729654 1.7132002001378153 1.9884383776602808 1.5742043143608297 1.870013764482029 
1.9369257741547559 2.1839223158310825 1.6078280013064208 1.8981428051611395 1.4584465670654514 1.773387046300102 2.026653216163288 2.26388128787377 1.7148622935340903 1.989620042315869 1.5756611923205446 1.8709739228500755 
1.9397498363026506 2.1865969373060414 1.6085824418525025 1.898977148634538 1.458319936446101 1.773491972306658 2.029523108652907 2.2666143887649173 1.715771573769702 1.9905900713497393 1.5757638332428372 1.8712585061813773 
1.939620936168931 2.1853272020511803 1.6109249119759868 1.8996327739920789 1.4616958808263916 1.7748465995755351 2.029077221759892 2.265100433946548 1.7175866987913129 1.9908866547005735 1.5784738971122838 1.8721926844918606 
1.9412374300977226 2.1879025668005445 1.6127793515581756 1.9025173109888933 1.4636385460940857 1.7778505773580662 2.0300661956971773 2.2670870386274125 1.7186690303000196 1.9930725319246185 1.5795581003915018 1.8744382289935324 
1.9433796486443429 2.190932122263264 1.6153270018064485 1.9059749285772387 1.4664120385365806 1.7815227678491818 2.0313664790049604 2.269341066835263 1.7201763386423528 1.9956116209385557 1.5811671575216233 1.8771117935874277 
1.9453428136209718 2.1930236777806935 1.617512406291451 1.908229696159967 1.4691117678743029 1.7841758812703303 2.0322307806218167 2.2704528478932917 1.7210315708047774 1.9967332962884052 1.5823693215260335 1.8785331667305638 
1.9468360162034732 2.194724033947551 1.619158721925374 1.9100570876251344 1.4712461995148909 1.7863953903845056 2.032487848093319 2.2710460065456646 1.7211947436147401 1.9972867737625988 1.5828460943019729 1.8793735311126976 
1.9497901318853166 2.1977326419738503 1.6217774372574554 1.9127229969855437 1.4740739715487008 1.789201296891258 2.0338827777817876 2.272669435038312 1.7219638937438149 1.9983760553402756 1.5836324286138372 1.8804889992120029 
1.9507737449181544 2.1989451987400686 1.6236077892958016 1.9146655156089274 1.4767998588373443 1.791864840400079 2.033432127773632 2.272594992835723 1.7220424698194872 1.9988176632854733 1.5843818471132518 1.8815173718735632 
1.9522691425979795 2.2010670051455157 1.6243937572953948 1.9162453482631732 1.4780108498723037 1.79383868514988 2.0330238614291396 2.272999599018937 1.7206063741426305 1.9984562669070969 1.5831447464904307 1.8814059754184502 
1.9521402202663003 2.201441405439027 1.624478863014647 1.9168788168221171 1.4778817926956676 1.7943320247884336 2.0310851747529837 2.271739379660739 1.718542150749105 1.997218051666207 1.580692930553357 1.8799156796785752 
1.9528095797619285 2.202506130618019 1.624551854146232 1.9174818714684005 1.4776443817136653 1.7947147181125918 2.0299230724561856 2.2711573438865833 1.716476376793447 1.995960709204958 1.5781493415041428 1.8783299349927742 
1.9524521018722203 2.2026610663706863 1.6251037820721637 1.9184912993561503 1.478357830467729 1.795880964347373 2.0279459537189966 2.2698483108801013 1.71506789475089 1.9952705197053482 1.5767173037692108 1.8776804891155603 
1.9521951904612511 2.2021536384321694 1.6248234602134597 1.917932705404452 1.478080840840595 1.7953098778929615 2.02635593809677 2.2681562938783655 1.7132144066228372 1.9933685531431562 1.574730230312494 1.875683844324528 
1.9520701372586717 2.202187292256744 1.6250901946590812 1.9183245789430656 1.477377534950728 1.7949081954732642 2.0262029224480678 2.2681599000813613 1.7134289022124876 1.9937125300145682 1.5740282217727515 1.8752642193400615 
1.9516003983073098 2.201929545710591 1.624403704955529 1.9179251826578767 1.4769728090500684 1.7947697034085597 2.0254153403371986 2.2676103965349186 1.7123815529470205 1.992987755224113 1.5732170431549646 1.8747697123842304 
1.9504266380026294 2.201416243382936 1.6234027512081652 1.9176824291394652 1.4748677890001667 1.793684588056172 2.0238569411473333 2.2667303158140006 1.7109264568152076 1.992319940930733 1.5706902441379842 1.8732691342757557 
1.948397226940944 2.1994497089388427 1.6210252845502318 1.9154765050376263 1.4723179929455321 1.7913814614847279 2.0218538434395206 2.2647781861434377 1.708614697183411 1.990148600389217 1.56823514902299 1.871012760734453 
1.9462678622348055 2.1973545387051314 1.619576778657943 1.914010793900609 1.4704918946964787 1.7896242034483216 2.019070598599276 2.2620907274749262 1.7063752320424834 1.987995173466988 1.5655778175894164 1.8685401467798437 
1.9463920457194022 2.1980629644393175 1.6191716146350144 1.9143551179548062 1.4694347755649992 1.789490810157951 2.018859214932968 2.262483442971409 1.705598795649129 1.9879904556410124 1.5641576307136567 1.868054574609575 
1.9453582867066543 2.1965598156340405 1.6181478932589104 1.9128143570295184 1.4680633587343055 1.7876426335423559 2.017331180262242 2.2605488826517885 1.7039978966120382 1.9859670167599082 1.5621831686643695 1.8657096270476416 
1.944426245045795 2.1958830990339373 1.6180798143549315 1.912927454929457 1.468179917047938 1.787920980083541 2.015675549309186 2.2592160326721498 1.703037516698587 1.9853075191221357 1.561315716465728 1.8651584191920239 
1.9426904515987333 2.194086184982917 1.6160224400462049 1.9108889353211742 1.465944058527777 1.785765936267374 2.014672314366009 2.2580683184245975 1.7018774545403939 1.9840249158397407 1.5600802307166417 1.8638182107364683 
1.94180239761057 2.1934764310942936 1.6151671793861337 1.9103683727925773 1.4647509970524544 1.7850035814435108 2.013619458727532 2.257300517646279 1.7008326756521817 1.9833240010059274 1.5587053142163079 1.862875347135755 
1.9404930537778924 2.192551314875036 1.6138060817087814 1.909486330393661 1.4630007405877312 1.7838551352506877 2.0124231992203456 2.25646074846434 1.69961875441531 1.9825417743291691 1.5571464311233707 1.8618466597870647 
1.938644248989742 2.190665229271921 1.611623209854276 1.9073547108865196 1.4606373735260234 1.781609990862478 2.0108731808199645 2.2548355975416476 1.6978217797345516 1.9807249729179968 1.5552269809069672 1.8599471994497585 
1.9375853855008016 2.18950991582735 1.6101951056025137 1.905897380108984 1.4593770691998316 1.7803083933707355 2.010667772439368 2.254440382118429 1.6974321910245163 1.9801496379128243 1.5550978088616452 1.8595821413764677 
1.9366595142549348 2.1881755131511182 1.6090915151582148 1.9043732581492945 1.458171092209059 1.778686295093702 2.010022572787221 2.253364760821949 1.696677981561074 1.978933595478676 1.5542855603505297 1.8582964255775125 
1.9366120574713046 2.187914700198168 1.6093768176357082 1.9043629421261168 1.457892074586881 1.7781883407961148 2.0105008061931335 2.2535789238238895 1.6975691360599248 1.979455845908981 1.5547014284753327 1.8583866674896372 
1.937740155453708 2.188673177899743 1.6100997866150284 1.9046980580810597 1.4579896486799073 1.7779727740485116 2.0117932358912434 2.254498922948902 1.6984982887179367 1.9799873248022977 1.555059140218712 1.8584031584071738 
1.9382880046548912 2.1889937040542256 1.6117023218290154 1.9058639567369544 1.459831592817829 1.7792811264072463 2.0115128452856172 2.2540889454830833 1.6990608911834322 1.980288100087722 1.5557415650258366 1.8587804777727355 
1.9392205744817066 2.1896490694385617 1.6130030888045939 1.9067683591074087 1.4609823724101396 1.7800157592822488 2.0123130595643315 2.2546375452593614 1.7001783370261956 1.9810585525150841 1.5566942235690218 1.8593771851061203 
1.9397734296448774 2.190248338421068 1.6136866605249762 1.9074725329493607 1.461757954777825 1.7807872259077584 2.01288108624336 2.2552510044241747 1.7008685861512787 1.981772129422616 1.5574676970506482 1.8601538788380518 
1.9403577423511367 2.1897331080526685 1.6144378068857281 1.9069222187865975 1.462641000485765 1.78024200953185 2.013762547894364 2.2550349255614646 1.7019579499217952 1.9815659917100918 1.5587078389813787 1.8599766244504257 
1.9431895130374288 2.191905245118648 1.6170456411550789 1.908742970014203 1.4651237652767222 1.781867213789692 2.0178701808933694 2.25837622794313 1.7060630671046837 1.9847202092331906 1.5628186814018574 1.8630258589022968 
1.9482858934129996 2.196021752640918 1.6242749920109247 1.9144092731890139 1.4728846040583388 1.7877591203716705 2.027860623112962 2.2669169200418637 1.7189153655640204 1.9953354729398485 1.5766387795472017 1.8741620679045046 
1.9526402978776094 2.199440438678793 1.6290885811691025 1.9179842845277852 1.4791737550725945 1.7923975865012651 2.037487682891742 2.2751022325019945 1.7298790507823256 2.004299289211958 1.5894989533609514 1.884473675362848 
1.9572274896664414 2.20263439769427 1.6350548518951895 1.9220466207420672 1.4848359408049092 1.7959946031951208 2.0473426846295175 2.283083641022816 1.7419176188057803 2.013736783769418 1.6017522883098998 1.8937975701499883 
1.9608072952624003 2.2044881871205955 1.6391669443818861 1.924024737251122 1.4896472112397114 1.7983469442669424 2.054619912576107 2.2883325595625843 1.7503045470872347 2.0195467128923386 1.6111320709222596 1.9001972181734845 
1.964814983616577 2.206215209050153 1.6439814337893872 1.9260224773984882 1.4949680630181401 1.8005046898700958 2.0625929205309053 2.293725612322496 1.7596779792405794 2.0256737692491873 1.6213331383229697 1.906727241695626 
1.9688856324542596 2.207230951686934 1.6478610609164868 1.9263447034434957 1.4995648697154818 1.8011253812227537 2.072287557450657 2.299942077784745 1.770116143976098 2.0319126466373523 1.6329604666264304 1.9136137870439818 
1.9761149214506835 2.21010896807828 1.6547614422568713 1.9281563470787426 1.5066528063160538 1.8026519760563993 2.0849577703013655 2.307942887495278 1.7833267092543756 2.0395601535478285 1.646821605378081 1.9213466287841037 
1.9780081108893892 2.206234156735003 1.6591021032908766 1.9255058703478962 1.513230918116667 1.8013386353332372 2.09061451370266 2.3077309445652907 1.7918629264829968 2.0410109786339246 1.6577155273762172 1.9243112631027781 
1.9830437327747867 2.2041047549736286 1.6646970540303603 1.9227146451039896 1.520319636555866 1.799162894820077 2.097487573764708 2.3076111992485564 1.7995021416206651 2.0405448494207032 1.6668423660614582 1.924572367591658 
1.983007102949712 2.199094473902613 1.6641620580787828 1.9165423789598313 1.521069314906132 1.7936976321412172 2.099777780082695 2.3049438302329643 1.801717211698054 2.0371264677798013 1.6704494653023807 1.9220043576769044 
1.979391045318494 2.1912132279372174 1.6593054107930343 1.9070188636421612 1.517042511694066 1.7846132584644328 2.099846295681434 2.3006044782810973 1.8012939797509568 2.0317693032150674 1.6711623312793527 1.9173445275920131 
1.97573467697063 2.1828270252093365 1.6537276064044648 1.8963178278928459 1.5115102376709992 1.7736599185819812 2.1015590859988307 2.297336914809023 1.8021759276897027 2.027077793905365 1.6726285531295466 1.9128231975131 
1.9698804292059986 2.172209406610884 1.6470546703035724 1.884370952803298 1.5059987213038428 1.76241225295582 2.103529525138359 2.2941014066358987 1.804770524119011 2.0236752322269522 1.677033006928847 1.9106293484422374 
1.96770606936699 2.164442564593408 1.6434507657437414 1.8745332377484507 1.502401964663149 1.752186092692123 2.1088006698035 2.293465653757145 1.8100009693267265 2.022139448446543 1.6829690291160113 1.909274520063495 
1.9677107197728125 2.1569581131094875 1.6422885312602167 1.864857754604581 1.5017842997943611 1.7423945902432203 2.115241545637008 2.292341514999203 1.8164451380619342 2.0199147914179054 1.690478453807927 1.9074328894587196 
1.9672887630890006 2.1483814303740965 1.6415551863328415 1.8547293934092515 1.5017020017887204 1.7321739506112686 2.1203664802048374 2.2893823847003474 1.822205356916791 2.0163705154996316 1.697303106453367 1.9042467088526764 
1.9732127840530045 2.1436747748084852 1.646030319997238 1.846940351865812 1.506149812452337 1.723444256873488 2.1303779364728244 2.2891664424436704 1.8314904519025508 2.0139836455170657 1.7068768902912155 1.9013683408561872 
1.9830610610616708 2.147651387609041 1.658675722345703 1.8523175922878452 1.5204082122571687 1.7296000817238186 2.14307923515185 2.2962281940040365 1.8470145067484012 2.0227055887941376 1.7239195364456659 1.9109615063990797 
1.9925493792417819 2.151268474904239 1.6707387230554065 1.8571674407863203 1.534354826210942 1.7354964002027808 2.1548697532326195 2.3024262584927255 1.8613378267785807 2.0303402492677947 1.7399584355371278 1.9196766341748317 
2.0018899157348784 2.1545164926546745 1.6819242886411383 1.8609802242691886 1.5465889533812787 1.7396308439209163 2.1660390276079977 2.307835165587222 1.8743081782676507 2.036518899868351 1.7538811889979888 1.926259927299792 
2.014323679158432 2.1625698589452225 1.6945657251397364 1.8683579708445488 1.5589400851919744 1.7462825371681294 2.179287119867036 2.317002559605483 1.8876825642089192 2.045129329313518 1.766942742597609 1.9342427887983347 
2.0247224810022826 2.1669382105348642 1.7077964056280361 1.8742168087700102 1.573339760215841 1.7525747014823763 2.189338443739578 2.3214915258161164 1.9000711195205404 2.0509486445145426 1.7801965333176109 1.94041742427655 
2.030985431054945 2.164273942817184 1.7166849745825352 1.872481556746939 1.5836522543656608 1.7513235969281749 2.195404449270667 2.319262937719102 1.9083778914768008 2.049655106372153 1.7896517363658886 1.9395961476238914 
2.0355223542531506 2.1674346351999385 1.7214051917733635 1.8755419156777835 1.5880686678680773 1.753962296363377 2.1989919332785854 2.3216345892117243 1.9119231423423617 2.0517971989025354 1.7928124167977781 1.9412877182489694 
2.0426278261721125 2.173457256872702 1.7307686339463777 1.8833873938870385 1.5978935171821087 1.7620589387000112 2.204752096824632 2.326482284405495 1.919417473207069 2.05809412993007 1.8005185543205628 1.94767940782168 
2.051456325681344 2.1794400614327523 1.7413474779543572 1.8904435892609965 1.609076549384149 1.7693539123018887 2.2127344056569465 2.3318832464722585 1.9287331419296967 2.064339472562107 1.8102065726258978 1.9540557210013227 
2.0583204332282667 2.188441304089511 1.749638491873393 1.9010068879004622 1.617823469555625 1.7804339679541616 2.22023244973246 2.3413723468182077 1.93752005854004 2.0752292193502386 1.8193685453049364 1.9653738166682184 
2.0610719665950143 2.1963899122614454 1.7530190617000831 1.910284488206885 1.6211876171140216 1.790072703854187 2.223079659779163 2.349083687083932 1.9409125052211498 2.084047107942582 1.8227218142447958 1.9744431638626219 
2.0622415559874065 2.202709820707521 1.7544873584159446 1.9176329705763198 1.6228760970700626 1.798003655569521 2.224968680489988 2.3557537961683006 1.943160128440618 2.091640887858468 1.825204706426476 1.9825394168493498 
2.0635421094613045 2.2077612591763653 1.7567431292935258 1.924097233073217 1.6256545534399396 1.8052026110993773 2.226317295490472 2.3606127255863063 1.9453609138152257 2.097720864414522 1.827849936345982 1.9892307884707618 
2.063543737802582 2.212549900052934 1.7561288771113155 1.9290290136294606 1.6243246067902344 1.809860417442254 2.2264249940710443 2.3651918646537426 1.9449277954269277 2.1023578267802674 1.8267966292459186 1.993577243806783 
2.060481303240437 2.2150330430951612 1.7532743895361644 1.9325525260658274 1.6215970427339248 1.8139363687856886 2.223698809552096 2.367620023695401 1.942478900684229 2.105709491027528 1.8245081977353268 1.9974028999186444 
2.056997566896045 2.2155472893658237 1.7485225625699685 1.9325480467549183 1.616195914305023 1.813697889566024 2.221261049767958 2.3688417955651344 1.9390958750964968 2.1065383011035546 1.8206731981375046 1.9980644873517597 
2.056388527024329 2.2181421192694777 1.746448443349328 1.934296474813851 1.6129308219751057 1.8146532791906256 2.2210824782338205 2.371629832481724 1.9376676098643157 2.108548423327596 1.8182462532663968 1.9993599287565234 
