1.5806542772716559 1.781617948948983 1.189861659125623 1.4461899389835278 1.0282996019921335 1.3164705250088893 1.6852025564000253 1.874993927418748 1.3255981592085817 1.5597772441785334 1.1827255739592257 1.4403243923009774 
1.5797254084552228 1.7838551837912797 1.1934608612430573 1.4529128597197496 1.0380230096288907 1.3281937807183937 1.6897399903650916 1.8819745443706246 1.335678739906801 1.5718284406572558 1.198824690035628 1.4573220605133994 
1.5775669937467063 1.7826441946050313 1.190457467261649 1.4513068890345076 1.0350999289725702 1.326851373650802 1.690400743332486 1.8832305694893072 1.3363854364138439 1.573222406228382 1.2000703797107153 1.4592023920824075 
1.5802875260752458 1.7846296146565037 1.194060311152255 1.4537448961592334 1.0392415062289515 1.329517621059992 1.7019446843505286 1.8932009679453 1.3509578343490296 1.585143926155925 1.2162770867647799 1.4720476039276107 
1.5897589356650084 1.7925538131466905 1.2063521734248006 1.4632844104365836 1.0530950475274015 1.3397480653565952 1.730039286342001 1.9180593400066486 1.3859971230441785 1.6145908845855472 1.254875148326215 1.5035382726710815 
1.602335895253358 1.8021952170110151 1.2212512843871977 1.4737306329914501 1.0675933486198665 1.3491415185284974 1.7565553802705396 1.940596321484038 1.4175546488080732 1.640087943177859 1.287541083133808 1.529113900191016 
1.6163314623174416 1.8146097224685092 1.2365932243374294 1.486419809904739 1.082390746854961 1.3608272402025323 1.7813240459044053 1.963006980455556 1.4455970264625062 1.664341254586102 1.316114618609352 1.5532027356778766 
1.6258866938792444 1.8251761614522528 1.2479088890354055 1.498344778191448 1.0933307502003133 1.3722727893292863 1.797560596050542 1.9796425372964634 1.4645795131960504 1.6830786165457572 1.3353234381503156 1.571893496224722 
1.6471418210374995 1.8458320507594213 1.2722833413240662 1.5207645056387695 1.116142617504918 1.3927649204408943 1.8196770474154829 2.001310655018538 1.4889100976522156 1.7061280901183036 1.35791116089777 1.5930921197127084 
1.6644779760605817 1.8611618539156476 1.2888883213027924 1.5344932774276756 1.1316559533668924 1.405020181517237 1.8325159093526937 2.012846509724656 1.4996201952596964 1.715312579010231 1.3668477684185354 1.6005340782722277 
1.6795382862069803 1.8762074574297694 1.3099425662352835 1.554109100196984 1.1518405613777802 1.4233911083448147 1.8428399272739562 2.023700710588174 1.5136577121512909 1.7292961683977328 1.3791108808051222 1.6128398525690886 
1.6971405937851525 1.8925739330640217 1.3294469681312677 1.5712985515532751 1.1693546455517332 1.438381098357949 1.8578818212398278 2.0379584781671634 1.5293357733648356 1.7436793870242946 1.3924183831354064 1.6249242599990377 
1.718120714084214 1.9103524798542415 1.3474856741966683 1.5853155683602083 1.1799637690053242 1.4456217711715778 1.8784813678727956 2.055772375182926 1.5467614888680317 1.7578335850032136 1.4032348190681594 1.6329653292600093 
1.72019107710895 1.9125086747215683 1.3510771578874576 1.5887232533343403 1.1845452930830673 1.4497515788869657 1.8793843906783014 2.0568708702894427 1.548689069092066 1.7598494031721152 1.4057652355657577 1.635484022130834 
1.719540581120507 1.9121565747135485 1.347501383940013 1.5859643551543805 1.1785379371578373 1.4451555713556412 1.8828636233461653 2.0602665798920903 1.5505210716788889 1.7617146618622013 1.4061675872100916 1.6361021482231024 
1.7235771856276265 1.9142101999561203 1.3510577188321933 1.5870851692382641 1.180782420438266 1.4448977469759063 1.8883064351254142 2.0637789532156905 1.5557441427612864 1.7646025650372523 1.4104006531961228 1.6378987689524802 
1.7291707212751117 1.9190723135971428 1.3572060704679632 1.5921103853737937 1.1866915235709279 1.4494978211832847 1.8950233212061243 2.069763404211962 1.563038810239557 1.770846544400471 1.4175044185875012 1.6438144476232985 
1.7384608647269602 1.927026459114459 1.3670906125737277 1.6000379804639668 1.1957754085894265 1.4563871819427723 1.9041166133898444 2.0777018249323485 1.5723710256129786 1.7786330251424012 1.425935737327321 1.6505991405932603 
1.7440072588717084 1.9326928783325121 1.374297429597105 1.6069952918279538 1.2035960829934642 1.4636884825526264 1.906799061358383 2.0807746402138823 1.5757584733699546 1.7823454236923915 1.4293232218071636 1.6542990404873026 
1.751718841178064 1.938612492397132 1.3847722428393126 1.6147116342177696 1.2151644788003886 1.4718438122566606 1.911068602227094 2.0837184789597223 1.581536742670944 1.7863252686893896 1.4353706888529596 1.658308931278554 
1.7640327846378734 1.9461267276509127 1.3997209333568066 1.6232117132639383 1.2314954312855773 1.4806007470203608 1.9197924075215138 2.088348740698557 1.5915432491695758 1.7912586325757793 1.4458119587198226 1.6631204991753454 
1.7705056036192741 1.9517094730638702 1.4080282655001106 1.6300378435015705 1.2405334257678227 1.4877509721883062 1.921445505364971 2.0896010635734394 1.5936769854921198 1.7928430240506974 1.4478210932595401 1.6645316737410707 
1.7775419869571043 1.9551577772127269 1.4167629494715799 1.6340757856952077 1.249750901018043 1.4915977115145391 1.926660736952775 2.0916519819786967 1.599869786862484 1.7951517354573152 1.4540438076328408 1.6665022690999884 
1.7887555982981804 1.9631191292336492 1.4319190602974319 1.6445614370898645 1.267037852648089 1.50318829331627 1.9304581314504288 2.0930501003088966 1.6054327149037046 1.7976663559189954 1.460276318675024 1.6693103522122783 
1.7995064846054682 1.9712544910683476 1.4438726578674208 1.6529939299819374 1.2794471134584384 1.5114911830894449 1.940403249960464 2.100663098375637 1.616078412842994 1.8053614920223402 1.4710289257717302 1.6767667640065895 
1.8244736957670753 1.9929718309263607 1.4735408343666523 1.677663566650349 1.3113401216107017 1.5371549586381883 1.958886247393138 2.1167115492069226 1.6370258563095361 1.8229333796236138 1.4926968808924235 1.6945136265447882 
1.8385457534243663 2.003795136174048 1.493155155981712 1.692470614266248 1.3342323007013321 1.5540657298051361 1.9725508393130886 2.127416572746102 1.6553605788693806 1.8371616984889412 1.5135660403414086 1.710504784791545 
1.8406546788545237 2.0022268646756913 1.4926486910150862 1.6878693331028474 1.3317892411297856 1.5474383198140889 1.9878716070936397 2.138348965236743 1.6708153681029663 1.8473025645868224 1.5288186492481868 1.7199387294694688 
1.8459704124073604 2.002282196965103 1.4943248895348695 1.6836074685874376 1.330873768425616 1.5403740520676787 2.005887436832735 2.1506072728518797 1.687893515966988 1.8575553165500616 1.5450574854170962 1.7287943388510387 
1.8394665862362194 1.9923488711467003 1.4894906357139446 1.6746340066890826 1.3263481390191378 1.5313445361379425 2.0096132838234153 2.1504330384830705 1.6951373344126224 1.8599213115074333 1.5537398799411473 1.7320289596307363 
1.8342996381281766 1.9815618694446964 1.4862251423109354 1.6645712521959402 1.3240303262528241 1.521508654210406 2.01343334034111 2.1484520232011604 1.7023876841651435 1.860122605420718 1.5627907596339186 1.733276446040031 
1.8397655123280385 1.9752781124215522 1.492074041176124 1.6562824111279 1.3290578423649024 1.5110861091981656 2.0381999661838015 2.1613064528686463 1.7308399423839427 1.874244751149553 1.5924561878279886 1.74725590318409 
1.8505230217216022 1.979083938755921 1.4994078485594402 1.6554641883899661 1.3338330700359957 1.5071325228531331 2.059289316536569 2.1755482692695307 1.750560176515406 1.8859476966028643 1.61100828489541 1.7571811166529334 
1.8470697099437394 1.9702582323471332 1.5010710567430343 1.650292491085035 1.3391505223057076 1.504518231904037 2.06760799082216 2.178360344950222 1.7653754863234195 1.8938853176609323 1.629926505003109 1.7683074960118363 
1.8531097980519773 1.9685691239162115 1.507701630043637 1.6475474734393059 1.3462145471046731 1.5011802286322053 2.0837772905942322 2.187093109311133 1.7836132087412448 1.903293080530752 1.6493651748464437 1.7781040329508957 
1.8593797358865993 1.9627104962947848 1.5162456039262637 1.6413227048529244 1.3572435819062547 1.4956769807233512 2.1032474790061486 2.1951285720854075 1.807030073669423 1.913190313896064 1.6758481722237608 1.789806298565775 
1.8664276545169705 1.9664891850365513 1.525579181408071 1.6464869765855181 1.3684418759836752 1.5020521606341506 2.1179107995252586 2.2065977612754253 1.824660462646604 1.9268921426135195 1.6954725397793147 1.8050359161151668 
1.8746030409091199 1.971121636902634 1.535271179103457 1.6517389442238501 1.37993686297081 1.508446118449618 2.1328911898982845 2.2181994442397914 1.8417779074431642 1.9399303613340662 1.7144427703326002 1.8194773862913824 
1.8832630796237684 1.9740407812084328 1.545547487680013 1.6549544451355753 1.3925804559428514 1.5130887300730251 2.1485888120517616 2.2285849909918176 1.8596965055820265 1.9515707191065355 1.734656848622805 1.8328097449746388 
1.8857847607702742 1.9725355782021778 1.5456707663514246 1.6503970919973776 1.3909816936082948 1.5065000880429447 2.154400718546436 2.2307296786911226 1.8639625559740731 1.9516835945904245 1.7378401434175124 1.8316115328839246 
1.8928186681754278 1.9761885252053764 1.5529661752251402 1.6535605576916137 1.3997164327796543 1.510551114247181 2.1694016011594996 2.242512404352181 1.8802246509163207 1.964129149132867 1.755775295621111 1.84534697693236 
1.8971633720176893 1.9744039841444632 1.556544879701684 1.6498103512239006 1.403323891667754 1.5061076247750458 2.1777460652623226 2.2453552407682684 1.8884334849725393 1.9660171056340099 1.7642752080005912 1.8470812765131723 
1.8976802651250657 1.9710927327614853 1.5574622676152188 1.6461181268502998 1.4056879317420137 1.5033212344489584 2.1817823266735705 2.245927490700699 1.8933231228147875 1.9668982230621745 1.7705768251575922 1.8490425809821522 
1.8989080520179935 1.9681715325496327 1.558609239167653 1.6422880843319694 1.4076006716461777 1.4997289896307167 2.1839664005883357 2.244450184436886 1.8955527450584881 1.9649345029335632 1.7734703548970785 1.847442689562729 
1.900378923771204 1.9663263529317305 1.5602952575438407 1.6399757812339182 1.4098644642354101 1.4975703922800423 2.186753800754397 2.2443019978233325 1.8986767555099526 1.9646813212920309 1.7771240639622772 1.8474764439726423 
1.9039751785498151 1.9688927956325606 1.5645317956928202 1.6429172529052705 1.4149077987394798 1.501126723196213 2.1897595834369126 2.2464337055461483 1.9020213701359403 1.967003470412241 1.7809799638552366 1.8502180930403311 
1.8943837936737635 1.9566332556444503 1.5544678719529073 1.629752773979477 1.405050195592243 1.4879145780231473 2.180400551700031 2.23469691573909 1.8925715238938263 1.9548786950636605 1.771898038898909 1.8382998666196437 
1.8885509024706668 1.950010932518782 1.547411840468713 1.6218512662210336 1.3978227272521968 1.47980623817538 2.174188181235187 2.2277819402138017 1.8854583369098268 1.9470159901610387 1.7647600723675638 1.8303814462408565 
1.8794272662990286 1.9407092659510439 1.537159718867314 1.6115103496249226 1.3874578311819932 1.4694028851707894 2.164519863828521 2.2179386480577503 1.8750358377663718 1.9364568155650257 1.7544054904463335 1.8199022585150664 
1.8704521476356994 1.9304533473655872 1.527732151456858 1.6006325050913466 1.3782072037959314 1.4586000090343478 2.154238654790829 2.2065364423809095 1.8644351615958654 1.9246239532841214 1.744020654062044 1.8082220360218486 
1.8729004963198126 1.9328361876669735 1.5308699386672273 1.6036403051666543 1.381316469573501 1.461552136721438 2.1557760354533584 2.2080465969437784 1.8663270921880226 1.9264673042320235 1.7457517678739436 1.8099029516178484 
1.855132598415353 1.9126579953988898 1.5104552355178553 1.5805754231175744 1.3601834432543647 1.4376517829305187 2.1285596852480553 2.178878147883286 1.8359532658712476 1.8940612566977078 1.7144527917861432 1.7765393395372082 
1.8484133443538355 1.9068360185672313 1.5024086433408625 1.573729151317129 1.350943955752914 1.429839599992017 2.121192834017061 2.1722915893602615 1.8275827967797604 1.8866506272241639 1.7052497527005628 1.7684084452425946 
1.8464612569873184 1.9045403132649066 1.5002145329102727 1.571145529876589 1.347662641745028 1.4262009771596666 2.1173687161557826 2.168203152716827 1.8233142217827367 1.8821076968790036 1.7000075595582471 1.7629181302179597 
1.8430239055474582 1.9002647210079457 1.4954383552722612 1.5654407583512722 1.3406622812697484 1.4183244501549728 2.1130520429415376 2.1631592242984348 1.8178524951654922 1.8758615587690384 1.6928163433105807 1.754963266187474 
1.8348511972166959 1.8894990085833712 1.4833555595094328 1.5504422928434138 1.3243898655333868 1.3991197602198113 2.104104174770713 2.151925176626163 1.8058015334713677 1.8613024380249286 1.6776721903541056 1.737271298847 
1.8307027462840069 1.8835400654830268 1.47762438165178 1.5426031395922302 1.3167519892720136 1.3892755069746985 2.0997745289415732 2.145997135464026 1.8002650750352864 1.8539700573147901 1.670753221870844 1.728486899406474 
1.818612430029116 1.8700403852153584 1.4631379304277525 1.5265885087791036 1.300506407618358 1.3715016543688188 2.0872908088851454 2.1322482952359008 1.7861143170739118 1.8384515836258528 1.6555206632526234 1.7118552912370852 
1.810849725784674 1.8612521920803287 1.4542301107370967 1.5165316376930051 1.2907672836628719 1.3605745748483722 2.079213203159895 2.1232547038317917 1.7772833285085496 1.8286112279387954 1.64621717746913 1.701503449465745 
1.8007857600926704 1.8493613527340018 1.443011360784293 1.5031932166511852 1.279056582388964 1.3465859795000603 2.0703190589309024 2.112706573333395 1.7679574201242907 1.817410657668249 1.6368803844424726 1.6901732018364677 
1.7832709076801951 1.8297860584304788 1.4239873799225005 1.4818238585022672 1.260255127416091 1.325256532006746 2.0526008249093506 2.0931392777038385 1.7495299581369126 1.7969187415869832 1.6190608396285011 1.6701556489939933 
1.770046286121794 1.8151975702500143 1.4102799491638374 1.4665496578846404 1.2468642648715038 1.3101713090438043 2.0483508750537722 2.087491238631088 1.7468734892182534 1.792608532658917 1.6178219764033233 1.6671011701038287 
1.764685332082636 1.8095191138232287 1.4028665770013922 1.4588624797737457 1.237703609297316 1.3008287075905123 2.042871465610992 2.0817225864729436 1.7398977373994147 1.7853540933471999 1.609695538978599 1.658723855930095 
1.7564373187693505 1.7998840998057803 1.3917389147270636 1.446183918017921 1.2236537250242263 1.2852389492750618 2.0348649825002307 2.072483103664217 1.7298961382134086 1.773993057194324 1.597789686099414 1.6454308247306126 
1.7518304941774248 1.794459302723224 1.3855548839111065 1.4390748573753627 1.2156121553891768 1.2762785828845988 2.030574870407373 2.0674642471225275 1.72455401780574 1.767840679792701 1.5912376115244133 1.63805105083142 
1.7443911585904008 1.7857772803371534 1.3755141340489236 1.4276340965977101 1.2034434227533757 1.2626860467148435 2.0219216164254146 2.0577334627614823 1.7138569490387348 1.7559628761931045 1.579095494442423 1.624697683068564 
1.7401057862912819 1.7814834257226195 1.3702560386600746 1.4224333587639175 1.1970409665021495 1.256432299857179 2.014052428275987 2.049907859510861 1.7047113092381359 1.746927501782601 1.5688677802301887 1.6146396379639638 
1.734597928515496 1.7743294546420203 1.363928847121524 1.414113482012759 1.1899667837424075 1.2471711937060805 2.0039688759085683 2.038456841733533 1.6933290235539726 1.7340064077189132 1.5566252691030844 1.6007802061526903 
1.7318653564755462 1.7704166917198252 1.3598966743691119 1.4086648339190448 1.1853068450659392 1.2409552636256354 1.9945391588535357 2.028103573676692 1.6817097871512106 1.7213847500080188 1.5439498567635446 1.5870724021166045 
1.7290781706232516 1.7647223636271656 1.356935312874512 1.402072446019053 1.1819825237819086 1.233538157936693 1.9798169169006132 2.01102181117109 1.6647033212094728 1.7016964618303259 1.5254659585994863 1.5657522445795342 
1.732426590732447 1.7680138402277426 1.3611990408007382 1.4062125997290913 1.186874418410326 1.238241467580879 1.9717484663153286 2.00308838082019 1.6550990758310664 1.6923132091243778 1.5149788801223765 1.555548795177075 
1.7368215031192469 1.7723238491024715 1.3667605824347584 1.4116009996090964 1.1938140750122692 1.244899569482374 1.961649637396393 1.9931513219766832 1.6430322138952116 1.6805171074099186 1.5022358043587565 1.5431446154840447 
1.7385958748763324 1.7756638858007445 1.367864061278386 1.4146797197023075 1.1955516902823564 1.248843650477112 1.9488284982257933 1.981968499925516 1.626735685198121 1.6662939742725473 1.4847763277669133 1.5280141892983194 
1.7395309628829836 1.777180021390236 1.3694078767221256 1.4169258238978497 1.1989186356165293 1.2529192920649759 1.932788666913328 1.9667416933976358 1.607787919144997 1.6484486193232106 1.465302001277757 1.509804892212434 
1.74191405339994 1.778327079665664 1.373703220288942 1.4195926071490403 1.206458861889708 1.258461607786352 1.9206045232249689 1.9536899363696918 1.5942138196089666 1.6339217654074538 1.4525839564831393 1.496055742100611 
1.7512083023650384 1.7838823930607757 1.3876347836056289 1.4286483705489745 1.2253378909803778 1.2715969570080923 1.9227476870125833 1.952553339069701 1.5986739637312666 1.6344002925575605 1.4600277725825077 1.4990620303083655 
1.7666974836409997 1.797400653261103 1.4070571163614645 1.445419952243444 1.24893561831803 1.2920020465709177 1.9411368361615933 1.9691219683766266 1.6206794706861194 1.6540952379906788 1.4854737953607393 1.5218611981200652 
1.7809413400291432 1.8059459449232693 1.4248573662738317 1.4559901145216612 1.270612644288101 1.3054291214710971 1.9580306333213482 1.980801014838391 1.6408383279972467 1.6679445788109388 1.5088367692447053 1.5382708134736223 
1.7889983808357486 1.8110253659385696 1.4333150039795615 1.4607154309012178 1.2788614446580717 1.3094977144206592 1.9689973826221632 1.989032016387099 1.6525215238455835 1.6763427621500708 1.520500602029782 1.5463569284653946 
1.793023711174551 1.8087451986043142 1.4357825455249693 1.455368229237591 1.2798922951694647 1.3018254306450463 1.9759157806025438 1.990193040052688 1.6585477566938374 1.675531505485397 1.525592812789232 1.5440396999669925 
1.7925407213556208 1.8055334873322426 1.4344994558793425 1.450702459182492 1.27825710251034 1.2964143459087956 1.979916084579882 1.9916868825541154 1.6627249180721777 1.6767239156575928 1.5299695043948196 1.5451717123148903 
1.7955583435730011 1.8028642379598692 1.437277425820993 1.4463941696904825 1.2802613453411065 1.290487817731969 1.9866300545986462 1.9932357284512587 1.66986095452125 1.6777143090450828 1.536794820733926 1.5453245666767288 
1.795380386467514 1.8001848115880326 1.436599620392627 1.442599422248685 1.279556378793932 1.2862889062229528 1.9972408201597123 2.0015607703670253 1.6820816362210962 1.6872087169856136 1.5501111857257983 1.5556732664259034 
1.8033630315931983 1.8036980818188533 1.4459456490881704 1.4463634974504198 1.2893477950177021 1.2898163757516068 2.014384574433842 2.0146845312249284 1.7018771430737913 1.7022321688762112 1.5710011860329738 1.571385781136195 
1.8060656523455536 1.8044970124503865 1.448240068697994 1.446283383000154 1.2912774498853337 1.2890825341856007 2.029421992012103 2.0280261213856123 1.7187436625810057 1.7170952521693053 1.5887346958074435 1.5869512472103138 
1.8125299239168025 1.8078061196195376 1.4541779418949559 1.4482857893847643 1.296120892623003 1.2895067310153328 2.046696428905335 2.0425142626512676 1.7373356134304765 1.7324067867374136 1.607367697601843 1.6020390620499394 
1.8108148723399335 1.804518380739717 1.4518478494275804 1.443986932914384 1.2927280664886522 1.2838932737683026 2.0514319929959877 2.0458761708440445 1.7427521045425511 1.736208795746494 1.612596841708271 1.605523172809253 
1.8083673801696931 1.8011740544494304 1.4485142145183802 1.439523817941822 1.288668412611173 1.278554523836117 2.04919774100544 2.04285260714076 1.7398885681967682 1.7324109277252322 1.6092498493838052 1.6011622249172004 
1.812095576902347 1.8035307883119296 1.4530398494979584 1.442344524997079 1.2930497084911505 1.2810193102326948 2.0467144465970457 2.03913534383303 1.736857636742013 1.7279199561522085 1.60540561687975 1.5957318444115385 
1.8116665913211678 1.8021986771466845 1.4528090536988196 1.440985211689995 1.2931321567841625 1.2798339770100104 2.03302066124505 2.0245881662326437 1.7209565123643478 1.7109867186069152 1.5884671686406553 1.577660349900846 
1.8059235391079047 1.7985897779883049 1.4458857388825785 1.4367153268076525 1.2850592946257458 1.274732423328135 2.0053980501496507 1.9987963127652655 1.688445166519784 1.680598833964852 1.5529452344316657 1.5444106518423202 
1.8068528187130268 1.7992441188596977 1.4475497883289576 1.438041265211541 1.2869339341594852 1.2762293060618888 1.9906717089945318 1.9837681678440175 1.6713638545185814 1.6631354199075943 1.5343583986120095 1.5253910928516694 
1.815059794158859 1.8061429719853297 1.4580164938614377 1.446900990134432 1.2984021165925446 1.2859076309175554 1.9981396427206983 1.9900433187978597 1.68045591189177 1.6708208912663258 1.54401037296127 1.5335183111694493 
1.8247363462580148 1.8143343837548385 1.470240362578531 1.457310278037951 1.3112292835942347 1.2967146011652102 2.0064101069609497 1.9969546915328475 1.6904512733927146 1.6792176840526216 1.5541367436989095 1.5419103543445871 
1.8339699383133685 1.8224857494194955 1.4807530444463521 1.4665054213459765 1.322509517030838 1.3065374065969715 2.012751524032994 2.002293002958643 1.6971601402039642 1.6847436344135982 1.5610106935883366 1.5475021672673481 
1.8407983554648837 1.8292848053658075 1.4876109933320003 1.473340008668135 1.328402179116784 1.312401106042745 2.022492768595779 2.0120192128014636 1.7073151088836005 1.6948950394293507 1.5705383672557065 1.5570276415922166 
1.838438509656665 1.8271220125838943 1.4853830757715734 1.4713536545877133 1.3261376737686852 1.3104044508733248 2.0284673943863676 2.0182167042140495 1.7149888332256336 1.7028521348515906 1.579070912305277 1.5658811069709668 
1.8410429633373742 1.8295417362973878 1.4869626084249934 1.472698737303071 1.326610117877163 1.3106022191550188 2.036475965366167 2.0260844329677035 1.7230359727858442 1.7107415747312802 1.5867229025617737 1.5733637028716723 
1.8325467349880002 1.8212897548043199 1.4773740570062748 1.4633874877677409 1.3158142546405172 1.3000907613529065 2.0371964218246554 2.0270762432960385 1.724695865796396 1.7127301785556241 1.588492643324224 1.575492847630601 
1.8242512116238296 1.8131631981459944 1.4663588913738033 1.4525414618216617 1.3026322556696537 1.2870583100664126 2.0377225902538867 2.027802173494991 1.7247113584687177 1.712979150495128 1.587851273019929 1.5750999857885244 
1.8099485545806266 1.7992760814640147 1.4524502912762625 1.4391290754232227 1.2885778234272465 1.2735436600794257 2.0320982461555595 2.0225983113630104 1.7213719413387973 1.7101467795275644 1.585541648405522 1.5733476939089148 
1.7952879522931942 1.785125916754639 1.4350960094882468 1.4223629155279218 1.2689341201374837 1.2545156468809346 2.0197429649955683 2.0107156317264483 1.707572361409346 1.6968851099791906 1.5705083935621262 1.5588817534595398 
1.7835400770852279 1.7753286810529425 1.4225701669053727 1.4122615193260704 1.255528507429911 1.2438362240139094 2.0173152117081705 2.010059049527944 1.706531961783658 1.697948189960218 1.5699991368752981 1.5606646049004829 
1.7727343945451615 1.7668091479510175 1.4108861328978324 1.403434006885753 1.2432660400748505 1.2348027284078213 2.018759563207912 2.0135584187510926 1.7097960756895543 1.7036519457105668 1.5743295038978975 1.5676545277973077 
1.761808964609506 1.7580827284568892 1.3992987883144972 1.3946042991825387 1.231401839440895 1.2260646567365117 2.018754666203504 2.0155035238466885 1.711559719530236 1.7077238435527038 1.5772603034117163 1.5730969827186179 
1.7575262011019237 1.7560961374479929 1.3933836189505602 1.3915793926182436 1.224085206004778 1.222031050325547 2.022494458889754 2.021251872637292 1.7155475505621405 1.7140824643638823 1.5811293685969408 1.579539609075936 
1.7568833471949838 1.7569115579251706 1.3909975857818915 1.3910332168467618 1.220156330824477 1.2201969506481527 2.027671080656587 2.027695524000349 1.720373563889846 1.7204023732984823 1.5854312937907622 1.5854625552346073 
1.7604690517771564 1.761242642359411 1.3952546579980158 1.3962306126371675 1.2241188500571176 1.2252311300587984 2.032210484616483 2.032880669588149 1.7255039067429434 1.7262931660599135 1.5903129033574368 1.5911692221712812 
1.7587215201276096 1.7608942651391566 1.393479169187674 1.3962204061680126 1.2220027350869433 1.2251277126079427 2.0339279385169893 2.035806986607515 1.7278731633658675 1.730084650044607 1.5928126563660805 1.5952113922361417 
1.7512777071943701 1.754766527090134 1.3882351759395704 1.3926337855286903 1.217845753663398 1.2228574064853064 2.030318263163677 2.033328356812045 1.7269671524774204 1.7305049848573018 1.5932253204540687 1.5970594474270423 
1.749072063855692 1.7539523349739041 1.3852198680932968 1.3913769409331211 1.214726060212923 1.2217426530003812 2.029368698403622 2.0335764118568083 1.7256646002223057 1.730610880949386 1.5920564157279133 1.5974164578031649 
1.7462756693172041 1.7529156439284947 1.380815651580344 1.3892035146548003 1.2098785616950365 1.2194427725519759 2.0289845002486464 2.0347021019621643 1.7245147875994713 1.7312382257012608 1.5909448522966627 1.5982302914565378 
1.7426766895303674 1.7514529332507112 1.3761732691171271 1.3872700529430166 1.2050665413297807 1.2177235738017558 2.0265452869532723 2.0340971297439365 1.7215738794697486 1.7304571522093577 1.588127553086502 1.5977529402359176 
1.7557243415244435 1.7664712054889093 1.3866153163085426 1.4001980544985198 1.2147650420642833 1.2302465865920702 2.061599234745066 2.070759271644447 1.7579321593000796 1.7686656080507248 1.6258159639705352 1.6374156787759913 
1.753667325674927 1.76441783686287 1.3833775248788198 1.396980526077529 1.2121223302702784 1.2276244366416993 2.063665202735136 2.072808549499893 1.7598574817807975 1.7705704081114226 1.6286821431390013 1.6402520346824296 
1.738945338353374 1.7470827389911818 1.3662313910099306 1.3765737978332035 1.1943066682309573 1.2061242161904095 2.0207706813047666 2.02777744181183 1.7106055858732983 1.7188771560297524 1.5766901009459438 1.585660392871352 
1.73406915019216 1.7394816169330907 1.358851528331245 1.3657517907907573 1.1875544679921677 1.1954438892930777 2.0145728886412027 2.019233617402444 1.7023470803711445 1.7078600821051355 1.5690104271317509 1.5749902216992204 
1.730002610781721 1.7332342573038333 1.352988187572815 1.3571178994809443 1.1819098773221124 1.1866351231493069 2.009238940900651 2.012022136809526 1.6954967189680934 1.6987940079396235 1.56238377053513 1.5659613672794006 
1.7202210148945312 1.7215409389743743 1.3425696080593998 1.3442603977521508 1.1730052194618616 1.1749400450085827 1.998389981496297 1.9995262895557964 1.684308561560135 1.685656606496344 1.552528074768624 1.5539904399399536 
1.7144759052352558 1.713522397085095 1.3342519907544639 1.333026537812451 1.1648846466634581 1.1634808187985954 1.9896940950890543 1.9888725368188507 1.6732254292928523 1.6722484004812952 1.541561287277366 1.5405007556350792 
1.709830953780031 1.7075594166951644 1.3287419081613743 1.3258176079477637 1.1597292384450477 1.156377610274572 1.981812439950948 1.9798529789316 1.6642156456253887 1.6618817605907856 1.5326547436211229 1.5301202025280007 
1.7035303127520216 1.7011917606387001 1.3190950907591916 1.316073606780791 1.1488125131913387 1.1453419011216694 1.9728961600816706 1.970877250988757 1.6523666634451935 1.6499555965131307 1.5198927338680848 1.5172711697204955 
1.6970122020125988 1.6936335115542707 1.3104202401442255 1.3060418306699253 1.1385578587755871 1.1335157940936023 1.9637219114374747 1.9608028465757716 1.6412052088205331 1.6377113894516486 1.507536841824985 1.5037324852312162 
1.6889261501575756 1.684217198073363 1.2998168804435837 1.2936923715806976 1.1262052675627519 1.119131062157641 1.9541148283061796 1.950046356322354 1.6296064384403033 1.624725568767258 1.494801500603371 1.4894789544690081 
1.6846946905565292 1.6780764469801008 1.2952509549849247 1.2866310263278122 1.1207120738126095 1.1107384543218803 1.946225516323676 1.9404994516642768 1.6208863613434965 1.6140064925239177 1.4851239383934796 1.4776120850579693 
1.6831534122144958 1.6748190743030427 1.291995751482682 1.2811192545775356 1.1161548972473758 1.1035466810467514 1.9408603731771383 1.9336371197226485 1.6134393700939929 1.6047430085746752 1.4763926760077415 1.466884063711001 
1.680815567277579 1.6704452882757488 1.2891745478416219 1.2756243587838272 1.1124939273554035 1.0967630684530958 1.934869596433478 1.925867816108533 1.6064091629477995 1.595555354327342 1.4684080231334373 1.4565262140870139 
1.6793937564052215 1.667060354112244 1.2874569912244993 1.2713269994194414 1.1113184689605586 1.0925912202891073 1.9288255798005272 1.918096700506218 1.5992342644193314 1.586277739770952 1.4611753719840888 1.4469831729819251 
1.6817363902957325 1.666696388741789 1.2900470039672662 1.2703782264526262 1.1131248530353277 1.0902690054499944 1.925695365213543 1.9125747581218677 1.5950820121877496 1.5792169551410344 1.4557171056235205 1.4383156320519221 
1.6793052030434759 1.6617206721253996 1.288467028126405 1.265463120667248 1.1118254000376542 1.0850831062038013 1.919920499934539 1.9045588342891615 1.5893948671330513 1.5708041478392174 1.4498911963553989 1.4294873586250736 
1.6796211542432835 1.657685271594563 1.2887093494584183 1.2599861210590932 1.1119098313179625 1.078488159815183 1.9162435213932336 1.8970457219480874 1.5848134902509947 1.5615463607467888 1.4447164027869068 1.4191542278278073 
1.6804660057418597 1.6548771807762652 1.2886175150346202 1.2550647740471406 1.1104194359132948 1.0713000563119561 1.9122625490381804 1.8898149495265402 1.5790241163623813 1.5517633991862287 1.4372937708255746 1.407290258139379 
1.6772518125969933 1.6478030186281063 1.2873392657958895 1.2487287658254294 1.1103500383482228 1.0653442415481953 1.9049985833065335 1.8791223344263406 1.5726055909858327 1.5411584896239259 1.431336147520875 1.396711964772945 
1.6701243901016474 1.636754062311256 1.2815051768964492 1.2377010545735185 1.1049737908260084 1.0538574194322492 1.89529379323956 1.8659547006217487 1.56367471127866 1.5279813430707851 1.4225997900647955 1.38327095855165 
1.6646926138906248 1.628371143143356 1.2767790648119197 1.2290467287381712 1.1009136850552816 1.0451803782228213 1.8870117352528575 1.8550483470955683 1.555563104017963 1.516630360919232 1.4147871685105147 1.3718650856633097 
1.652304194612242 1.6111208622860078 1.2644075698655122 1.2100941219976278 1.0909751298417438 1.027534921690358 1.8728307735439447 1.8365991363640597 1.5414643873710512 1.497235365229265 1.4027161825305967 1.3539623222576065 
1.6408233327177426 1.5955966159374242 1.253675240718648 1.1938714171932252 1.0821746666739893 1.0122891685634892 1.860590061564062 1.820830230634081 1.5300966561596558 1.4814935466585604 1.3930528264179216 1.3394862928716218 
1.6381715377293369 1.5897029711888004 1.2530579210182187 1.188992726221023 1.0834321390038695 1.0086499637666677 1.8529587645132581 1.8102501850756707 1.5231560489281786 1.4709024097357717 1.3869662561816347 1.3293701310645203 
1.6417748426660825 1.5902708067531266 1.2593523011497776 1.1914297390997255 1.0918783278420905 1.0127857066582446 1.848445673210668 1.8028555160109863 1.518978272132699 1.4631580898902345 1.3833022285860888 1.3217646009828072 
1.6370850894680247 1.5826580700197153 1.2544066067103323 1.1824952056556215 1.0855460376043615 1.0015833346249978 1.8409890402928883 1.792763125155839 1.5108702761251644 1.4517189699520119 1.373900744624054 1.3085725935226256 
1.6304315507254545 1.5730753721424189 1.2476726897712438 1.1717278803719788 1.0793620893847486 0.9905965903641148 1.8331817688109953 1.7823620514196912 1.5029755476058186 1.440553567744362 1.3664812021762356 1.2975091370549225 
1.6265361755710077 1.56641234700227 1.2431947545099922 1.163426365543243 1.0742311412545997 0.9808161169358709 1.827808273446961 1.7745170596196476 1.4969289734924498 1.431371392085632 1.3598660591694904 1.287347431457864 
1.6209028780738253 1.5578737776045948 1.2389053572198363 1.155219048902852 1.071503069593368 0.9735314041919809 1.8211621819288941 1.7652977821568832 1.4913725345761233 1.4226161125503993 1.3555162783559667 1.2794799520461468 
1.6177754560034252 1.5525321422911316 1.236258760311566 1.1495626773895757 1.0694489884267928 0.9679254959174751 1.8176282326942135 1.7598099383419477 1.4882576015888815 1.4170636243609847 1.3528843650094748 1.2741486302182685 
1.610571953059313 1.5423086232208163 1.2297270549114914 1.1388601770460194 1.0632480252421306 0.9566975679185613 1.8086490016532477 1.748137604555571 1.4796951796844142 1.4050877901616292 1.344531724572273 1.2619585697087248 
1.6054392712923804 1.5352188072674884 1.2237807188413332 1.130088837299002 1.0566007958580241 0.9465023899535648 1.8030874193471067 1.7408577696606375 1.473542749908468 1.396706758123483 1.3379440308950932 1.2528191258868175 
1.6009902892008587 1.529072275072519 1.2178995607665888 1.1216824222548243 1.049738431284408 0.9363988949136206 1.7987347790253707 1.735032830108828 1.4681812692155727 1.3894057562697262 1.332001378856437 1.2446364085769988 
1.5955841032161138 1.5216810740611746 1.210959340703052 1.1117765897679128 1.0412015843418458 0.9239726186180897 1.793775636019168 1.7283679275825417 1.4622465341986524 1.3812275654272073 1.3250823148680122 1.2350982964509223 
1.6309538742886416 1.5584769065652302 1.2513044186196778 1.1552499626908153 1.084982468087448 0.9726390308316493 1.9187417132165367 1.8575277899070932 1.6085154553305139 1.5349793804078053 1.482816973883537 1.4027066358569529 
1.6208408817379638 1.5466869247566233 1.238898562398512 1.1401688152256664 1.0715811364115644 0.9557203624560376 1.906561508331976 1.8439338557424179 1.5945912545392629 1.5191565252972126 1.4683792946827805 1.3860927214126406 
1.6101833985967346 1.535378035102929 1.226085847694414 1.1260469082043298 1.0574164528304495 0.9395875096426783 1.8942635637039875 1.8311006477898835 1.580768919727526 1.5045017484657603 1.4538478002791524 1.3705358659796285 
1.562320048757632 1.4846906064328858 1.1688952488354336 1.0629103277464427 0.995163439214911 0.8682237803873204 1.7631941758382852 1.6947908318698357 1.4262979596529086 1.3408162184990344 1.2877732866114477 1.1924019036340263 
1.5499949399390502 1.4723649879621084 1.1531746435976904 1.0465113962956447 0.9783252646419083 0.849996863156953 1.7506965821171467 1.6823533714938308 1.4114765203277948 1.3257602767380912 1.2726250556376217 1.1768385089623215 
1.5363733013041623 1.4595361896713115 1.1352862136748822 1.028920674765674 0.9584927401708632 0.8297658109130852 1.7378640596031238 1.6703216629320983 1.3959238359094848 1.3108799806466838 1.25635858800752 1.1611373173144723 
1.523188790410437 1.4473841775534269 1.1176412533689017 1.011898630017854 0.9385965753357562 0.8098026904326818 1.7248589698963825 1.6582989272842243 1.3799117167529267 1.2957519871611272 1.239353826004507 1.1449081938007124 
1.5107986646777263 1.4370831092709986 1.099288346700719 0.995555185287084 0.9157533801149741 0.7882255457367517 1.7120643013835668 1.64737956459099 1.3627495867076973 1.2805396104111733 1.219530983645762 1.126921061047312 
1.4964406566762813 1.4251375616247508 1.0773568228557056 0.9758996640811698 0.8891495310428613 0.7630657371116463 1.697066237874568 1.6345385423212693 1.3421612796283984 1.2621724648928687 1.1963636843927268 1.1058790602655155 
1.483045189888191 1.4127411507811685 1.0546406713428513 0.9532478531371052 0.8581939035267612 0.7300077396236975 1.678688920226288 1.6169140406188884 1.3156140776422622 1.2358215587820518 1.1640748393855525 1.0730725770191407 
1.479220253883951 1.409992056935251 1.0487177097296014 0.9485746548482624 0.8527670197073174 0.7260830744622133 1.6745253462221765 1.6136976718891618 1.3098669437544028 1.2311524891176153 1.158945281512678 1.0691768827750159 
1.4731603913393578 1.403929010673663 1.0369533926899175 0.9359954417683507 0.8368650659521701 0.7079253258721079 1.6630183809119878 1.6020128787407202 1.2925559698717615 1.2130606182920662 1.1383196981740806 1.047180435097567 
1.4774595647891315 1.4018091366469583 1.0405271633104491 0.9299886384181745 0.8398747939942538 0.6982633884050418 1.6603368157054428 1.5933927424169125 1.2870619074414757 1.1994625644791463 1.131026633456034 1.0302443086893953 
1.4840971405905343 1.4022968580400514 1.0497035754483264 0.930467490925395 0.8526326230616561 0.7006243967126753 1.657390946188919 1.5845620542815608 1.2830736619964576 1.1875058641829943 1.127556125303304 1.01748462940184 
1.492109226665126 1.403894102152723 1.0599882559251308 0.9317208854904994 0.8665307502329045 0.7038495910769574 1.6536382693621963 1.5744993590532832 1.2773819649185596 1.1731297413582185 1.1220539749491556 1.0017653559887165 
1.4997937411652478 1.4053679291909469 1.0714617684446095 0.9347235268240819 0.8830049243568521 0.7108976345427309 1.647720370827056 1.562261236412928 1.270287949891067 1.1572852828920146 1.115929590448452 0.9853814495911977 
1.5075011857414011 1.4073239696856337 1.0829396571424144 0.9384877365483952 0.8985704073759219 0.7179343338020059 1.6414952307672814 1.5500024268599486 1.2628163241864314 1.1413614674027375 1.1087720886781602 0.9681820465551559 
1.5161040169212996 1.4073128679809974 1.092547947380297 0.9357452300625957 0.9105227973669304 0.7148495525527732 1.6413219414864655 1.5413941202252266 1.2605662786243732 1.1273799098196227 1.1065342696929454 0.9520379237535131 
1.5248143881399632 1.4086210946307207 1.105439119933183 0.9386959666679356 0.9269484869606563 0.7199916440061301 1.6504627750175556 1.5437557584276893 1.273170884570744 1.1314232502819845 1.1216960153796796 0.9577872524097667 
1.5339134303386386 1.411749891826895 1.1170374429593888 0.9422950675203866 0.9388804855641905 0.7222492031655349 1.6593829384482803 1.5471583893426197 1.2839135382155802 1.1351569578314928 1.132324110320561 0.9603672402332609 
1.5433681217179556 1.4165407520065245 1.1283311293832188 0.9474880898962319 0.9510931794178792 0.7274481279756035 1.666324529596564 1.5495934889174032 1.2914268915951883 1.136831543939211 1.13983793353933 0.9611623472105063 
1.5379560887065957 1.4068453653012793 1.1205208724471358 0.93245481213284 0.9405672758445779 0.7060961347222416 1.6632123319918266 1.5427832681130846 1.2870638508208092 1.1271372175426069 1.1338576325490295 0.9484398146269957 
1.5351974313244696 1.4010645522406346 1.115107724457709 0.921746149189271 0.93295253959955 0.6903268555874456 1.6620405702464816 1.539002788673643 1.2841389882505905 1.1203408711393377 1.1295787467659129 0.9392011880024694 
1.52893990561232 1.392862654813392 1.1095049489631899 0.9129131240012985 0.9282935465540036 0.681276778390259 1.6569151465219365 1.5322457188629408 1.2801217909143685 1.1140560756864126 1.1266940473677005 0.9337283419570223 
1.5292252543807927 1.393239719013207 1.1077627924045834 0.9108926612043815 0.9244396193565051 0.6761476509136152 1.655992566238146 1.531306114216227 1.2770747452815752 1.1106335764040272 1.1217709706691468 0.9278777649216517 
1.5249056832930226 1.3891172862430876 1.1029169019193423 0.9059443606200991 0.9199759356305796 0.671316031492888 1.650857006496735 1.5263152845658594 1.2713839724879972 1.1048650132479354 1.1163992274716783 0.9223105372375185 
1.516061359062769 1.3818875657748897 1.091888081280884 0.896320691517969 0.9074033279877532 0.6592055822300431 1.6439222411790801 1.5210692078413952 1.263430992434193 1.0988307752530642 1.1078894756442312 0.9157457563337379 
1.5071674373832162 1.376060168854651 1.0797955632008729 0.8876634285067118 0.8923510252744098 0.6467443515859185 1.637491371338576 1.517684385901196 1.2553018621862593 1.0944270963423237 1.0982325160039152 0.9100014083551135 
1.4986481283108588 1.3720781232457722 1.069190922375251 0.883074964139308 0.8802637357574378 0.6414954468191026 1.6308214187487362 1.5153318658464356 1.247718524287285 1.0924530560393155 1.0901818801693781 0.908376956802428 
1.4896963098169909 1.3685370229856262 1.055163191872404 0.875824097226355 0.8622474978115969 0.630213642570803 1.6240874937522176 1.513723447384746 1.2376729993671025 1.0888218133204164 1.0779312776621521 0.903124757252485 
1.4810077256148566 1.3649900860192685 1.0424381833619152 0.8697651509062029 0.8461075398144672 0.6210571797595532 1.6169520666645905 1.5114059803675814 1.227936264099603 1.0851919278592566 1.066324561984244 0.8982550434541907 
1.4787817864018646 1.3654788800248396 1.0395433804290661 0.8708544308860638 0.8420079024533499 0.6218635765132816 1.613835646431783 1.5106960295485954 1.2240589698596591 1.084461784339997 1.0614363992693532 0.8968747012230248 
1.4808029825771003 1.36872540986468 1.0430829173221254 0.8767290042021173 0.8454777061574339 0.6288595439438255 1.6154731569906187 1.513401894857158 1.2267836077145946 1.088866288649454 1.0638649347343092 0.9013547435706077 
1.482584020282446 1.371860970068345 1.046430013520666 0.8825887588208118 0.8497596420146468 0.6372115764774373 1.6146119258926774 1.5135781496952383 1.226349080496602 1.08989871604423 1.0634884781862288 0.9027485182678846 
1.4840174501216292 1.3738171083756026 1.0492750231781478 0.8865910721778687 0.8542620419201024 0.6440724270340275 1.6227149399403158 1.5225864281890544 1.2376889990241906 1.103149905183109 1.0773391389462756 0.9196332286871233 
1.4840560057667553 1.3752172960853772 1.0503787893195369 0.8899977439591498 0.8560577631517491 0.6493344878045337 1.6223236574149982 1.5233956914105986 1.2380660007480928 1.105263681393891 1.078121846086228 0.9225763373338687 
1.4897901737353083 1.3805446738002651 1.0587800663774702 0.8985789133728214 0.8650590824667875 0.6593603345351313 1.6243588927470063 1.524785442954608 1.2410005155705135 1.1074796224970824 1.0804602106724153 0.9240254874440856 
1.489163562799297 1.381076006152122 1.0599414500665099 0.9017974803519334 0.866478134963079 0.6637372796288422 1.6187949807098785 1.5199539491614527 1.2354614321667414 1.1027818317198992 1.0740919100205046 0.9183878533449231 
1.486875943870557 1.3867966363028719 1.0559882918200183 0.9096791250001068 0.8598967801201258 0.6721810101906777 1.6101504895819394 1.5182191663593765 1.2234769303509405 1.0996820618255805 1.0588706243450896 0.9130234592281624 
1.4976724370953072 1.398965739979002 1.0688349008312727 0.9254676969159955 0.871982844805445 0.6887935063827161 1.615859628991639 1.5248228596807554 1.2289782980203503 1.1065577571030791 1.0622305274303676 0.9178322865344174 
1.5092277712949747 1.4100928216426025 1.0813541588434366 0.9380405731352969 0.8828623267803402 0.7000279909032183 1.6215896858138918 1.529753708653127 1.2333334749117923 1.109821949836097 1.0635932171361362 0.91750958116959 
1.519328096929937 1.418650035534044 1.0954608910046693 0.9509177782125771 0.8977542989709068 0.7142638437725544 1.6260861769250559 1.5324380287589916 1.2392872759722597 1.1135721842730915 1.0685322503259993 0.9197669417775048 
1.5290932827982369 1.4290149259887697 1.1080461832878126 0.965258377585343 0.9119528173643024 0.7318574535377015 1.6324642847776758 1.53912216288204 1.2468278621665014 1.121845403375478 1.076323053118667 0.9286703967903192 
1.5410183122797763 1.4342543040833484 1.1224639840910755 0.9707076622658389 0.9270193484397238 0.7360114417463971 1.6364031936541832 1.5362823250306599 1.250201331386913 1.1159531078865321 1.0781664276917595 0.9191250272958572 
1.548748706743418 1.4371541428947034 1.1321554567458527 0.9739432488802467 0.9384113596069744 0.739868470499595 1.6379286570297895 1.532840422000741 1.251384715872545 1.1102941866547849 1.0792606769077664 0.9119172563996198 
1.554172941454525 1.4404842522392982 1.1418453818050018 0.9815050814689704 0.9513076368606583 0.7513504967386461 1.6368379295243038 1.5293069530115302 1.2520366414484083 1.1077622039632018 1.0810971721031417 0.910116720277905 
1.560571597177845 1.444280088527918 1.14920829701069 0.9855155879630774 0.9622763168228813 0.75930031879238 1.636227960132148 1.5257139973527836 1.2500151749151729 1.1014078271549599 1.0806636560550236 0.9046519782315241 
1.5624756191350186 1.444611702843141 1.1566170866762084 0.9916329950094238 0.971674528837388 0.7679350894387883 1.6312725516207767 1.5187570738177187 1.2479916516032308 1.0968391286197625 1.0788287478888203 0.8996912686423937 
1.5684868988393752 1.4493445428298823 1.1644999152557978 0.9982527258318707 0.9829651435482135 0.7788895463612027 1.6281563463472297 1.513717787485752 1.2437049444907582 1.0896102243237074 1.0756218711753494 0.8929786457417445 
1.5745575225287294 1.4544844240320383 1.1701380225220486 1.0027544763060448 0.9895527230783664 0.7845432682470802 1.6254430070143369 1.509423239867404 1.237762727283307 1.080902454919874 1.068666537817953 0.882236769269911 
1.5723304298993548 1.4486725726635021 1.17192061710147 0.999913583659853 0.9943965028033286 0.784381059681766 1.6202753581251212 1.5005737163323534 1.2355028078266315 1.0737301477314911 1.0685942448598018 0.8765403026373003 
1.5736175757619162 1.4505194048156715 1.175889276397574 1.0052113505859401 0.996697559918158 0.7881245427892791 1.6186032654936817 1.4992033884923053 1.2354431782428563 1.0742691076572992 1.0663068424552147 0.8744967417130897 
1.5781604933620694 1.455261448265847 1.1816327708763033 1.0116577213706275 0.9974073328429114 0.7886803710051431 1.6202563298715456 1.5008084203151348 1.2372938361152577 1.0761465406201938 1.062761224023915 0.8698601952548525 
1.5743738960294533 1.4510308760667223 1.179310108707188 1.0087664602369368 0.9943571895948458 0.7845913963962133 1.6136596096633764 1.4935644527970529 1.2312662197343676 1.0690434708930034 1.055457432518697 0.8607135590072692 
1.568945927055053 1.4467618680427818 1.1718960414740893 1.0024315003144304 0.9860782027925779 0.7770963922337049 1.6053386340279239 1.4861496259470781 1.2201889771271661 1.0584846341362921 1.043010560781932 0.8481742808542594 
1.5652243553119438 1.4432753484563126 1.1636909268623221 0.9936261984577953 0.9753593102347925 0.7644882164308944 1.5981612339566025 1.4789306199824555 1.2076293390447626 1.0447416281175408 1.0273839746276414 0.8298399124660671 
1.5560401816228941 1.4309634077169862 1.153908496729706 0.97872368226431 0.9653114061405315 0.7471421138076813 1.5856942364923352 1.4631546189808546 1.1935954019872101 1.0252147146061696 1.0124185279048432 0.8070851894595824 
1.5610976795419467 1.4249336598842945 1.1592645012555376 0.9681446967634797 0.9728774242787477 0.7347791863350854 1.5854982291920892 1.4516248154296791 1.1919198184321167 1.0070167940860024 1.0115676706831087 0.7852891966474836 
1.5697402705392667 1.4177588733464834 1.1714325650897237 0.9582327277612104 0.9887205430012517 0.723549596194131 1.5905477816880227 1.4407629755906035 1.1991713736712906 0.9919514551794811 1.0214333267681694 0.7676468895479809 
1.5798714932541476 1.41274656792968 1.1822594989244493 0.9474156705465083 1.0018623809671119 0.7096387534493096 1.598413631491264 1.433452150347925 1.206925732983223 0.9780228294559847 1.0308542246782957 0.7500129082469782 
1.5822595490551763 1.4006601321435155 1.189771852825696 0.9348051064132511 1.0157834232631924 0.7000853434948413 1.6001620997812347 1.4208526562512702 1.2134786882250095 0.9647974149925411 1.0434507309769303 0.73965732145115 
1.5871728684420643 1.393208564113288 1.1970321829920072 0.9245531006484214 1.027219771966355 0.6907190808994711 1.603562479655411 1.4118516263965595 1.2186800067936663 0.9524144831734815 1.052366557696799 0.7275903796495732 
1.588601684602119 1.3845667732979479 1.1999535779023662 0.9128299001022536 1.034588510433346 0.6809869479811564 1.6020887076940185 1.4000207372466633 1.2177526448834715 0.9361043432869491 1.0551806958624148 0.7118821098473329 
1.5918805288883835 1.3783984221747934 1.2057096847309305 0.9053366422795224 1.0442753226299852 0.67558089186563 1.6029443185132664 1.3911610547502973 1.2202797686817395 0.9246519917536327 1.061064474692259 0.7012534573561545 
1.5963567897976818 1.3770356491874711 1.2108034405026935 0.9021735699593288 1.0512733530025196 0.6730882865814558 1.604526215807383 1.3864979466314258 1.2215540710149346 0.9165514318428399 1.0636376448834255 0.6922407228798086 
1.595791463564447 1.372807198110922 1.211442275300462 0.8975753976046581 1.0542851879757962 0.6704971779099148 1.6006070033287871 1.3784019686235072 1.21777862122192 0.9061092529629967 1.0615600037233694 0.681878911174968 
1.5976839255068696 1.3718968790047743 1.213771029240293 0.8959616243026485 1.0581388458151606 0.6701976856294269 1.601452580272997 1.3762839415117216 1.2187274315707513 0.9026647623913543 1.0638205948669353 0.6791328138612065 
1.594329664198418 1.3704026058582346 1.2092129339959277 0.8934831524673759 1.0527470167818287 0.6666277112024671 1.5957663013057521 1.372073727021635 1.2111064899434072 0.8960441696607595 1.0549214622819274 0.6700563525428589 
1.5897252463490068 1.368911858477167 1.202613367163117 0.8904898810651417 1.0452509090545723 0.6627539364495771 1.5893315717556895 1.3684546621570663 1.2020929236042488 0.889786892676786 1.0446520707773521 0.6618090860508112 
1.5833495641596933 1.3680622209258944 1.1935039381270136 0.8882848914198024 1.0339852311927336 0.6585771453100161 1.5813127628728894 1.365704379441133 1.1908005131106933 0.8846492299350575 1.0308635554837946 0.6536651038755932 
1.5771547332964797 1.3694493819632365 1.1833160510867289 0.8878127244861329 1.0206481375868424 0.6555129119700771 1.5741928861926322 1.3660372615487069 1.1793655357604318 0.882540437566172 1.016065357612142 0.6483543536828376 
1.5680444573021168 1.3675125005190594 1.1707715962030725 0.8843263817595233 1.0042013547470896 0.6478791398678384 1.5623793888732307 1.3610129954471009 1.163173273926069 0.8742420054972708 0.9953322538609357 0.6340451991584591 
1.5653424185586007 1.3709393871863518 1.1636369314089725 0.8850021605278091 0.9939417532928627 0.6458313440356468 1.5579873066359975 1.3625352706036236 1.1537237400863736 0.8719268228692646 0.9823175501022517 0.6277943016935483 
1.5625832743351025 1.3717970349989133 1.1589811063308195 0.8850976335025476 0.9888509697784647 0.6465190302162884 1.5532484581392025 1.3611544323521154 1.1463644657401983 0.8685114301561091 0.9740331225948172 0.6236193870557666 
1.5572568137427942 1.3680865060910294 1.1551446956759834 0.883725733555587 0.9853363648766649 0.646142133085562 1.5472016234312709 1.3566299302862075 1.1415530419338211 0.8658840867855006 0.9693667167529325 0.6215172851565435 
1.5665673245073002 1.3716043119697316 1.1672834479311185 0.8886595828628419 0.9983684857876676 0.6510797491966402 1.5553573442697857 1.3587868393438172 1.1521952672936824 0.8687457282622805 0.9806849237007572 0.6236249882533252 
1.5748064022524326 1.3769049599646486 1.1766635032052495 0.8946446579370214 1.0066703904333583 0.6551620709223406 1.562182112263244 1.362448170050975 1.159713217599614 0.8722309391871226 0.986804449865955 0.6242075668199241 
1.575230442500398 1.3788599359543374 1.1774567058622578 0.8979465853713126 1.0064285177696426 0.6578769925905601 1.5611277434534303 1.3627265343347503 1.1585219801885502 0.8729701911176577 0.984208944167853 0.6233546516871434 
1.5775954807969912 1.3818965475863558 1.1799220271827668 0.9016909434119265 1.007067624060614 0.6595572504575247 1.562327844305122 1.3644408599463334 1.1594295072539296 0.8747041496935349 0.9829781236075857 0.6221547706890063 
1.5802233122527367 1.3901980433690053 1.177583348636949 0.9067785982184461 0.9995910410698017 0.6593384052116258 1.563876925760787 1.3715888312927496 1.1555552195057621 0.8779822028532298 0.9735438211642092 0.6191384779893833 
1.569940147873173 1.3835957680999316 1.1698436219871613 0.9045215760301354 0.9925593845730544 0.6593931403222512 1.5515662004258923 1.3627115820686488 1.145067555345116 0.8722413014206791 0.9632339997653947 0.6143654611906826 
1.5741991111387277 1.3874972697306327 1.174138539657889 0.9086512765136909 0.9966701054561434 0.6636242393930167 1.5538403037860615 1.364355350218542 1.1466988089598593 0.8729054877075525 0.9641930031222795 0.613770298458601 
1.5741718064497408 1.3884351155964185 1.175134267316395 0.9114141430882233 0.9969049584695827 0.6659990166818869 1.5517062858870039 1.3629114394050847 1.1448650871003274 0.8720385666134498 0.9610385099782632 0.6110075381378205 
1.5729008849026564 1.3891678962341303 1.173358749627564 0.9124368501587165 0.9940072418888909 0.6661986544023937 1.5484313669412537 1.3613999957130745 1.1403478678576815 0.8695766268291483 0.9548156373497242 0.6061708930058914 
1.5755484810330782 1.3937021523573967 1.1732521086644763 0.9146437469778274 0.9924411946738406 0.6670773555485451 1.5489949082697594 1.3636120779919927 1.1373445916896252 0.8681044831387752 0.9497219249052008 0.6016846416900135 
1.5693831392027888 1.3904860639409515 1.1682681147810208 0.9139685139073447 0.987554260997339 0.6676462198005768 1.5404237875383515 1.3577162817076327 1.1290670465539239 0.8632962712846617 0.9408535624708025 0.5964004379726764 
1.5669028589949952 1.389703274993151 1.164895295520885 0.912727600397123 0.9835159426906562 0.665878541872833 1.5357571003341284 1.3544890159121594 1.122651482529948 0.8581590611458287 0.9330964104671554 0.5888629163283168 
1.5644026222696668 1.389095227176384 1.1612989168014451 0.9115070815765558 0.9789795011971447 0.663800308348987 1.5312147372018758 1.3516096170951915 1.1161891331778007 0.8532925445732021 0.9250210109095955 0.5812863805597118 
1.5614183576675917 1.3883970416495994 1.1569195723391321 0.9099900848148623 0.9740912616697474 0.6621728200865392 1.5264187193759646 1.3489155512712276 1.1092293342953745 0.8485333073376436 0.9169408951842862 0.5748040212640828 
1.559390865276211 1.3881709443389492 1.1537536324133026 0.9091018338486014 0.9705570245518239 0.6612863509153125 1.523079108413903 1.3472522668330864 1.104181843758939 0.8453024571636417 0.9110713680535075 0.5704119017752786 
1.557666367242562 1.3900508737591728 1.14964395794465 0.909724216473674 0.9650334027579772 0.6612158410372819 1.5187219215902035 1.3462663908449324 1.0962996823490556 0.8413025101107449 0.9008225307565526 0.5633810006724047 
1.5540237287588918 1.3891686791551594 1.1451107911227147 0.9088886584976675 0.9601141694328285 0.6607715853043999 1.5132258748797847 1.3433735214026254 1.0891012454339082 0.8372224270799784 0.8925704550374105 0.5581056233417558 
1.553624793704133 1.3914404295593146 1.142510362846749 0.9097727181072259 0.9568022673531925 0.6616850067911544 1.5110653156274252 1.343754016735284 1.083927265868061 0.8350178363916606 0.8860242475757705 0.5544325357446206 
1.554776921330031 1.3953852819563815 1.1428330834817875 0.9142408143921874 0.9549484375087955 0.6646016312803408 1.510452259146409 1.345821250077621 1.0817588496335449 0.8366427067515082 0.8809433979322905 0.5530190596719882 
1.557273736901589 1.4014431188754823 1.1428030952195745 0.9192063088575055 0.9515550731531202 0.666632118220717 1.5113425652059957 1.35022134230038 1.079376566450949 0.8390441561702459 0.8743637200864637 0.5508658991110631 
1.5564217943651426 1.4035622663689737 1.1417412706803631 0.9225569699345456 0.9488856287112848 0.6692698782814077 1.5090567227227776 1.350848039564336 1.07627901568079 0.8401873322032475 0.8690151476210355 0.550205016693605 
1.55835280748207 1.408639159681162 1.1428568716104612 0.9283978880777627 0.9484021643729257 0.6747351146837179 1.509517233120328 1.3544161423607037 1.0753142022159152 0.8438610330423192 0.8658206915333279 0.5526719456307241 
1.5609832121662583 1.4133666247173415 1.1460207250590586 0.9350401753213016 0.9494442247256497 0.6799860021095215 1.5106288930193577 1.3575478922030302 1.076426758318879 0.8483107881106372 0.8641616744712126 0.554717970526366 
1.5617831007271912 1.4156969245276476 1.146602222096678 0.9379381558061491 0.9502867239507453 0.6841609358309197 1.5103841746380422 1.3587831627588856 1.075541982907706 0.8496010154166719 0.8632142022679191 0.5569291583289925 
1.5646302234592717 1.4193908437643983 1.1508554307827765 0.9439654939467915 0.9536219318798251 0.6899256627798461 1.5123016670500005 1.3614914481414162 1.0786365553615407 0.8544351641653158 0.865091547156837 0.5612361500849798 
1.5668611430465975 1.4222887218807898 1.1538804284627113 0.9483097647864278 0.9572629339890321 0.6958474628747955 1.513579810729943 1.3633690660453208 1.0804212350047968 0.8574155421085451 0.8673075156190507 0.5657505576217225 
1.5680077414022708 1.4237524136792359 1.1572444018000043 0.9526999862797575 0.961263779561807 0.7017483254397193 1.514331710602882 1.3644131295533075 1.0834052141915553 0.8615042173416506 0.8709651580502231 0.5718417306365898 
1.571820316874445 1.4279300727063913 1.161269130623595 0.9575547909854976 0.9647383059354906 0.7064596116829893 1.5177459206004411 1.368180493757779 1.0869588606287177 0.8659357647650776 0.87387274239404 0.5762106853393817 
1.5743539336346577 1.4307595871951795 1.1646819011004337 0.9617518488419559 0.9680915417205752 0.71111456260642 1.52018178971823 1.3709250022488177 1.0903422839599133 0.8702465077154404 0.8772477407157685 0.5814174804655603 
1.5774232952133551 1.4348263163051338 1.1694285966581115 0.9685171905349745 0.9730587613714601 0.7192396393148532 1.5225976928531582 1.3743238482838607 1.0943503665105432 0.8763931939271095 0.8814095728330616 0.5893599415991556 
1.5828844732222247 1.4415448801782065 1.1760655891437348 0.9775779539085362 0.9801624377459075 0.73023748901847 1.5260441484989875 1.3788905428524774 1.0983705010459814 0.8825792562529442 0.8854410719906775 0.5971049137027764 
1.5879803227956228 1.447219042393407 1.1822856099885892 0.985170398797127 0.9861435096303632 0.7384040036904528 1.5303408324899685 1.38372848300022 1.1036579277956056 0.8892818859428602 0.8903598034424568 0.6045676394466463 
1.5936761319353314 1.4537909859193514 1.188691477171583 0.9933237363218298 0.9916226915013392 0.7463378454429068 1.5350021802917284 1.3892214764897495 1.1087901099398207 0.8961696966202104 0.8942838712066544 0.6111041315032653 
1.5981523834896472 1.4592534732436446 1.1937650626708927 1.0002023211199023 0.9965958703775769 0.7540112646198597 1.5382221327407952 1.3933617577548338 1.1122550578233574 0.90135507541348 0.8973514460085524 0.6169029712796332 
1.6038204127108373 1.4669704168073603 1.1995324231666105 1.0092771283388722 1.002037001426574 0.7640945228098157 1.541820321447334 1.3989182217656473 1.1152793469028108 0.9075297841878028 0.8994710332345117 0.6235466519739803 
1.6076634319187861 1.4716467774261899 1.2039591971196075 1.015224248877503 1.0064868535300846 0.7708296267716298 1.5448134906612156 1.4027156690180977 1.1186531003527813 0.9124402918048337 0.902708589152053 0.6293213202402171 
1.6107505004868663 1.4757117062077845 1.2086858875732314 1.0218265214011084 1.0114613461812023 0.7786282295413454 1.5465582893698804 1.4053648663029434 1.1217160703220268 0.9173084581746154 0.9057479905683977 0.6352852016525256 
1.613146064337576 1.478794106029575 1.2122720980406214 1.0267401924673107 1.0162160865130063 0.7856760895100539 1.5479929149992289 1.4074352020707066 1.1241198689142586 0.9209979711312127 0.909250776457084 0.6413491698192259 
1.6118702637796536 1.4776540530980484 1.213472923990103 1.0285194653661591 1.0197093935318484 0.7906598514134191 1.5468089481435936 1.4063974102070476 1.1256148151375276 0.9232250351009174 0.9133999244893171 0.64779254043026 
1.6126382818513145 1.478814276659635 1.2159632050733935 1.0319185785963736 1.023727895532968 0.7964347059567155 1.5470746045657784 1.4070285245340124 1.127565572413578 0.9261174638523777 0.9169822288857946 0.653563956206552 
1.6150938714716738 1.4821712134248728 1.2196418349931097 1.0372220099406684 1.0285971989390987 0.8039374912923017 1.5485018319864396 1.4093123202134294 1.1299804934888744 0.9301393486490936 0.9205117640016123 0.6600342414643047 
1.6173647007800807 1.485999686799913 1.2233209486187344 1.0434752690741838 1.0337541832222203 0.8130032012049154 1.5492863188350436 1.411600011182148 1.131783400536269 0.9344839001124848 0.9236163888376171 0.6673782492480859 
1.6198970144471192 1.4896866118129308 1.2256410219206477 1.0475188679039102 1.035965931782841 0.8175116365010897 1.5502954352686102 1.4136887212589233 1.1320536709072984 0.9362934250621915 0.923349885479329 0.6690851029687404 
1.622763131439179 1.4953235965764367 1.2291685010438114 1.055219257632408 1.0377951181029377 0.8244095977596878 1.548567301978926 1.4144586125010126 1.1294050256477037 0.9371169562430776 0.9174525683425221 0.6665970993623435 
1.6258075723587215 1.5011368413369115 1.230131780720651 1.0598989348135792 1.0373514609518608 0.8284078751550832 1.5469970460020148 1.4154015029026075 1.1239100479749078 0.9345241302497008 0.9088716364476117 0.6604613581572807 
1.6310718236779274 1.5099369031572278 1.2354825792361623 1.070481835958014 1.039763239009747 0.8370315111846389 1.54681527080516 1.4185033096598822 1.1218999026633527 0.9371091447190345 0.9018590694759577 0.6579239611961554 
1.6354709462870807 1.5183482565173114 1.2394001118884732 1.0801522343027208 1.0428506981103094 0.8474395497433195 1.5461836062218353 1.4217242897514129 1.1189419848004452 0.9394931491337017 0.8963571311420242 0.6588416490091985 
1.6375268055024321 1.5243199402812388 1.2414589143177475 1.0877855843588846 1.0445209203931725 0.8562016086991427 1.5429890684444267 1.4222772257682395 1.1137959698881121 0.939467244846248 0.889013599299246 0.6575731300311776 
1.643117935246892 1.5351638046703713 1.246018782655386 1.0997518650904892 1.0486192561316094 0.8697664642707317 1.5411294285458343 1.4254722984225299 1.108064155692264 0.9405836120037441 0.8802532083042981 0.6570670199987289 
1.6464069018283423 1.5440832692533135 1.2476730334458626 1.109155288671519 1.0494199876064874 0.8802384713178584 1.5372319491826862 1.427101790899304 1.0995973706716475 0.939495520791877 0.8681639762095638 0.6536406853830322 
1.6445492663376675 1.5481385378226848 1.2474467394689683 1.1172797369914842 1.0511178650426223 0.8927706363292647 1.5286885780340482 1.424457585009733 1.0901696413915407 0.938435128227711 0.8586007485506638 0.6552754293362145 
1.646083963455598 1.5565701195595687 1.2486480374972324 1.128024841883232 1.0535905790892828 0.9073980552688495 1.5241771664559505 1.4270368450413922 1.0828875941415574 0.9412564283476051 0.8506331338160359 0.6609802196024402 
1.6501786925479465 1.5650772225162726 1.2531344032222762 1.1387373830867458 1.0605188672245534 0.9225384885408576 1.522171981459142 1.4294700193565621 1.0790104987159532 0.9437375967075012 0.8477134489550404 0.6670795204765696 
1.6565949488081748 1.5753132605347926 1.2602450231668285 1.1513134077290856 1.070021594369366 0.939282309434581 1.5215365103791496 1.4326124377572462 1.0765612135019356 0.9467254569392121 0.8459980735301706 0.673065958741608 
1.6634143795983487 1.5848130276138443 1.26686737895273 1.1617391661188667 1.077738017077694 0.951947565622477 1.5213717670098126 1.435011145494891 1.0735816741424753 0.947239433984122 0.8421068154661617 0.6736681845645971 
1.6661143713893596 1.5897234158903746 1.269889249403333 1.167862212005406 1.082674093598882 0.960971713126958 1.5160267219776042 1.4316495598540029 1.0653725305967674 0.9414361738483179 0.8334165322035316 0.6677323989669516 
1.6695273978190983 1.5952015906175026 1.272632286274637 1.173430576859411 1.08585548765414 0.9676923698720632 1.5125506463813403 1.4300894519255118 1.0583386328905366 0.9367107581898534 0.8243602767410678 0.6609964058212495 
1.671547529533109 1.6013679437306843 1.2726835774410856 1.1789960288348047 1.0855386465198924 0.9740135013480253 1.5081719847843085 1.4299968123769506 1.0489209124086714 0.9330290607522574 0.8117300938663293 0.6551441772680575 
1.6712528287335822 1.6045402944613139 1.2710067878457612 1.1819144612661272 1.0834009469951555 0.977354158404209 1.5033443403126245 1.4288134043849114 1.0403924465075667 0.929451441308259 0.8004472499484272 0.649753290834298 
1.6733085227217035 1.6116582131311494 1.2692042033546413 1.1867434826250742 1.07936162958162 0.9810720213894034 1.5015740600493501 1.4325520728940675 1.0322996441988583 0.9290443149565525 0.7872641062649115 0.6459609560593349 
1.6670316388257302 1.6104632479650072 1.2608051652995398 1.1850008662638183 1.068656560755606 0.9780716911586798 1.4921073553353996 1.4286293249286184 1.018341563448139 0.9228309314527771 0.7677347978605634 0.6356210412234637 
1.6597513311874434 1.606943904011117 1.2517365798675415 1.1808211950327154 1.058620068475225 0.9737405602307475 1.4827557632255186 1.4233969518860472 1.0053032564248912 0.9154937829600429 0.7513099369624295 0.6260677684072947 
1.656784877289674 1.609419395029077 1.2466291074797509 1.1829534188190844 1.0511870117232995 0.9748275709558896 1.4763450843267505 1.4229861093825757 0.9943554746748066 0.9132565189998699 0.7346106533503036 0.6204413521806552 
1.6557149682031296 1.6116466591694008 1.2418471330771312 1.1824538891694214 1.0429116107954164 0.9714306593946324 1.4746322361632715 1.4249747822371772 0.9875892253016384 0.9117814299556064 0.7216736131603331 0.6138613051918895 
1.649962186856414 1.6099722088458546 1.2351212774687352 1.1811688555223594 1.0346187327010854 0.9695726982831149 1.4681437582389538 1.4230535443390735 0.97907887672853 0.9100718334593155 0.7095821297467968 0.6108535782460475 
1.644077376065643 1.6077671641163997 1.2289548429828046 1.1799384906048662 1.02786734245762 0.9687291206580352 1.462170986133595 1.421220893531646 0.9722569517832671 0.9095099866471451 0.7010455390992015 0.6110562031522879 
1.6440763434464378 1.609258709145366 1.2279317557096607 1.180907687569274 1.025420621150272 0.9686144847978528 1.4627565788880288 1.42351093390961 0.9718467897154417 0.911708699399216 0.6986825003391812 0.6122775564727242 
1.639875188378216 1.6069188829615795 1.2237813160277002 1.179253311387545 1.0200797936722843 0.9662093191531999 1.4593897243226328 1.4222573713707691 0.968642577764621 0.9117379592944947 0.6936789743523224 0.6117092302871439 
1.6386041181730995 1.6082035481038588 1.2221985929029044 1.181128526678549 1.0176117456544218 0.9678991997795224 1.4572108109995068 1.4229401054625737 0.9655098612100449 0.9129646697073441 0.6884573744930328 0.6125918319189704 
1.64366423026735 1.6153985922800478 1.2293016265589012 1.1912443070757401 1.0258162390313188 0.9798874763667306 1.4566392837145237 1.42466786056974 0.965063930556085 0.9160943729443818 0.6873607911863754 0.6167214665798166 
1.650176595975052 1.622909958359924 1.2383539661598415 1.2017797138177237 1.0363752086497486 0.9923847581174401 1.4584871794787264 1.427563934730704 0.9683091450068052 0.9210735775950856 0.691502442442404 0.6236421754049434 
1.655678188492622 1.6293089418984388 1.2464462118560151 1.2112000344081113 1.046948582429056 1.004728171472369 1.4589324896821683 1.4289371482854696 0.9699700534811424 0.9242398330250705 0.6952086592169362 0.6298352515937878 
1.6576337499657876 1.6321946347864398 1.2509432582757858 1.2170327490358013 1.053866377595205 1.013382464139596 1.4575961803687743 1.4285994196504632 0.9704102284217949 0.9262859646057692 0.6981914621546442 0.6354376402335952 
1.6630874601481458 1.6379559945132867 1.2580795135848966 1.2246648530769593 1.0622307399534294 1.0224353694791717 1.4603116818343986 1.4316250025624764 0.9743789665740994 0.9308352756325955 0.7035513150453278 0.6418912624128872 
1.666715128239943 1.6416952116041181 1.264576575262997 1.2314129136093588 1.071254643258964 1.0318964869616962 1.4608439248269782 1.4322321117067198 0.9773840436102332 0.9340789141201562 0.7097268239991286 0.6487958182694229 
1.6741837774515347 1.6490903675123114 1.273712637246679 1.2405448810187765 1.081879089307992 1.0426265311327398 1.4647775378813979 1.4360295801347165 0.9823572655006375 0.9389534155760284 0.7163408955810704 0.655554725573609 
1.6812018958053074 1.6562942041736908 1.2812385398743515 1.248376094123626 1.0894126204792014 1.0505667679778188 1.4697681401021592 1.4412109706699294 0.9875984848405551 0.9445747421879119 0.7215250715390007 0.6614144730646285 
