1.772712791715649 1.999557457977212 1.3860374342391657 1.6663790550028794 1.1933211538861992 1.5098790554717585 1.7665290307018138 1.9940772808876515 1.378119713055542 1.6597991834412649 1.1841155140915474 1.5026140344587127 
1.774656091164091 2.0035250364309927 1.3884231877586208 1.6710557375521051 1.1959766447158615 1.5149483372068535 1.7676626178730517 1.9973330869751822 1.379473028741704 1.6636268111345796 1.185574554140654 1.5067499305212562 
1.7786537665293376 2.008443677375345 1.3933109937085115 1.6767684125093123 1.2019955695380078 1.52152230781839 1.770226766882989 2.0009846551608033 1.3825372002911893 1.6678266978883025 1.189490199282449 1.5116625675689002 
1.7852321952679575 2.014294653436098 1.4015611132666497 1.6836574812179734 1.2113895481723664 1.5289844986988097 1.7768739623454586 2.006890639248001 1.390899220382717 1.6747924053748424 1.199037832789796 1.5192171287545604 
1.7918554350251474 2.019735614982605 1.4097407878149657 1.6899571424237838 1.2205588054777041 1.5356919782395038 1.786668904981883 2.0151356853644273 1.4031425319008615 1.684456891472489 1.2129318503647104 1.5296371229900116 
1.798629718702293 2.023820914754833 1.4184046847776166 1.6948905804797811 1.230041184106894 1.540708779944831 1.7952837919223494 2.0208478724384698 1.41415942465448 1.6913394420810652 1.2251433969699586 1.5368014097921336 
1.8029747179498385 2.0274308433794483 1.4238032599928614 1.699109682829893 1.2367235474293758 1.5457176727612 1.8013963967950808 2.026027386168879 1.4218040891720278 1.697434787880318 1.2344214343514535 1.5438763774040654 
1.808466907586014 2.0348140637005927 1.4307519106517803 1.7079129801701607 1.2441366419464222 1.554924982702934 1.8078407015314486 2.0342575353464274 1.4299603057825487 1.7072498921112047 1.2432262183986147 1.5541966246629542 
1.813117510435617 2.0402285451998385 1.437360963101562 1.7149763695888787 1.2514226663474854 1.5624327505042417 1.8133746002820956 2.0404570201178585 1.4376852480804865 1.7152481693761548 1.2517951206760034 1.5627310818398188 
1.8274012587971067 2.0532229880101305 1.4494277336429195 1.7254477775039294 1.2613294848901495 1.5707582077752291 1.8279529424176242 2.0537140106483305 1.4501232203137946 1.7260320483505656 1.2621286259701305 1.5713999956514095 
1.8290634724378538 2.0561830089868995 1.4569824464990715 1.7335550841108047 1.2711447567474052 1.580577227738784 1.8284052705203022 2.055597531985875 1.4561560687187414 1.732860605099677 1.2701974805778902 1.5798155018565996 
1.8352476338927997 2.0629704095476304 1.464692000971235 1.741561279619273 1.2787999991042853 1.5884087857567142 1.83505151481617 2.0627959411898016 1.4644462578152604 1.74135460920202 1.2785185262752825 1.5881821857044989 
1.8420154626972054 2.0695472021810954 1.4728162413606118 1.7490546984172908 1.2877004297644699 1.5963010537037179 1.8404260004291397 2.068132616708996 1.4708278550039768 1.7473806787004371 1.2854257252193142 1.594466667038104 
1.8445060615136641 2.072486167582464 1.4768191785593285 1.7532801230894766 1.2927385974591499 1.601302402802372 1.8421552898929694 2.0703942658200756 1.4738820805209112 1.7508068686010603 1.2893822483967468 1.5985940342503002 
1.8552686871975066 2.0834849999593374 1.4892689366583725 1.7654488973220266 1.306932878802718 1.6146087430258638 1.847693894208551 2.0767427789824042 1.4798218780297714 1.7574870224429995 1.2961575423904148 1.605899192992997 
1.8604255168815063 2.087482455965515 1.4956893907037718 1.770165713588369 1.314245762049024 1.6197659779004558 1.8505062453674184 2.078646979225626 1.4833330757937746 1.7597377400748726 1.3001662137372358 1.6083631690149522 
1.8656024998241318 2.092979129841014 1.502106039183003 1.7766292532630574 1.3215233401457764 1.6268106494457335 1.8541028747753048 2.0827353218424203 1.4877994945052406 1.7645498821087628 1.3052389518590264 1.6136101363247721 
1.8695324487711895 2.0987078283001663 1.507042513338094 1.783423704162418 1.327197881631974 1.6342818571373787 1.8574693981781771 2.087969237495706 1.492051649631607 1.7707741518128164 1.3101508329838971 1.6204685053182613 
1.8733720985245856 2.1036022939164165 1.5119165061372966 1.7892767010639832 1.3323205408348284 1.6403346045762768 1.861091665053178 2.0926733565395272 1.4966732067256399 1.7764150075842104 1.314997030312392 1.6262954163282912 
1.8746764146391075 2.104651492153544 1.5144579568955157 1.7912925911263464 1.3351814209328035 1.6425150442611294 1.8629375453310666 2.0942021253031284 1.4999025106333213 1.7790035933702157 1.3186485752482122 1.6291041430258963 
1.8740130568061153 2.102929693755785 1.5135784828940324 1.789219993091906 1.3341176824702536 1.6402007043285283 1.864249174675907 2.094233354972602 1.5014725678745517 1.7789907902740252 1.3203673878431716 1.6290360335731682 
1.875589857526717 2.104722954965116 1.5156339911921646 1.7914150269429725 1.3360320193981468 1.6422554491786867 1.8661349910381861 2.0963017932246992 1.503917845620927 1.7815134829344095 1.3227259912684448 1.6314488810493237 
1.87752310299795 2.10626473364842 1.5183185827391597 1.793474127109463 1.3388756309273278 1.6443375812195773 1.8683516704119305 2.098093441734912 1.506962600972914 1.7838706249756595 1.3259837544747863 1.6338577181171712 
1.876655330800507 2.105285718666699 1.5185773969811218 1.7934519891042413 1.3396143141299885 1.6446760280438089 1.8692682846242161 2.0987035632747086 1.5094389685912974 1.7857207862658595 1.3292461020826656 1.6362420134264857 
1.880999123556194 2.1097979712709862 1.522480302276246 1.7975082885981832 1.3429098401676747 1.6481797886089882 1.87459492765215 2.1040902831245547 1.5145608970190567 1.7908055415201198 1.3339247650370578 1.6408671657203606 
1.8834768562252153 2.113339053066502 1.524293167319207 1.800607271232686 1.343549869538165 1.650406961090512 1.880617925618072 2.1107914789092788 1.5207591440316972 1.7976165496111844 1.3395390872072452 1.6471435430575014 
1.881707019097936 2.1120131537759037 1.523783897054448 1.800470944203888 1.34328519091161 1.6505130596643092 1.881163158580999 2.1115286133989373 1.523112237624805 1.7999025374731932 1.3425232316807185 1.6498929915611011 
1.8895925354548848 2.1173786325612194 1.5298708278958784 1.803673216973302 1.347635540510423 1.651924294157217 1.8887920612250624 2.116664303598192 1.5288820263665932 1.802834594222892 1.346512922532428 1.65100859299 
1.9038639598207168 2.1270900319930557 1.5418955851497274 1.8103193149840222 1.357572839115537 1.6561455371446736 1.9021245711635764 2.1255333238799667 1.5397473501273578 1.8084899582038656 1.3551324364150614 1.6541456849153946 
1.9047820533817406 2.126185236070733 1.5455522310440242 1.811408481288845 1.3619620871687876 1.6575312105915712 1.9019512992727128 2.123649625527987 1.5420621818866969 1.8084315745985968 1.3580002948472287 1.65427742171776 
1.9052654407833387 2.1221415752355757 1.5486404803708735 1.8087940189372946 1.3662062051693844 1.6552848276182954 1.9014643391142865 2.118729595399878 1.5439616480092146 1.8047897484259297 1.3609003005816884 1.6509082632367342 
1.9075501555659105 2.119168190300036 1.5522151442372703 1.8059618148730414 1.3706050167716188 1.6524782403346587 1.9043991414090509 2.116332278395699 1.5483411600159473 1.8026332324073941 1.3662161636430488 1.6488398432168996 
1.9175403644721145 2.1196418207093033 1.5586619972848024 1.801484837710229 1.3744059495577898 1.6446617016577756 1.9156841526879764 2.1179627408384336 1.5563778285685805 1.7995089174493828 1.3718150158311615 1.642497134359707 
1.9102265416828708 2.1055497302532897 1.5555854822380222 1.7900336361559523 1.3745140757917687 1.635133991625671 1.910366856839204 2.1056770297768126 1.5557577831107579 1.790183372096194 1.3747090716619643 1.635297911002671 
1.9100131116202657 2.096308835491882 1.5546170188703485 1.7785372423880614 1.3731348018899416 1.6223007832585576 1.9125359329752027 2.0986077151581544 1.5577155336329318 1.7812462858687816 1.3766418533959113 1.6252702666699252 
1.9099166964117913 2.0874446287057604 1.554429082857282 1.7680195316547074 1.3733606372808747 1.6111370924637451 1.9151807581981735 2.092262083786955 1.5608924764289598 1.7737047707136977 1.3806719340134825 1.6173738838167662 
1.9083913054061448 2.082033685373455 1.5533018975555815 1.7622864913032075 1.3729303971249853 1.6055668057822354 1.9167617042161944 2.089708669463227 1.5635743797945048 1.7713474344774292 1.384541776744122 1.6155069866855327 
1.9084048279667944 2.0774844145569347 1.5531688458783128 1.756777154088409 1.3736466285791882 1.6002617178221097 1.919990238508251 2.088131945372938 1.5673822100454535 1.769355673030996 1.3896973011296272 1.6140604369375298 
1.9084113148234947 2.072900487444185 1.552730518585353 1.7509582369794947 1.3742039368835834 1.594778713316158 1.9228106394354956 2.086164768043584 1.5703945593150594 1.7666413773673308 1.3941317974733736 1.6119820572904464 
1.8972356568440885 2.062493772310748 1.5385787895329313 1.7382756153212933 1.3593249227468096 1.581815940247354 1.9132780702607293 2.0772603104475427 1.5583178520894316 1.7557710418390609 1.3816273311355054 1.6010220190118 
1.8968326016942034 2.0573428456458105 1.5368851336550822 1.7310983737875787 1.3581673789522408 1.5745806727284568 1.916479599580961 2.0754709637308832 1.5610688808665683 1.7526042669382043 1.3854742025783087 1.598194115772549 
1.8989341851986075 2.052929975044424 1.5391079828640677 1.7255213199598258 1.361851168856531 1.569461388131578 1.9207043577906255 2.07308361451146 1.5658887486778554 1.7494507755166762 1.3920462623188568 1.5957328219836489 
1.9017082417274633 2.051497872690625 1.543379022746571 1.7245776563710202 1.368690943585936 1.5701796661701362 1.9255180561537613 2.0735884523150103 1.5726233992199659 1.7507980011338145 1.4015849767224817 1.5989339360880925 
1.9072172056526255 2.051362883728135 1.550209817520651 1.7244601153802919 1.3774938864246946 1.5710192927960527 1.9323065129418286 2.0747097799830727 1.5809748476042904 1.7521682795774522 1.4120270527002694 1.6013845911452407 
1.915887899949329 2.05518086181539 1.5610107563922326 1.7291317217529294 1.3903229833287838 1.5767497986593337 1.9421695706534612 2.079703000616254 1.5931574867451899 1.758207242384199 1.426321911060841 1.608582022643623 
1.921093478156948 2.058041423056679 1.567511919385993 1.7326361316263608 1.3982679153213664 1.5811665030025015 1.9482193877736562 2.0833850172488906 1.6006411991752432 1.762664629388461 1.4353089542315132 1.614015533164771 
1.9223845897325123 2.05888771967804 1.5700770164679947 1.7345310516220342 1.4017262373377477 1.583759001818471 1.9500436039127533 2.0847364794047807 1.6038233643269573 1.7651361180829768 1.4394248819445354 1.6172198744020678 
1.9223452906532792 2.0607986637458886 1.5690886360231024 1.7359489807298025 1.400083197133956 1.5848383750076347 1.9512905534791174 2.0878253135971026 1.604419694249868 1.7679486053889801 1.439568118046812 1.6198259420372425 
1.9201811688639199 2.06193393983891 1.5662334445604238 1.7371134257323584 1.396654848006339 1.585913180303263 1.9500209833228999 2.089750627802181 1.6026769222147081 1.7700421373514275 1.4374042154521496 1.621914525984526 
1.9208256158024366 2.063257062976596 1.566983009328056 1.7386472940544353 1.396930827465272 1.5870962158365856 1.951761752807655 2.0920880959755994 1.6047550108732516 1.7727654403566224 1.4391728979253362 1.6244005945956832 
1.9209908862595912 2.064073641780353 1.5671625654961294 1.7395955047919645 1.3965876085274458 1.5876558071233229 1.9532955616732481 2.0941722863347247 1.6065976698764408 1.7752042379547233 1.4406993143791003 1.6265941497658258 
1.9215830439854245 2.064700247670903 1.5678460142923123 1.740300790763565 1.3973069720474058 1.5883867576671273 1.9525914506041169 2.0935900006382075 1.6057001907492847 1.7744798731944775 1.4396523025273464 1.625762734833189 
1.9248700381851134 2.072988682048882 1.5719585897544375 1.750203193890001 1.4014995368899557 1.5988615837222306 1.957098166690358 2.102948084490618 1.6112611141781956 1.7855866795153799 1.4454444029649707 1.637518529379976 
1.9264512049517268 2.0761873483527347 1.5749827163051535 1.7549672980030027 1.4050812603760539 1.6042421913975335 1.9601217916904958 2.1074669863748663 1.6159931156598284 1.7918631114736305 1.4509019751382102 1.6445230925286396 
1.9263455851922338 2.0769228583145813 1.576039476786546 1.7569011577745657 1.406568260408861 1.6066223940271744 1.9612896014636925 2.1093738754923486 1.6185641845813867 1.7951465860507352 1.4540577218286794 1.6483583057726283 
1.9271145795907958 2.0763495891278545 1.5772579379643046 1.7564736309638727 1.40773385370652 1.6059799551275258 1.9630117559126867 2.109709024309137 1.6209216988650037 1.7957851116576868 1.45648863842167 1.6488833091675743 
1.9281160285274042 2.0760133376412324 1.578742869584623 1.7563111930589892 1.4091796894166086 1.6056112093730195 1.9656593463070577 2.1109279059987553 1.6243812035739302 1.7974465925652117 1.4601276119998174 1.6505067712446049 
1.9309176803732466 2.07964631136595 1.582344985007378 1.7607672599119966 1.4129087354737389 1.6102163788690016 1.9695026715843773 2.11552037697064 1.629206351748605 1.802997234767153 1.465199228698268 1.6562893683707567 
1.9350109959775137 2.083163617086735 1.5871254884708674 1.7647295592112378 1.4175166869401887 1.613894872274489 1.9744060734848567 2.1198071714224125 1.6349248009048885 1.807839098375154 1.4708383140963828 1.6609239739415798 
1.9369737377824228 2.0830492222842 1.5893709513070917 1.764462190713876 1.4193605253278005 1.6130130509263745 1.9775506784097368 2.120833205907247 1.6385784832222137 1.8089130015782435 1.474253616471335 1.6615205467519234 
1.9410067365296828 2.0858423888811948 1.594217501865291 1.767699285300984 1.4242084591988664 1.616044880333962 1.9817840732213006 2.1238407268139503 1.6436211257079927 1.8123801270356088 1.4793007459180196 1.6648008940631938 
1.9392033869118137 2.087371846751376 1.592540755086114 1.7699710470542307 1.4219063321506975 1.6181560704117046 1.984632287732478 2.1296424038580395 1.6475562504237147 1.8196299209208036 1.4832643591451424 1.6723290973699674 
1.9361535768952032 2.088772868869205 1.587955053055372 1.7708423630927996 1.4157920425415909 1.6182547797315756 1.9829389768482766 2.132212093180247 1.6446755190930793 1.8218778739268147 1.4791292777523166 1.6739488775658862 
1.933290992128761 2.08983321924172 1.584510505438891 1.7721349739357355 1.4114740888327388 1.619273888953382 1.9808631342740997 2.1339183631822025 1.6422174759532338 1.8239153111716042 1.4759619913555395 1.6757841817866075 
1.9336505656004888 2.092125821466551 1.584644574738162 1.7745659670035066 1.4107766182663681 1.621196042940856 1.9826114506748644 2.137459732333475 1.6440322632926307 1.8277932119764233 1.4771710534488176 1.6792915959258208 
1.936014173962342 2.0979712795419982 1.587068256812885 1.7810441487462039 1.4129822156641216 1.6278364014184872 1.9857689832261682 2.1439708633148657 1.647395891928558 1.8350056764879747 1.4804209924015161 1.6867065313038574 
1.9352622332341967 2.102583714429133 1.586016908920775 1.7863560675807635 1.4111454068885352 1.6330798278659282 1.985497816519225 2.1489113393070944 1.6469399817244736 1.8406601175129018 1.479288013675028 1.6923094847582132 
1.9332431005566373 2.1058746924377623 1.5835872615835984 1.7902591849924525 1.4079472519415777 1.636946791636747 1.9837330206884798 2.15231875700832 1.644845411146543 1.8446668428119588 1.476510506488132 1.6962790484380332 
1.9253982017205922 2.104881040293938 1.5731087690267607 1.78830566676642 1.3956561765667395 1.6343873842479604 1.9757859653993117 2.151068604128862 1.6343938157827478 1.842446499540459 1.4643865982276982 1.6934562491156628 
1.9188016154270586 2.103893818652807 1.565064381859574 1.787175447505222 1.3861098511176846 1.6327492398300145 1.9672983289794892 2.148216068277465 1.6241581189051422 1.8391463117450688 1.4525025284678474 1.6894771842216427 
1.9349697166506872 2.1176295794957247 1.584661092712016 1.8031633343530584 1.407991787318108 1.6500570004564203 1.9818160538443623 2.1605189429568163 1.641535210001674 1.853344295395553 1.471709190049189 1.7047507652660665 
1.9567667358595506 2.1401270589772095 1.610824671578642 1.829197608943998 1.437445020363019 1.6785279135499773 2.001005133368338 2.180648828621069 1.6642841126942358 1.8764459432039176 1.4971084368763807 1.729896367348761 
1.9536817237503785 2.1541005117487555 1.6057866711728088 1.8444043944634945 1.4318465940582636 1.6951287284204257 1.9954818280846987 2.192082220906928 1.656389532029302 1.8886246368233814 1.4883749922033258 1.7431399411453603 
1.9466128686722097 2.163941965136831 1.5967695358066705 1.8555366120021048 1.4222736166013379 1.70769007975108 1.9854061906774265 2.19890447950343 1.6438397221080434 1.8961941356254242 1.4749231579917137 1.7517823751768509 
1.9412450705993203 2.1734791655146273 1.5898361505910474 1.8663221170328983 1.4150660858511732 1.7198811837235035 1.9775972733107616 2.2060077593259186 1.6340249499338007 1.9041052480905984 1.4645376671858459 1.760809426771154 
1.9349746991168024 2.180644904568866 1.582652687301342 1.8750665700774891 1.408039364159312 1.7302196290130798 1.97164424761217 2.213247874220635 1.6272810087818759 1.9128848881054392 1.4580222234047597 1.7711335120600478 
1.9314825509463474 2.1883662732756166 1.577921320918825 1.8836554346297547 1.403740455144828 1.7403474845013596 1.9719806863532436 2.2241919720991286 1.62724266099135 1.9251599359923868 1.4589620447942466 1.7851869228599593 
1.9278041379236535 2.193795551503275 1.5729507213500238 1.889572464711412 1.3991749959871211 1.7475699691272908 1.971474036348326 2.232267905874105 1.6261780510127297 1.934105783351976 1.4587569198449617 1.795628546998393 
1.924242129280772 2.197660112414793 1.569109305975527 1.8944936557558065 1.3959649910004908 1.7537732047499757 1.9702294669147042 2.2380362709078243 1.625177034756214 1.941185872578667 1.4587030665282776 1.804111092449409 
1.920880372865265 2.1995888884196066 1.5642584653627416 1.8961314347004008 1.3907346857179481 1.755720033849076 1.967843976147245 2.2407185868955075 1.6215835020309624 1.9436931149898637 1.4549128749375337 1.8069812796094487 
1.9173041180233275 2.201017220511736 1.5604380070317467 1.8982593336499651 1.387603886773603 1.7589389615871296 1.9656566506817028 2.2432627559804956 1.6194807072543993 1.947084868507074 1.4536834366426583 1.811523463267647 
1.9142528058286765 2.2006117281390103 1.556799624814626 1.8978812516126926 1.3836373871151937 1.7586303171567812 1.963630172507787 2.243695974900111 1.6171285420717056 1.9476737136858835 1.451182989420342 1.8122528085736163 
1.9123801848500628 2.2009771060615693 1.554740004183066 1.8985043404235769 1.3821191373420598 1.7599305553933542 1.9651134675247535 2.246947527257181 1.6191631941985218 1.9516125894877703 1.4542098468402558 1.8170934287061744 
1.9105171711234343 2.1997254038987433 1.552722764809446 1.8972780438716645 1.3801588414227872 1.7588503116972434 1.96641146329996 2.248441690237372 1.6210015935209594 1.9535511658509201 1.4565495561076836 1.8194099595191542 
1.9100956751029226 2.1999611353037327 1.5516592899367083 1.897105706292322 1.3788762149108564 1.7585969193783122 1.9698205598700838 2.2520116666853416 1.6246150627415992 1.9572270207839686 1.460488673727698 1.823291165691012 
1.9094792555930427 2.200015485113721 1.5502257124496936 1.8966172167151072 1.3770314490018591 1.7578887105673555 1.9721014627904319 2.2545822865311793 1.6267368906925792 1.9596504838210715 1.4626307680136366 1.8257179055758204 
1.9070603028523274 2.1976643900093595 1.5476424389099732 1.8942140563081065 1.3740404792855303 1.7552313269524362 1.970583488694455 2.253008889976959 1.6252745632400731 1.9581540231338315 1.460926940649398 1.8240496973260376 
1.9052846347055967 2.1960447613482836 1.5456040421936144 1.892457373323172 1.3719133249754665 1.7534677715445013 1.9673525072048574 2.25010642908402 1.6214987522675557 1.9549325456918558 1.4568845251444054 1.8207184225478799 
1.90382101696332 2.193895024797506 1.543935521526482 1.8900734932354482 1.3696560315025266 1.7505994858422784 1.9621748041984564 2.244720668018908 1.6153428095086348 1.9488389639555264 1.4496734605528412 1.81388920759545 
1.9008831317811623 2.1895389213919354 1.5404548200743053 1.8851326373202921 1.3658930209537496 1.7453904297578122 1.9531774556988313 2.235089747873709 1.604539356154956 1.937852046222869 1.4377792728545506 1.8022023318845641 
1.9038297651550702 2.2023658431991744 1.5441666931683282 1.900078500717907 1.369634935992219 1.7611778418122372 1.9471733395490012 2.2399400766204463 1.5972999141834354 1.943505736665166 1.4292711770165976 1.8079445871072515 
1.9036384628944751 2.200884051423709 1.544082699148993 1.8984842881128197 1.3691817433092073 1.7591787449293603 1.941092120011629 2.233358419235757 1.5900284911822304 1.9360376579940897 1.4207948012191063 1.7996413747108726 
1.9012938710410971 2.191856153870148 1.5414726828777863 1.8882407281007472 1.3660247435747424 1.7479526925115678 1.9383381037317613 2.2240660106162404 1.5869386416551965 1.9255360987471617 1.4171308409523944 1.7881763994579616 
1.8987937997555422 2.179029468729161 1.5387877747077698 1.873664683765505 1.3623836673969965 1.7317161397844887 1.9353616308147916 2.2109672484299923 1.5836901728652892 1.910713504225605 1.4129033955759644 1.7717357412520893 
1.8976192004453896 2.1661314318154843 1.5366138707882993 1.8580497673364404 1.3596410356778 1.7145817262233376 1.9336711051518043 2.1977831314529195 1.5809198274735505 1.894854678042356 1.409520861462859 1.7543989879440196 
1.8993639032937422 2.1598842691994498 1.5374208854881735 1.8496431543233522 1.359029330491156 1.704252780644714 1.9352116503409231 2.1914746064728288 1.5814941901933246 1.8864359763361278 1.40869500446876 1.7441153731376946 
1.8977288615872527 2.1493622617188683 1.5364011263017383 1.8381816343607749 1.3584747070524539 1.69228745480821 1.9347281218820516 2.182099036616177 1.5818743611302544 1.8763554552379593 1.4096991179685296 1.7336767008878127 
1.8974489473023406 2.138937026566879 1.5346651438078471 1.8248112778089576 1.355470287250429 1.6769134729075201 1.9347432304723953 2.1720889631547693 1.580542933253874 1.8635597816702207 1.4072023876680853 1.7189990273001206 
1.8951704762453985 2.1257250605927873 1.5330137816837166 1.8102947699289775 1.353852966770103 1.6613108543653743 1.9324499730063416 2.159027280367761 1.5788676382053721 1.8492860563396378 1.405563808502556 1.7037152106417932 
1.8935537331809968 2.112795000288407 1.530347067969776 1.794524761947767 1.3500759372878586 1.6434907998658497 1.9302750957580346 2.1457676757057578 1.575556521773716 1.8332308436483633 1.401114285596892 1.6856684769264951 
1.888008157346999 2.094516368952224 1.5272220780910712 1.776184476176056 1.3480959273763904 1.6247420247561795 1.923691698045404 2.12673782275315 1.5711213265463653 1.8140689734210245 1.3976328474706117 1.6660737060312818 
1.8868132389247456 2.0781090808188316 1.5262466737004505 1.7572427442393068 1.3464936462463124 1.603595426715133 1.918844612218949 2.107234633125056 1.5656721739373443 1.791592171628825 1.3910232157091016 1.6411638369893757 
1.8915074580973794 2.0785567338992723 1.533388997494768 1.7589427078896032 1.354517792883508 1.6054021562331384 1.922744798088922 2.107022826306827 1.5717598137686337 1.7924917138380334 1.3978074065399746 1.6420910991105242 
1.8950568227436582 2.0762321632291725 1.5384781314751568 1.7568194543627098 1.360032308670382 1.6028685269938048 1.925188453987632 2.1037704764463467 1.5754444398223917 1.7892805305952695 1.4017125606083758 1.638382658833793 
1.8998964845648854 2.076595935097151 1.5450475058269277 1.7577871944185992 1.3671079176356233 1.6036296592611432 1.9285794270400196 2.1028700939435154 1.5801847200887655 1.7887503389802641 1.4066968446691028 1.637510317036815 
1.9074912822624615 2.0809381663344277 1.5532837238274564 1.761950903659716 1.3751744549355511 1.6071357881981505 1.934716302212624 2.105922085512019 1.5865984069219563 1.7913891718572181 1.412695635884563 1.639356465155547 
1.9079569701466015 2.0844928069751165 1.5523657725971027 1.7648370900258754 1.3729716617363228 1.6093047089755874 1.9334050402155776 2.107810596787814 1.5835386769924502 1.7923183879910956 1.408121597565707 1.6393952836125276 
1.903635156595993 2.084612634382765 1.5472051915076583 1.7651138576953755 1.3667875181710762 1.6093138742421413 1.9279526409453762 2.1068422844931347 1.5770283703625152 1.7913127886910902 1.4004580308342875 1.6380066306728587 
1.89738902373684 2.081980324786245 1.540079159587922 1.7624984491332296 1.3588326637953032 1.6065438598423136 1.9184026627475887 2.101148671997543 1.5658951072268665 1.7851006840615573 1.3880237307903058 1.631308322371047 
1.8877744087205257 2.07837854647803 1.532020941834716 1.7615485603468701 1.3513741873441754 1.6069154795632938 1.9056468840685385 2.0946253151817227 1.5539903457744293 1.7806883946946277 1.3762303668936136 1.6278744383398034 
1.884890275099853 2.077761574379024 1.527934013878217 1.760359100174166 1.346661677024337 1.6055464749318222 1.8995139724692736 2.091036858213169 1.5459380107902128 1.7760084864678998 1.3670551030613212 1.622689577709181 
1.8827599191990279 2.0805817737888432 1.5242251305310281 1.7627529187672133 1.3422819017413332 1.6080287024249071 1.894113915223245 2.0908618146406353 1.5382278306682433 1.7748747739269748 1.3581617408255653 1.6213077802571387 
1.8821406425520304 2.0831676501871303 1.523320178145806 1.7656835576020327 1.3416247657024558 1.6115492770580024 1.8902468079079433 2.09049445233566 1.533324480208338 1.7743218484948469 1.352973247483545 1.6210091513764413 
1.8848527173551282 2.090479987012794 1.521020817780286 1.7694465626576603 1.3368458737345192 1.613875366966424 1.8961809756774302 2.1006996697531544 1.5350364342650014 1.7815088168462736 1.3527710140748175 1.6270913393233368 
1.8797907427461946 2.080744443345768 1.5142327542733616 1.7574939647447698 1.3301546194763563 1.6016227750985217 1.8891108563433459 2.0891682626237382 1.5257874770603834 1.7674590878304057 1.3432936770320518 1.612551427010714 
1.8687553916772335 2.0549842384609014 1.5018559921386372 1.7280870717422574 1.317580740722454 1.5705834949860928 1.8681114167743664 2.0543986399632206 1.501054620153021 1.7273906561871666 1.3166672168329896 1.5698172079203139 
1.8609629105123104 2.0329076726950612 1.4911684272081576 1.7009156151033626 1.307023367160071 1.5420248810257409 1.8578966030978283 2.0301010908825328 1.4873399449360762 1.697560238460612 1.3026537973699879 1.5383229723313796 
1.8493753732731004 2.0093839154947517 1.4761830667193754 1.6722891182594652 1.2910110540460216 1.511338476400644 1.8425562451521038 2.0031095739197644 1.467630979418539 1.664744767322913 1.281223550731495 1.5029864389038976 
1.8393715835499145 1.9870128495032235 1.4659703775898476 1.6474226505942304 1.2825621831205378 1.4865725664396339 1.829144689249847 1.977549629195414 1.4531178960466078 1.6359962901947303 1.267851815241403 1.473899747992013 
1.8306516290439667 1.9625370959147064 1.455281539126134 1.6180577319865104 1.2729220122699307 1.4562269449647363 1.817016213499849 1.9498241936239609 1.4380914057601937 1.6026145379477028 1.2532330120617354 1.4390481049781934 
1.822450215027785 1.946148648324382 1.44669121372006 1.599714112888556 1.2656578642962009 1.4380749648661644 1.8060550373050153 1.930804125978298 1.4259822857857738 1.5810108331364525 1.241933911677598 1.4172401405883266 
1.8267365127431516 1.9531574864790118 1.4512095654966617 1.6074411600394618 1.2715400579568894 1.4472981721086398 1.8083158646843227 1.9359401195463177 1.4279527942018986 1.5864763037842735 1.2449313629550065 1.4239775203524143 
1.8185989850973303 1.946905843587984 1.442339723711803 1.6010883716388173 1.2629914839764518 1.441626714443458 1.795666226300712 1.925501828479277 1.4133148291435422 1.5749917147328236 1.2297407923123638 1.4125871695145187 
1.8153782076278044 1.943157182198584 1.4386817829978733 1.5968929427891967 1.259275390345551 1.4373713183203358 1.7890360601871445 1.9185702548121455 1.4052961469561993 1.5668819542805197 1.2209940608577667 1.4039545201501151 
1.8072437707322302 1.9357363994538228 1.4301311156850094 1.589408811278725 1.250304622582213 1.4297576754717736 1.7787266978741982 1.9091396038662152 1.3939202369326769 1.5569068656314833 1.2087184403865319 1.3935370929582211 
1.804884635823243 1.9355015605859893 1.426479937409146 1.5885221919226686 1.2459464655557237 1.4286148317271523 1.7748386753479315 1.9075141063464773 1.3882682689994756 1.554299369204916 1.2020093052513363 1.3904618341798525 
1.7990870545116293 1.9328085436357452 1.419286772752896 1.5853736404871028 1.2372862792867825 1.4247497933150683 1.7670500631593125 1.9030240572182293 1.378450811349948 1.548922617806109 1.1902222619793876 1.3840750230935206 
1.7963177801070305 1.9349192883861204 1.4156773926035022 1.5878594287179992 1.2336241375429755 1.4279298295674931 1.7636077157941474 1.9045911006430358 1.3739348922014647 1.550758580001623 1.1854885578564855 1.3865562398433935 
1.7913803235978925 1.9362988869938675 1.408765643736988 1.588971540013757 1.224352683736876 1.4280229025382227 1.7581815091718176 1.9056264416704787 1.3663013556290173 1.5514474887645056 1.1752439106813914 1.3861486809118604 
1.7832824788367125 1.933826142243922 1.399503136876088 1.5868825347914097 1.2136922101282557 1.4257054148827555 1.74898153721702 1.9022417213976803 1.3555253772342333 1.5482364798137298 1.1627075294871063 1.3825613723180645 
1.7774999488559597 1.9355122129459528 1.3914623084305735 1.5883541211149799 1.2036427058653827 1.426694508878106 1.7426198820405268 1.9035297506377302 1.3466199689901157 1.5492213525390552 1.1515093349525831 1.382995013282022 
1.7736283940848319 1.9377227058699447 1.3850595404905666 1.5897803418220833 1.194549831988578 1.4268710192739706 1.738263120388838 1.9054055421993346 1.3394741229691374 1.5502266062237289 1.1413808726730703 1.3826647826005911 
1.7665022009937943 1.9389699899884782 1.3774375202222133 1.5926106611711226 1.1856240121201662 1.4299576546443324 1.7310912889376804 1.9067647066683189 1.331721121945552 1.5532404007737888 1.132188731014366 1.3859747178776098 
1.7605908097402447 1.9407981298789965 1.3717355882756015 1.596457298439833 1.17873176293074 1.434024389800191 1.7245131937163631 1.9081307965917353 1.3251129310748613 1.556580117341157 1.1241326989736622 1.3894933272606278 
1.7555248712908427 1.9434300893164975 1.3658878405347672 1.6002195259590883 1.1714582758770071 1.4378342847702337 1.7192511896406324 1.910726979822269 1.318941496913616 1.5603395818284973 1.1163653396091846 1.3933142179066178 
1.7532102976247688 1.9461844751660953 1.3623505107341245 1.603086578378576 1.1666766306468686 1.4404936737721308 1.7160986284760937 1.9128204741526398 1.3142477198220777 1.5624131120601652 1.1101272519209364 1.3950878750593205 
1.7482965106977135 1.9484278013100202 1.3572256589520404 1.6068265920496214 1.160854120601637 1.4447880456723747 1.7105883560102355 1.9146651747284171 1.30829405093725 1.5657150223836394 1.1032470818986109 1.3989225608724023 
1.743118977793051 1.9474311785380993 1.350971396418995 1.6059726455772183 1.15278208571364 1.4432362805661065 1.7072884615267248 1.9154264055980565 1.3044132144616942 1.5670093357929589 1.0978509267028425 1.399750364051494 
1.7358960082046504 1.9464637195233925 1.3417660368711228 1.604905653869049 1.1415006456856867 1.4416690966448713 1.7035999986208148 1.917717136446572 1.299713084377025 1.5699172468066078 1.0917608383253357 1.4026146256976075 
1.7318875151848776 1.9464846857073523 1.3371827466929305 1.6054363782141134 1.134930372689554 1.441331057492778 1.7005123191595086 1.9186220091652368 1.2962891191448187 1.571538655857135 1.086450520370463 1.4034753291929467 
1.725319594839982 1.9456020434556496 1.330088433427943 1.6055450314141924 1.127607226448465 1.4422682359044035 1.6952006892456124 1.9189437156880864 1.2907799631303547 1.5731346161021311 1.0809605587711328 1.4060993338945864 
1.7205145262306911 1.9409157458506074 1.323766242117852 1.5997939746388659 1.1194060802813337 1.4352887061810318 1.6918289238663642 1.9155335562581044 1.2862627789183747 1.5689026846655658 1.0747952573540784 1.4007742654513682 
1.7112854549965795 1.9293993468856698 1.3136351154269779 1.5873629540098413 1.1083539707525072 1.4221576761255588 1.6845186941387293 1.9056986021359332 1.2785705060350991 1.5584692714913726 1.066561693903756 1.3898337232139857 
1.7026493260397162 1.9174455119777198 1.302990570289555 1.5733299050750609 1.095810770645872 1.4065503222435733 1.6777111777965539 1.8953356853189622 1.270230095259713 1.546307556355947 1.0566462576016156 1.376257198943388 
1.6952712946020172 1.9065741078860794 1.2950198592691928 1.5614597344989718 1.0863651455664434 1.393294403943976 1.672600356732474 1.8864442795644931 1.2651970703971773 1.5368160896807397 1.050636197997004 1.365619451787942 
1.6904966316577652 1.8995196116771869 1.2887842548876247 1.552855675568805 1.0782916347845095 1.3831517426321127 1.67014850969794 1.8814334795432577 1.2619754508096623 1.530678912099546 1.0461023049617326 1.3582068789202366 
1.6854624747387288 1.8920436370846205 1.281535742674546 1.5431718085269701 1.0688526398678164 1.3716746467848706 1.667730042000923 1.8762646039064959 1.258123046046133 1.5237844236874192 1.040665991080904 1.3498263132241866 
1.6809737889289054 1.8867644171612947 1.274670588609465 1.5359011023715037 1.058792548078234 1.3620751619003997 1.6658557385518111 1.8733078840559019 1.254666319013147 1.519340205110758 1.034622695704091 1.3433730715128989 
1.6769471952031196 1.8789220754782807 1.2620992146022476 1.5202271862190895 1.03889795432449 1.3407107181340836 1.690857260711149 1.891347283372255 1.2805236460525087 1.535557578965898 1.0612046645674011 1.3580690742077923 
1.6742094676064643 1.8720106745483907 1.2581430417178803 1.5114134237934769 1.0337032869364011 1.330409376704449 1.6905174833473684 1.8866096537713148 1.2797640147711296 1.5294582562800205 1.0599124989842887 1.3508742094299973 
1.6684751791519856 1.8618708391148537 1.2506391456556323 1.4989502562614443 1.0240284380066063 1.3158221156167917 1.6894559894966932 1.8806953869636227 1.2784953616052934 1.5222693545316643 1.05786878148769 1.342326322824018 
1.6645819084593974 1.8572367019554428 1.250550351633364 1.4974549806556223 1.0273662608682115 1.316805479594587 1.6610887509974686 1.8541065438130382 1.245896902111218 1.4935709985837065 1.0216967958696601 1.3123869779186055 
1.6626739997794215 1.8522187471361204 1.2477310681162428 1.4909937209936535 1.0242860572820953 1.3097295082735596 1.661688125233643 1.8513338119427571 1.24641703066931 1.489894248610451 1.0226849579134818 1.308477734179111 
1.6605358526081302 1.8431008115773293 1.2446287114625831 1.4794397295047237 1.0208935404815773 1.2968673428061215 1.661757759030181 1.8442017605286602 1.2462584648847967 1.4808110767876537 1.0228798330678976 1.298431529475856 
1.6561364722344625 1.8297443733224623 1.2391796590749906 1.4631277061504953 1.0154644849846841 1.2791968485363032 1.6589940185742715 1.832331195691764 1.242996124879402 1.4663614232191224 1.0201182574903804 1.2828942732373583 
1.6561362177281735 1.8203937443012104 1.2385803233020374 1.450905727430621 1.0147031008482135 1.2651753220368234 1.6600395241351875 1.82394556780376 1.243794704640191 1.4553595706597664 1.0210614246415246 1.270280538113916 
1.6602603044115822 1.8196457582301122 1.2432173576671297 1.4492190329432058 1.021391501043963 1.2640755536932278 1.6651986695301073 1.8241526844112694 1.2498046763414035 1.4548739244501017 1.0293993049370296 1.2705547355564184 
1.662767080174039 1.8183120602389733 1.2461636636134517 1.4472001458024042 1.0258846475654562 1.2624989883601887 1.6683856018050802 1.823451370837868 1.2536506809755659 1.4536520957266563 1.0349664069478295 1.2698896995450037 
1.6601826465464393 1.8139262957170945 1.2424680293246744 1.441474588847802 1.0231977657784148 1.257400435141463 1.666979896679603 1.8201494890074112 1.2515360002548628 1.4492979494686178 1.0341901294897085 1.2663614848588614 
1.6565036634959338 1.8077981508939127 1.23752785309077 1.4337381052254454 1.0192869994145173 1.2502302805385295 1.664679056940241 1.8152922987264202 1.248449903927046 1.443175987125427 1.0325201996161868 1.2610423188043494 
1.6384860762907998 1.7940344410291627 1.213576913342875 1.416577522763516 0.991858914865829 1.2319525398321234 1.6486938558139956 1.8033619668826388 1.2273238091876242 1.428372040470836 1.008632200060468 1.24549663524187 
1.6216052303261606 1.7820377739041224 1.1909756094148862 1.4015983757200776 0.9659263954469615 1.2161697685854387 1.6331199238944947 1.7925221868699868 1.2066068394556528 1.4149046503638185 0.9851349979678723 1.2314812498861523 
1.607428342558336 1.7732970562598471 1.1705856833482289 1.389614124618716 0.9417170953422476 1.2031573716433939 1.6207779411319243 1.7854068745638456 1.1888507475961143 1.4050347587657182 0.9643268873467337 1.2209352640250177 
1.5932561799142972 1.7626816068692326 1.1508435577588727 1.375871391807788 0.9183870937873091 1.1882828141461526 1.607343939060679 1.7754255069687097 1.1702692758656443 1.3921606841148402 0.9426155831700957 1.2071061800832186 
1.5811338176851129 1.754275046532755 1.1340782272081145 1.365148422292426 0.898195246829719 1.1765421755668175 1.5961871358607989 1.7678546778928124 1.154973007774424 1.3825554014749282 0.9244370853051601 1.1966957483619216 
1.5789766591277434 1.7695216488842995 1.1284613718112864 1.3825572839742337 0.891057778861848 1.1966718602316218 1.5961734128691063 1.7848835087338923 1.1524006861982554 1.4021650820606717 0.9211874071817363 1.2192726581656008 
1.5736907515400034 1.7788992698414772 1.1219759961258262 1.3952813933549535 0.8840015895248944 1.2122041251548934 1.5960265156577256 1.7986885971291808 1.1530950494571297 1.420425367220165 0.9231775926020627 1.2410628099506247 
1.5715233910831776 1.7876189107081997 1.1189817440519618 1.40641947679971 0.8794294731935984 1.2244557156228926 1.5985234609919148 1.8114007995310066 1.15659484269193 1.436526098385118 0.9268158851366165 1.2589214773533615 
1.5712401739279072 1.797050005182104 1.1174064443008194 1.4174590642149072 0.8767552448460174 1.2366457845013665 1.6010576749152419 1.8231781907879987 1.1589595143942693 1.4504413786723682 0.9291338728111251 1.2743165974611645 
1.569672787338941 1.8020431771276737 1.1157565778037788 1.4242189767842584 0.8745253012419937 1.244299584277195 1.6010003943511069 1.8293958608328598 1.15941465589857 1.458673814542648 0.9295827590442929 1.2835930269491183 
1.5689479733052494 1.8046569905936833 1.113974537473209 1.4269297042596913 0.8721134773288679 1.2473055071227137 1.6016459541542412 1.8331554416411744 1.1595737534364297 1.4628056605095052 0.9296525893357421 1.2881937150982572 
1.5631431872420392 1.79930435322688 1.1098665108116381 1.4233352393379433 0.8703874998075282 1.2456540175912412 1.5973802106640735 1.8291263130634803 1.157588262475566 1.4608525309356863 0.9304737037773824 1.2883558689823245 
1.5654534833256113 1.7988810906939596 1.1114103771588106 1.4214645955690526 0.8710127005137698 1.2425746232948305 1.600553659805347 1.8295082912947649 1.1603277278063684 1.4600304811599962 0.932625612942455 1.28651432324568 
1.5646521986500388 1.7955850009232088 1.1117661890615311 1.4184544588884058 0.8733574843902123 1.2404605146236618 1.6005129149933155 1.826918329827691 1.161692363519878 1.457915683522336 0.936086739496079 1.2853977503716116 
1.5656011932729292 1.791393928865904 1.1147673445062967 1.4144579684026033 0.8784583361649089 1.236799967811133 1.6019423185425934 1.8232400565854239 1.1652546193590567 1.454580159337264 0.9417011967379143 1.2824922050202177 
1.5694116460308847 1.7870364984793596 1.1206730102475788 1.4093809024168626 0.8858274081881695 1.2309089037363283 1.605786683030274 1.8190649805868317 1.1710704302463495 1.4497767017018068 0.9487824586265126 1.276963071508871 
1.5730158230234208 1.780992234127384 1.1272556140831813 1.402946819384844 0.8952673675958764 1.224360330140621 1.6090324399843683 1.812881670562657 1.176992707251005 1.443213910500467 0.9571364964946484 1.2703010790604132 
1.581084721266144 1.775692097504869 1.1374981449748567 1.3954051594935573 0.9076906322207142 1.2153829903126174 1.6162838878183623 1.807104627668592 1.185937072538522 1.4351655895196345 0.9677019138253473 1.2608332654801109 
1.5902706461205338 1.77369913625525 1.1502405283733572 1.3928751455721435 0.9236194770102133 1.212485396346125 1.6234506009831715 1.8035076245673651 1.1956941076348164 1.4306405198625616 0.9796448663840484 1.2556878442800266 
1.5950236323180198 1.7686931084145066 1.1568810222546526 1.3865599964491149 0.9311922527883111 1.2046966156476782 1.6263778344692754 1.7970196950932311 1.1997408772118126 1.4225164661799066 0.983932662560284 1.2459126809503824 
1.598806406686266 1.764893719129016 1.1622880467685492 1.3818760499484204 0.9365955163575415 1.198281717719606 1.629161544605399 1.7924383538021746 1.2037021708134656 1.4168863150517932 0.9875204168122549 1.2384928289582662 
1.6045616009175092 1.7639757585462903 1.1700193545146849 1.3805570743504088 0.9451920062817712 1.1959851480428008 1.633093467361547 1.7899683848434196 1.2088513688369469 1.4136174084733677 0.9928566214408604 1.2340003307693883 
1.6132499692510147 1.7708952341367912 1.1817239200796439 1.389232122536907 0.9594178773028987 1.2058097405015435 1.6460408247332141 1.8008178318998287 1.226110254703222 1.4271793242926412 1.0135865018282357 1.249340651579224 
1.628548928672777 1.7838466855313688 1.2023167450723 1.4055258588447421 0.9836795300712777 1.223749485099483 1.6603830386634435 1.8129559342359234 1.245096694028721 1.4422909421754162 1.0355315735800865 1.2658052868752168 
1.639699299133905 1.7927397747693945 1.2162457085557261 1.4158233406891623 0.9978301336300783 1.2332749425980485 1.6697080027059281 1.8202271624058957 1.2564094262222885 1.4504712181771204 1.0464110083042035 1.2729014521007584 
1.6520972639013842 1.8016492181860597 1.2338404727477696 1.4278924497981071 1.0182042894186019 1.2462963174905237 1.6784282527503045 1.8258247275219053 1.2688807439749568 1.458277366768901 1.0603942687653682 1.2809959177259076 
1.6695698736830933 1.80723937880132 1.2567244579103967 1.4345755373246054 1.044628720220816 1.252956412765496 1.6930578694569718 1.828960239729169 1.2877646327377452 1.4618441635517037 1.0817719488552937 1.2840876755541968 
1.6815009996057837 1.8142854539226316 1.2713809264241973 1.4424269675499173 1.0601575488932058 1.260206381953071 1.7013411764179605 1.8326887065771016 1.2975074747280844 1.465507333183717 1.0913524707331037 1.286559875021466 
1.6873478057116649 1.8178240194914275 1.278033960519035 1.4459295808025956 1.0668456828613826 1.2631315289549105 1.7046290919258567 1.833876192505909 1.3007645935525651 1.4660593699574278 1.0939732330546164 1.2861255704790142 
1.693907497550799 1.8236980225406865 1.2880499415235458 1.4545186554385647 1.0784591848831415 1.2726453082531717 1.7068814662590985 1.8357549419840358 1.305064895497082 1.4696075151613814 1.098724689382563 1.2898634851094941 
1.6935012830272318 1.8194230028047025 1.2876335728827824 1.4492597025843503 1.0781026669176177 1.2667512889020007 1.7043594788233143 1.8295340118661036 1.3018812754836286 1.461933077461099 1.0950799047808701 1.2812312302527127 
1.7002600314523804 1.8327098310955967 1.2961415170244528 1.4655797428302735 1.0878111094093725 1.28501912833796 1.7067823782762843 1.8387624200082102 1.3046856879702673 1.4731415053668302 1.0979776509539936 1.2936367621687512 
1.7064110312160812 1.843572863874908 1.3037185353656402 1.4787171184563768 1.0969101656270352 1.3000516175967514 1.7091733212567792 1.8461299355830645 1.3073319601753526 1.4819038940012035 1.101202409230896 1.303675206121498 
1.7085094225376602 1.8458577958445144 1.3079835323504534 1.4829050800641186 1.1024769362213296 1.3052363580899704 1.7073159058651006 1.8447531428350974 1.306424156397902 1.4815298282518545 1.1006264354539055 1.3036736961371775 
1.7139364998692161 1.8525194603792803 1.3127473197778543 1.4891459132952487 1.1086174838888025 1.3127386453837413 1.708195338590976 1.847209067832859 1.3052427034019152 1.482534498851187 1.0997207440000119 1.3052339791332204 
1.7144866393094726 1.8531920856108495 1.3173151754878898 1.4933772937106986 1.1140598667803672 1.317568160123297 1.7041413130402918 1.8436252560134583 1.3038222463245095 1.4814887511590125 1.0980722040060433 1.304077848523887 
1.7176660327413271 1.8557210386352065 1.321086970049031 1.4961934218654116 1.1200073592764155 1.3220213530928044 1.7023826573286422 1.8415837437307407 1.301153678230719 1.478622625139129 1.0964244601308972 1.3021023653973332 
1.7231622666728545 1.8610229413108077 1.3264360509595365 1.5011831294299607 1.1267550742220467 1.3280418623240495 1.7032242069631143 1.8425772412534378 1.3004295825553684 1.478254135791654 1.0960207567309708 1.3020674675242947 
1.7225856725917696 1.8641434594522062 1.3304211950425473 1.5092216517855948 1.1344563601207582 1.339671851991539 1.7000021275452686 1.8432950582200451 1.3010481891376813 1.4833933492025773 1.0998622946798566 1.3105062019152902 
1.7282081160145528 1.8688136960164248 1.3403205581720254 1.5173070015058157 1.1447542203715912 1.3476733889257329 1.7033544173596316 1.8458541679392144 1.3081177995649205 1.4889370422212516 1.1068763273006472 1.315650615512557 
1.7390147966020704 1.8796322394502971 1.3544606297714747 1.5308195486016436 1.1566566700628758 1.3589332379410475 1.7120772039837866 1.8547380529823987 1.3196967406192 1.5001481193471995 1.115746629840727 1.3242867645570349 
1.744614161583466 1.8864690856829804 1.3642773254722003 1.5415380823182994 1.168195783590054 1.3710464715820467 1.716236572526521 1.860256705757993 1.327795925915417 1.5093472295391739 1.1253758433863685 1.3347500992011876 
1.7538378612993304 1.895845806142211 1.3757088180741626 1.552694055204376 1.1817204155497227 1.3837439132538252 1.7251342861722416 1.8693240442114392 1.3389233785870682 1.520197319648673 1.138685295473253 1.3471778943654806 
1.7671405605900652 1.9110330770770478 1.3893730606581407 1.568317302870363 1.1961727143195375 1.4000324365108723 1.738528809166696 1.8846071423781057 1.3527949442182914 1.5360064524286903 1.153484209645962 1.3637402548515498 
1.7750047595819285 1.9249449749118803 1.4012668515805615 1.5869215636692635 1.2110050380318407 1.4217258744351882 1.7456172254072482 1.8978805962279344 1.3638498416022564 1.5539812258642316 1.167506232633685 1.3848617487455201 
1.7726620020192965 1.936389496434811 1.3962577010720694 1.5990025879600884 1.205184069842885 1.4351802502484001 1.7442281501062469 1.9103940818907132 1.3599767770160858 1.567421622449767 1.162957397509926 1.3999084316208188 
1.7620912608834003 1.94431875367226 1.3829715481099567 1.6087324535427419 1.190545805116985 1.4466544571118738 1.7341965836206839 1.919074671512719 1.3472499700655594 1.5781293628982542 1.148856602471192 1.4125442638167662 
1.754953397098957 1.955510756168109 1.3708507014219928 1.6196890248097533 1.175945995864253 1.4584271927968053 1.728099399198197 1.9314472358853527 1.3363000236133986 1.5905529367516096 1.1354801155058463 1.4259999944632433 
1.7390867013393552 1.9563508600594628 1.3536882369199341 1.6233785681890098 1.1596414319846458 1.4654877630520837 1.713941091395909 1.9340321087446817 1.3212279715383712 1.596411439966339 1.1215791370988495 1.4355576942970283 
1.7291765890872686 1.9606075016911162 1.3405234187612987 1.6281686447317059 1.1456354028431035 1.4718731520370496 1.7046529846767877 1.9390131246609652 1.3087372380151336 1.6020996403493386 1.1082737018297781 1.442983263107192 
1.7211108636535186 1.9639097274534185 1.3293619071517584 1.6315397306796302 1.1342112128638828 1.4768730101082352 1.6959603252983722 1.9419063410953064 1.2966348368704892 1.6049862033008757 1.0956705231894122 1.4474849595025712 
1.7136266873487616 1.9666556991486561 1.3197687168568173 1.6349335403599408 1.1243599905696975 1.4816894424250615 1.6880147284884364 1.9443795768815022 1.2863385114323096 1.6080687116519274 1.0849251994464366 1.4519920467391996 
1.708989465104393 1.968054892109923 1.3121103529192197 1.6353068961995483 1.1153756697354482 1.48211266479907 1.6832439308899347 1.9457402697682442 1.2783969325987137 1.6083823500019516 1.0755129119065934 1.4523508839801076 
1.7038277203227266 1.966914069007627 1.3059340530593953 1.6343762740752634 1.109405913694415 1.4820605708472716 1.67802675802269 1.9446068638570986 1.2720883031614352 1.6074609498709884 1.069357929526003 1.4523251825125598 
1.6983358021596466 1.964244365026218 1.2986029758541484 1.631036822863681 1.10189219114088 1.4792152749134422 1.6730394249859297 1.942414051173758 1.2653403137327326 1.6046798865185699 1.0624889747932682 1.4501014620354158 
1.6957861006454353 1.9610211933026755 1.2955312510095038 1.6273643856808007 1.098582480081605 1.4753972641232087 1.6710803978810387 1.9396967076381424 1.2630203558859414 1.6016035841687697 1.060048424640238 1.4469334069065685 
1.6957497122596543 1.9594399225413113 1.295599132690625 1.6255506254954657 1.0994567470476955 1.4739887591324092 1.6713864231017015 1.9383937419287909 1.2635436681526682 1.600118847070023 1.0614945253408987 1.4458936166774856 
1.6974559121850146 1.9573679178968526 1.2980252315775145 1.6232073478184665 1.1025427111054973 1.4715750140620967 1.6742158928620468 1.9372484218891133 1.2674824590154532 1.5988884814494913 1.0664158250475562 1.4447059576646937 
1.702531946512173 1.9562264419934952 1.3036786856026026 1.6210444098649888 1.1086961358706586 1.4688138020710895 1.6807514580016074 1.937300267649424 1.2751033487425754 1.5981537515003146 1.074950025059086 1.4435111429547502 
1.706392208423263 1.955965620666074 1.3097404387769431 1.6215570163357254 1.1157227186750387 1.4693074304677085 1.6855280887803739 1.9377905145622993 1.2824393108711303 1.5995867361064295 1.0835440711238373 1.4450241846860628 
1.7135360411663974 1.9583195395481836 1.3159110500243585 1.6218605199511487 1.1212284775085806 1.468319772180505 1.693883803534413 1.9411470821337085 1.2902164419492606 1.6010834212108405 1.090958236724124 1.445337167887206 
1.7161448863713284 1.9580480872589567 1.3181702425022574 1.6206084749927911 1.1238374550701093 1.466904791190778 1.6972676577659929 1.9415242834171451 1.2934979780805458 1.6006049044965656 1.0947944357268447 1.4447746874507665 
1.713345017033668 1.9542368008442834 1.3179033179236253 1.6187524461059821 1.1249022905986545 1.465911146616363 1.6958506624977625 1.9389171709678834 1.295078174279105 1.60022429798891 1.0980726230509983 1.4454251318813092 
1.703123908442002 1.9495396284525126 1.3050050425598978 1.6134162130419913 1.10960208845638 1.4598940064630583 1.6870657381817582 1.9355269360943443 1.2839773824124632 1.5964559605409603 1.0847933223184776 1.4411281232238722 
1.6978541000852223 1.9473044673743756 1.2976846814138634 1.610363833379339 1.099813165758712 1.4556356491430815 1.6826789350010298 1.9340875217466764 1.2777657788093246 1.5943561487246818 1.0762382880645902 1.4379064629440261 
1.6971249686346732 1.9459836110726216 1.298328377554477 1.6100545429777342 1.1011451824183949 1.455726543057878 1.6832684941277907 1.9339110317497132 1.2801625834725994 1.5954420376570377 1.079666789765824 1.4395483431699125 
1.6973711334910495 1.946554456892663 1.2991609633947174 1.611156323156971 1.1014219776310485 1.456411982115188 1.6847347539327044 1.935545576820316 1.2826073581219974 1.59783826589198 1.081846938854425 1.4416651094996682 
1.7091475444629263 1.9541071105299346 1.3098004907403455 1.6164549471679222 1.1103387781860319 1.4595209738210857 1.6977932761745909 1.9441839623100614 1.2949494219557958 1.6044448498167987 1.0927803449109295 1.4462081983254174 
1.7094509740541846 1.9524874651722606 1.3163837201571587 1.61952177128151 1.1208601896288406 1.4650297722759085 1.6988177166178837 1.9431845777626995 1.3025456231145227 1.6082940555926954 1.1045752877440271 1.4526084246123592 
1.7095768333659298 1.953710198463805 1.3155004165645408 1.6201456528292386 1.1192324435886765 1.4652685259642617 1.6993047756248671 1.9447280814708983 1.3021233110813584 1.6093028638704028 1.103478606073303 1.4532706645568403 
1.71393715143233 1.959035608471671 1.322179565664199 1.627390168355447 1.126362432194882 1.4727295355427519 1.7048598037903204 1.9510988972320111 1.3103912375241105 1.6178272934958076 1.112501110192691 1.4621554898094695 
1.7199197055789812 1.9652611103817452 1.3297954339066178 1.6347731752077685 1.1345105016873531 1.48028426890881 1.7118847468912415 1.958233087499772 1.3193867852297483 1.6263175973280526 1.1222921506626025 1.4709408926870209 
1.7280831195551472 1.9739122955520212 1.337029176978367 1.64246933077347 1.1416103941763363 1.4877273858242477 1.7211709802955224 1.967863822994734 1.3280833164419503 1.6351953332404816 1.1311200499555518 1.479692890383491 
1.732456777801934 1.9778571457695977 1.3455656775318923 1.6495633951660846 1.1524814871189297 1.4962372740551078 1.7266317193749974 1.972756826492272 1.3380573978540158 1.6434445539998785 1.1437063371127485 1.4894887000819643 
1.7391497065631498 1.9863462142433002 1.3540235789079487 1.6596112295470558 1.1621721398479188 1.5071740654744197 1.7345935504142433 1.9823582839988059 1.3481665088329 1.6548360995998033 1.155342878083684 1.5019143607205738 
1.7453353443533421 1.9943650693112833 1.362032019098303 1.6692596522078285 1.1715771668349464 1.5178569179237549 1.7422242198893343 1.9916429895463192 1.3580430733850086 1.666006468957729 1.1669373701998749 1.5142785052324423 
1.7509408593883946 2.0011145086965336 1.3691351707832833 1.677258626364989 1.180348939371646 1.5270523902328204 1.749441995687702 1.9998031603424797 1.3672178023547565 1.6756938571576163 1.1781243660479015 1.5253335391696368 
1.7569004637342207 2.008248204687239 1.3767910709579432 1.6857981092733259 1.1898714160233954 1.5369305771014903 1.7568115187206395 2.0081703922898373 1.3766775678820078 1.6857054126001731 1.189740080651871 1.5368289012344607 
1.7622419967622864 2.0143042056334814 1.3826579646292607 1.6922374611243927 1.1967626160407625 1.5440742653229897 1.7631543182242246 2.015102411182303 1.3838205598533104 1.6931875027747902 1.1981056104837877 1.5451154104314442 
1.7685824384687698 2.022208700995063 1.3918601240283235 1.702562419877797 1.2086839487889878 1.5563936124194742 1.771510437158116 2.0247699666085874 1.395578730190504 1.7056037584621289 1.2129642514765802 1.5597199954094774 
1.778017724604749 2.0337532729583128 1.4029299903447248 1.7155226329222968 1.2221451659310567 1.5711283056671883 1.7832488106062623 2.038328154833919 1.4095537766714152 1.7209436933231284 1.2297431024928132 1.5770457965413212 
1.7791949730428673 2.0358081488934587 1.4046959312609295 1.7181823902895206 1.223899279557354 1.5738200384735894 1.7847521914879414 2.0406666685230612 1.4117281226287908 1.7239362979011172 1.2319639115741217 1.5800997267327812 
1.784606703214078 2.042499506716371 1.410837566538622 1.7255276841988423 1.230717235256182 1.5816599074822058 1.791360701722749 2.048403357119056 1.419371240259792 1.7325120107683583 1.240490625388447 1.5892766094851518 
1.786178669551098 2.0452931732833144 1.414080133499983 1.7298591124942313 1.2347054257430514 1.5865961721494632 1.7937739852889298 2.051929588319085 1.4236620015647428 1.7377006128269994 1.245667836583786 1.5951420890376284 
1.7916478217005594 2.051565044400094 1.4212124162856021 1.7374584733467329 1.2431307362479458 1.595083459197154 1.8008104677073486 2.0595716921254184 1.4327460192945431 1.746905369561946 1.2563003028752162 1.6053683893126711 
1.795235662883968 2.0561578569969865 1.4263292967931496 1.7433672333993318 1.2479364408856888 1.6007059093070282 1.8058085883975743 2.0653955324659825 1.4396141273030216 1.7542527990943724 1.2630989403567878 1.612554799295342 
1.7981236333312152 2.060084798823643 1.4297439913300038 1.7478182566686529 1.252160197716031 1.605803829346614 1.8100513619630383 2.0705039750129073 1.44471630881092 1.7600869269852126 1.2692290939559532 1.6191489340218983 
1.8003841244823313 2.0638473706376668 1.433205925918537 1.7527584544619976 1.255110169064059 1.6103988667681093 1.8133878679664786 2.075200841674851 1.4495074301596425 1.7661128966427968 1.2736930950931666 1.624923713313339 
1.8013744470881008 2.0656377564863497 1.4345792183849453 1.7549720727755074 1.256825862648426 1.612923027122485 1.8154354422842913 2.0779112799881423 1.452196088791717 1.7694018544982821 1.276897488251097 1.628611874542845 
1.8020927706643768 2.067163922595596 1.436622209935796 1.7577006863743354 1.2587595139981307 1.615581580385469 1.8169417072654837 2.0801215100086847 1.4552052046363804 1.7729214636866488 1.2799274696641252 1.6321282597886755 
1.8049374655606463 2.0712617349298204 1.4392879940388892 1.7617820097232488 1.260772669827709 1.6192200730550772 1.8205487730419334 2.084879793902874 1.4588175040848972 1.7777723223811561 1.2830223323950716 1.6366038694273242 
1.8068096853015512 2.0731280420898974 1.4415864973353107 1.7639360162147295 1.2627769793987733 1.6210812255095333 1.8228947903868424 2.0871617227276595 1.4616962089365526 1.7804085057142056 1.2856865394097776 1.638990090763056 
1.8062864400297232 2.073296148849761 1.4418261124821017 1.7648650815388836 1.2629471460972743 1.6220116248767302 1.8226373354387455 2.0875567235251955 1.4622580797298577 1.7815961689269681 1.286223793488229 1.6402005561318562 
1.807962586650346 2.07509854969045 1.4437746127174456 1.766858910192721 1.2649990790223564 1.6240467807693872 1.824642635889946 2.0896473446271764 1.4646081954937333 1.7839233286516014 1.2887260003225705 1.6425955010614786 
1.8088703527818126 2.0767267643031424 1.4450961148563786 1.768921954630277 1.2661578136918792 1.6260189757727306 1.8257375236251785 2.09143481982418 1.4661542664989247 1.7861664070217533 1.2901399773563331 1.6447623723726779 
1.808924008529405 2.0774546955431035 1.4454209290840128 1.7699868941983976 1.2662628383689107 1.6269706571521472 1.8259221467614906 2.0922723602423487 1.4666380874756018 1.7873553712214283 1.2904290733062744 1.6458490625309752 
1.8092528331883995 2.0779194201412743 1.4459712583589794 1.770645696405763 1.2670494329742032 1.6278106670618206 1.8261288039731072 2.092629855206183 1.467032199476293 1.787886119555787 1.2910324782515157 1.646547345842278 
1.8089129287734003 2.077596411501416 1.4453546886088413 1.7701104601361914 1.2666871625952323 1.6274941576188713 1.8259532061483834 2.0924497547715597 1.466625140601224 1.7875206763121818 1.2909049132463477 1.6464131802933186 
1.8083746228399162 2.0769091075276767 1.4445111417124514 1.7691650863984996 1.2655307584296045 1.6263150878385808 1.8254849824283435 2.0918241048117334 1.4658748524589027 1.7866509864748097 1.2898622969415805 1.6453198502028141 
1.808129694427988 2.0765400548682535 1.4445443909663178 1.76900935697702 1.2648367811983685 1.6255761103904824 1.8252619563427737 2.091474794701636 1.4659320294175475 1.7865168128154434 1.2892091763838207 1.6446111723055543 
1.8085641961852612 2.076684382212001 1.4442884479643392 1.7685255702203573 1.2636304325724512 1.6243384627974675 1.8256123994877007 2.0915482793287943 1.4655801930850594 1.7859560112061104 1.2879122841107 1.6432990060129775 
1.8064092115296688 2.0744468805200196 1.442607352088308 1.7667290660707542 1.261751808042786 1.6224158670634479 1.823143517482713 2.089035161489447 1.4635074369948515 1.783835653511623 1.2855954538420085 1.6410275109026171 
1.8047273161591362 2.0725374819507993 1.4407266963900405 1.7646711710941956 1.2592990676129956 1.6199398353306087 1.8212678954209234 2.0869565580746907 1.4613929912555896 1.7815836784420092 1.2828913449279171 1.6383470729033454 
1.8033558571417787 2.0711107997129363 1.4391395246770062 1.7631024271685296 1.2576330130397975 1.6183474264469788 1.8194817806967893 2.0851670310763017 1.4592957802609996 1.7795931477412357 1.2806492096930993 1.636297648805852 
1.8019317631078706 2.0682304807968186 1.4374515695831425 1.7597972206186256 1.2558120683036293 1.6148322493983824 1.817566402544083 2.0818661989803857 1.4570025956246748 1.7758028624982671 1.2781445535059952 1.632260010677539 
1.8012875839124773 2.0666564687817015 1.4358917865762901 1.7573324166922006 1.2537278036149833 1.6119135850154158 1.8168410533002743 2.0802267695992307 1.455355515246103 1.7732714613835217 1.2759732985283234 1.6292758693840803 
1.8006513870192336 2.0647477278288235 1.4364085073454174 1.75616262401131 1.2541378960761411 1.6104967011373508 1.8174251013107223 2.0793921613957984 1.4573805204112926 1.7733571956248098 1.2781042381880634 1.6292293287546384 
1.7992024254088947 2.0619473701327222 1.4341311280344102 1.7524924199542917 1.2526909982901806 1.6073992431245105 1.817163616380553 2.077638370433423 1.456600952044605 1.770927418924121 1.278354011335377 1.627478592147144 
1.7992428802170206 2.059849647477126 1.434774545777712 1.7505095330821936 1.2524174752899448 1.6044485534324993 1.8178642250761303 2.0761348629151333 1.458058090753465 1.7696437563000187 1.2790249924108754 1.6253032207596338 
1.7988656391939364 2.0568034315589347 1.4341765798787156 1.7468214649679026 1.2521520900723722 1.600752205955878 1.8172729483136565 2.072921546241586 1.4571979423100383 1.7657713926985594 1.2784554108269126 1.6214101904430631 
1.7993768051407157 2.0540094170374217 1.4349179723170273 1.743613313116876 1.2531160391912672 1.5973407920911586 1.817326976385485 2.0697524338670092 1.4573640723917993 1.7621316176433615 1.278757310789819 1.6175345617013597 
1.8018434527869645 2.0524810723490847 1.436787860872735 1.7408038606205036 1.2555445694802114 1.5945002006745719 1.8200992803007339 2.0685260728719976 1.4596167027515305 1.7596930536179454 1.281605917492288 1.6151013750694567 
1.803891436626021 2.0487477543935686 1.4373359562512482 1.7347269805743757 1.2555504717583799 1.5873720525235067 1.8213819096149741 2.064164505719612 1.459226643353489 1.752907710825841 1.2805525107049263 1.6072205133934454 
1.8020847058774487 2.0399212573914243 1.4374826009233677 1.7263040511906964 1.2579139433035196 1.5799104208648698 1.8182747579498018 2.054237704015144 1.4577276961755958 1.7431980625842292 1.2810001159240423 1.598352509991901 
1.8054249141883385 2.034622751836804 1.4410739409107258 1.7195420101561838 1.2630244516920366 1.5733281244203223 1.8192565203324047 2.046906179650638 1.4583652728901528 1.7340587910137215 1.2827181808846282 1.5891810951216256 
1.8035929368433694 2.0263931734071967 1.438110080289854 1.7092344527393806 1.26113918511451 1.56326384709405 1.8148267354134087 2.0363982643312406 1.4521739567873024 1.7210842548147636 1.2771533353404714 1.576211424070797 
1.797188330665682 2.014527105819353 1.4295417391181344 1.6947044426922648 1.2530408101418327 1.548723615136316 1.8063078102806565 2.0226669201034806 1.440989796452737 1.7043723647375006 1.2660858112627675 1.5592969074813494 
1.7895978241447155 2.0010879557389525 1.4187207811911053 1.677635624742006 1.2415464783017591 1.5307286801401156 1.7971670210816522 2.0078600389677312 1.4282568342085749 1.685707631495895 1.252432268533313 1.5395711161500467 
1.7780927990000353 1.9839243283189456 1.4047715413745325 1.6576262612832182 1.2280207836416206 1.5107537137785827 1.7850582448580719 1.9901695094076233 1.413577737210013 1.6650957203043253 1.2380848035315593 1.5189455946069232 
1.7702387345555626 1.969556759527605 1.3937457154448512 1.6394925345974833 1.2159469812951877 1.4912865965336375 1.776685152040417 1.9753528244748784 1.4019244171783585 1.646450947693517 1.225313026732712 1.4989331756822517 
1.7635259065040838 1.9546127166349476 1.3841686951058567 1.6206203212446304 1.2061677537187976 1.4715053174321353 1.7696568394044792 1.9601460604687218 1.3919715093532086 1.627289750465801 1.2151141330965787 1.4788473908997675 
1.755663762208339 1.9380165340965334 1.3742574106518546 1.6006674455462444 1.1961349152714922 1.4506176532882604 1.761716151589563 1.9435011292179738 1.3819811806140994 1.6073035880229782 1.2050009495313851 1.4579369426938669 
1.7510217721373569 1.921528733394078 1.3653663403274046 1.5781066725855544 1.1855789978314604 1.4254097610368222 1.7549051844926122 1.9250682152378522 1.3703430969501944 1.5824144937781157 1.191307063757724 1.4301775927901577 
1.7585780233470023 1.9234628279639434 1.3760047914884055 1.581297496538539 1.1983086865240735 1.4293552023759002 1.7640053765164805 1.9284261859711018 1.3829343767435425 1.5873311175489033 1.2062595128657225 1.4360273669881958 
1.7618853148692455 1.9206440589270828 1.3811236326817018 1.578650128144897 1.2052083283614912 1.4272914394376153 1.7671413951554358 1.9254668132200825 1.3878225162000724 1.584514144718153 1.2128792035779572 1.4337746338988913 
1.7670337506190026 1.919577327467341 1.387650777330759 1.5773216286245046 1.2126430158239727 1.4257881764577303 1.7724134218253538 1.9245306384068455 1.3944947980780207 1.583346008352773 1.2204688221608366 1.4324499942988096 
1.7733403125887965 1.9211274991349558 1.3929692665139926 1.5768190705126983 1.2168315292810794 1.4236130001979224 1.7778227120420447 1.9252658515468792 1.3986711939024592 1.581858436249126 1.2233546917605418 1.4291926761401101 
1.7781308083500604 1.9198309731024863 1.4002717513410174 1.5763130308678033 1.2253712839803452 1.423213468627823 1.7821567671233751 1.9235603802022019 1.4053805707364964 1.5808530425955603 1.231206056922902 1.4282402277921036 
1.7781145204547542 1.910914348643612 1.4022458073576258 1.567225479709936 1.2287135714445578 1.4140860796472186 1.7820117672821467 1.9145412867661118 1.4071844211516982 1.5716457600655562 1.2343466820679028 1.4189834852922143 
1.7784949008931963 1.9097955092163925 1.4019427597812615 1.5651575883032034 1.2274708024646044 1.4110135879654384 1.7817707524098323 1.912846514664232 1.4060961572179551 1.5688789557716363 1.2322124299580408 1.4151403630252017 
1.7813398095769093 1.9116556887848553 1.4068490527357582 1.5685917928076443 1.2327810013070042 1.4145688221021626 1.784609882798899 1.9147032117441853 1.4109873046145738 1.5723044008917293 1.2375014803156803 1.4186845558698027 
1.7863759385134863 1.913763393431889 1.4138761804698243 1.5717497211833504 1.2409556936893194 1.418210973741192 1.7884788788241082 1.915726502489314 1.4165322304839871 1.5741394132477402 1.2439810046781017 1.4208589206321434 
1.7961089830327948 1.9253381284624007 1.4266225279768647 1.5862443907894836 1.2554131892453178 1.434218151367183 1.7957651471813068 1.9250173749374575 1.42618961650655 1.5858550539728087 1.254921216902121 1.4337875332876555 
1.801830933476804 1.9359213924211618 1.434153695540994 1.599372923127652 1.263769841400676 1.448554844261649 1.7990207996835084 1.933306174017424 1.4306215248254481 1.5962064002170553 1.2597600314718236 1.4450578748596508 
1.806351194150343 1.945250403009435 1.4399445352541778 1.6107559586754194 1.2704688790396914 1.4612274519760329 1.8012764692540593 1.9405389489748381 1.4335733489041884 1.6050629397280252 1.2632432286334925 1.4549494659569349 
1.8094303328085224 1.9519101529751721 1.44465641966786 1.6195515696906844 1.2762022302470561 1.4712604285059665 1.8029876656282373 1.945939268941238 1.436578770554389 1.6123503589504238 1.2670511140469274 1.4633296421543438 
1.811967413422449 1.9588962280082218 1.4468615621768517 1.6271007666720703 1.2775980482549432 1.4786160075235353 1.8035992188357255 1.9511582885519152 1.4363678550374341 1.6177766037944916 1.2657017846968692 1.4683492542936913 
1.8116763229636939 1.9639219421064702 1.4473424547035336 1.6338967154282582 1.2785332468055925 1.4864271117976993 1.8016119124792804 1.9546415985257375 1.4347245607388375 1.6227300640239737 1.2642316430097968 1.4741437998673164 
1.8113825905577017 1.9673141426664753 1.4461428697661687 1.6372376877947592 1.2767996828694508 1.4897769889267083 1.799880621323406 1.95672897908104 1.4317096637990294 1.624503188047204 1.260428812672707 1.4757705913777823 
1.8126115492655563 1.971530842257072 1.4462201328051274 1.6410136824447505 1.2757977882606946 1.4929947186681138 1.799879356504452 1.9598313527982147 1.4302299612198315 1.6269391431184144 1.2576426622737003 1.4775108457845176 
