2.2320463654033733 2.4135578624989313 1.949442398459213 2.1548912369839943 1.828372728004443 2.046015007479273 2.073478039553448 2.2677173013474166 1.7656743380675863 1.9901850281896931 1.6310202438076633 1.8717525514956324 
2.2359902900721216 2.4190752728505185 1.9544323020500889 2.1614990681739394 1.834198775841051 2.053425856396283 2.0719300442092177 2.2682959918222334 1.7643829386209815 1.9913110637258082 1.6301922218244111 1.873445830152772 
2.2423957964126315 2.425910888175623 1.9617154910355987 2.1691086642602855 1.8423050637093303 2.0617450563464534 2.0732497188638517 2.270477730868339 1.7658859410417878 1.9937547207139197 1.6322112108330344 1.8763843333307386 
2.2464739676153407 2.42941064631186 1.9664068073451662 2.1730500530851584 1.847332589647411 2.0659207385602696 2.0670917736698122 2.264566007431316 1.7586866820367435 1.9870504892461613 1.6244570817271258 1.869291740636921 
2.2442004436860827 2.4266653047630635 1.9638679685357696 2.1700337019827156 1.844692571742189 2.062803808931138 2.0477301520075373 2.2462118433800518 1.7359552246071355 1.9661661709379525 1.5998918176679355 1.8471390576079567 
2.244057235292382 2.4245279512243387 1.9638284916122615 2.1677558108486505 1.844391035997543 2.0601750422398797 2.0357564175185816 2.2331249634689256 1.7219563469112944 1.9513268746337937 1.584389349203058 1.8310741440116753 
2.241673394242622 2.421732190390845 1.9609621871049017 2.164499917942997 1.8415801128528837 2.0569648775745395 2.0260687275744718 2.223655028185631 1.7103296704598325 1.9403388305075069 1.5720280514212333 1.819604184974095 
2.238428207722785 2.4202047882625637 1.9573168906257974 2.1628499222851874 1.8373743384321661 2.054939131830683 2.0194216261417623 2.219210237929034 1.702525263638998 1.935309445367598 1.5631530067555894 1.8139122631839282 
2.2300061305952257 2.4128342242044503 1.9483357007693236 2.1551922545082354 1.8277137038640079 2.0467972626257565 2.015747275452032 2.216320989724253 1.6989178140487815 1.9326570802634107 1.5591174167753659 1.810991101660163 
2.2278178433206697 2.410389948132451 1.9416882657671801 2.1487113999925533 1.818185969536109 2.037794783303255 2.0228336769536837 2.2223103841853327 1.7025971522993806 1.9353667409713229 1.5602832952441554 1.8114334987677467 
2.2188020246901456 2.402546659835994 1.9354714536693869 2.1436412423465567 1.8123751132613497 2.033187541543841 2.02205880472579 2.222131822752442 1.7063672327400952 1.9392877973341374 1.565357127357553 1.8164500995318011 
2.209077068163345 2.393751457968258 1.9242628825306485 2.1337319865730935 1.799547662354393 2.021978322961243 2.019965698046667 2.220424727552177 1.7038273296567232 1.937279566486252 1.5616054934858419 1.8134597505114802 
2.2066162174074675 2.390992709366894 1.921181257176334 2.130405695694048 1.7959782055820275 2.018224150149244 2.0204057607633277 2.2202996292045 1.7040603657516478 1.936882220333916 1.5615447550824921 1.8127639193909504 
2.203093592870827 2.3875563898531253 1.9175553212745884 2.126927959741112 1.7921499271401624 2.0145980981646163 2.0189844327652677 2.2188064979913165 1.7028491333493083 1.9355875869431718 1.5602814240221186 1.8114309972859828 
2.21661206638036 2.400237190438272 1.9320599551833295 2.140239516494126 1.8073720723810607 2.0283893426960735 2.0247669060469673 2.224286524115769 1.7085571811979279 1.9408599019411497 1.5661755262495354 1.8167760722122606 
2.218085970954066 2.399961681307275 1.9333026023215405 2.1395255664149566 1.8082212391583172 2.02720860962636 2.0251655459599447 2.2228824048390954 1.7085224804325052 1.9388036938646573 1.5655842882908733 1.814101667752731 
2.2178538273726334 2.3994356731930613 1.9324163115621433 2.138375259722072 1.8066105066647429 2.0254030396420952 2.0253857838919083 2.222746842038346 1.7080821921650724 1.9380301146760954 1.5643380378906087 1.8126139817929905 
2.2123494035648976 2.395240951740338 1.925723979456547 2.133331239750161 1.799051785428635 2.019721926427982 2.024833585323485 2.2232049796845 1.7070073256591372 1.938185580199677 1.5627055037510935 1.8123845687088487 
2.206149549679443 2.3895682905727575 1.9182160951130638 2.1266155664131707 1.7902033793820216 2.01190678693393 2.0235064380304824 2.222052898675189 1.705003066493081 1.9364855373874628 1.5595866788193626 1.809765561754011 
2.1951064811116314 2.3781462732553456 1.9059819126681896 2.1142029904903383 1.7767940002764222 1.9985204910128618 2.0194867363313604 2.2170732761454435 1.700764906216697 1.9312401455537036 1.554616072931928 1.8038620700592078 
2.17756313856665 2.3598296517427353 1.8854458137120356 2.093303771372956 1.7544189609224587 1.9761074498225648 2.0125414111128843 2.2084695366348703 1.6921724573589536 1.9210576223123137 1.5448390205598252 1.7926355910346754 
2.1675902701400926 2.349748214214876 1.8737744585744571 2.081802058939802 1.741304092915996 1.9634176924449875 2.00930672332673 2.204582182502163 1.6881636919463705 1.9164461228550098 1.5398070896076559 1.787141562441543 
2.1587701524601917 2.340288224632385 1.8633717005345443 2.070945314959572 1.7294848763585644 1.9513529513527272 2.0062734941560185 2.2004076296343364 1.6843392937745647 1.911454749595972 1.5349145578021595 1.7811858698499154 
2.1409291983736876 2.3224538429103387 1.84327415889471 2.051310226379472 1.7076265801541624 1.9303374205690051 2.000207235375625 2.193408991603937 1.677769583956331 1.9039760494420617 1.5274945791226233 1.7729787672865684 
2.13225115116448 2.3136759227563073 1.8316996008194821 2.040030571227365 1.6939373907090693 1.9172963223096868 1.9957775440269516 2.188545021045318 1.6708550090424512 1.8969337798516452 1.5185706823333085 1.7642727173377277 
2.109560783164249 2.2926619016210306 1.8039323329505903 2.0149996920954005 1.6624587290710588 1.8893969734136231 1.9856174498287833 2.179157762610261 1.6572874889603675 1.8848484603130724 1.5020649070744447 1.7499288220795037 
2.0896142749173685 2.2733245089292553 1.7822438729698133 1.9944697861081877 1.6394207231636544 1.867944542136741 1.9708534678505247 2.1646662321703176 1.6413923347385415 1.8696751860947505 1.4850844694287393 1.734068160799465 
2.096492675704821 2.2772301167435756 1.7874705813758054 1.9963833661408723 1.6433175649532745 1.8684186052927112 1.967481129333636 2.159045497344593 1.634243413413057 1.8604426891479242 1.475192554985267 1.7224077739037176 
2.106941596472954 2.2829819283007917 1.7954096944563935 1.9990746771814203 1.6494262793310892 1.8690667845071776 1.9681876174155757 2.1555894997304104 1.6303544330445452 1.8522578576828876 1.4680485882108945 1.7111312782332044 
2.1079279017400596 2.281232315248548 1.7990402115945743 1.9993015080608154 1.6539054770252894 1.8697765011183156 1.9610808030099756 2.146275553868666 1.6245071744791557 1.8438233096298164 1.4621495149040846 1.7025105113138803 
2.106237596834861 2.274808712577981 1.7994988015335518 1.9941699529430008 1.655335669621328 1.8651150215524752 1.9528867653606263 2.1336083480387606 1.6173205745060841 1.8314594467857295 1.4552202868022044 1.6900248363916697 
2.1040019130215186 2.2675092457712736 1.7978084397393983 1.9866779597252822 1.65407627454063 1.8576174126170895 1.9405202001005324 2.116693831582218 1.6034056826013217 1.8126455562680228 1.4404037347210017 1.67019072224049 
2.106054216668184 2.261413531335178 1.795408361221992 1.9753526216110984 1.6488227083424827 1.843134048219456 1.9358371150346922 2.1038042047932692 1.5923228805571563 1.7927685160404396 1.4249972968205378 1.6459477792766817 
2.0919632383819846 2.241375174900811 1.7840684809562775 1.957128720514223 1.6395281329521731 1.8263364921781635 1.914811202688568 2.0770061208050494 1.5726067836371684 1.7665063203571165 1.4065007109637875 1.6204001770740584 
2.082604211998756 2.22408926939432 1.7727232954510863 1.9369771956930624 1.6272174349591266 1.8047629636700104 1.9001760062780921 2.0542642549669603 1.554341157286572 1.7393416017663006 1.3860970859340842 1.5907853111073662 
2.0722947300212873 2.206442591973333 1.7606563568379834 1.9167405329031888 1.6145642897308239 1.7834801118246315 1.8865125240702751 2.032956705656567 1.5376718968212952 1.7141815323570604 1.367969992753496 1.5637536138004606 
2.0602808457049466 2.190969358626152 1.7472018286330546 1.899553578406961 1.6006476741552746 1.765690387366565 1.8717610155088418 2.0147155795393776 1.5203441603724763 1.6932323919765682 1.3493721179788363 1.541555928287615 
2.0502271036425306 2.1770358309293947 1.7351784748867878 1.8833210486665408 1.5882394727843907 1.7488734818592337 1.8595744702781976 1.9985172111218956 1.50513466962609 1.6737634857859816 1.33307563810552 1.5209025246709402 
2.0406229622219314 2.163563794207929 1.7234687906508228 1.867407531849277 1.5764115423160951 1.7326106222713198 1.8489674037547037 1.9838212313127939 1.491604189638595 1.6558228396200512 1.3189434168861869 1.5021577662174534 
2.025620887625086 2.1481559970688906 1.7051706320433273 1.8490649236149173 1.5572064051958687 1.7135711236313012 1.8335315363481046 1.9680630330716138 1.4718372188469213 1.6363798477563332 1.297532158670081 1.4815613082633603 
2.0173727994103023 2.135871128781079 1.6939964528299816 1.833514780186012 1.5453205727617034 1.6971058127178047 1.8223660378750917 1.9527340942792393 1.4563134780673286 1.6164780893536914 1.280328331640193 1.4599291434040764 
2.0127353646915433 2.12608356192319 1.687968457608139 1.8216380479886776 1.5395630092594457 1.6850465641874708 1.8173084674539983 1.9420962205513916 1.4493943326369123 1.6030819054184349 1.2734836775867997 1.4459904360264628 
2.0087912683931 2.118704543340661 1.6835948719250604 1.8133279556584243 1.5360704884777783 1.6772534476257188 1.8127327454350133 1.9338217571359468 1.444039244332494 1.5933976029768466 1.268964220130875 1.4366407950397204 
2.008269835216623 2.1138606856273667 1.6827447879702377 1.8074538136951108 1.5358314464292626 1.6715374656408395 1.8128271716413014 1.9291453085345853 1.4438921859477598 1.587477216164377 1.2696349298286496 1.4308151949993402 
2.0108426722433954 2.1128771096197148 1.6857573831708286 1.8062500886518897 1.5395398459653327 1.6706119732466183 1.8157435117645222 1.9281301637480182 1.4474854758908497 1.5861827230035508 1.2742131632167986 1.4298183846751165 
2.0114887701913724 2.111679515789742 1.6863589066998754 1.804691017045854 1.5404842523719608 1.669189934251342 1.8171136450442495 1.9274349026117588 1.4490070008823281 1.5851575926090125 1.276286275960844 1.4289891402687425 
2.0098152653619685 2.1094993111357017 1.6849445010688038 1.8026835314280762 1.5391016283800105 1.6671723861922618 1.8162562795712502 1.9259846354221002 1.4486087960115388 1.5840130639240322 1.2760342059216123 1.427898188766272 
2.0056073541453325 2.1064410608326645 1.6789037322615732 1.7981520586318165 1.531842258655192 1.661678004055491 1.8131205966514858 1.9240684451863557 1.443489931105112 1.5805999699360496 1.2694432418985264 1.4234181494423346 
2.00194476599117 2.1048035179843843 1.6739917298718772 1.7957347562820742 1.5258701967334707 1.6585218902744214 1.8099653501875224 1.9231197498126424 1.4389023714204658 1.5788777779547851 1.263515563845353 1.4208752877432418 
1.9992573009510308 2.1024317336375042 1.6705807131072716 1.7927714182812042 1.5214352968844915 1.6546766456942579 1.8087209069964334 1.9221500354046248 1.43710872344649 1.5774888025612102 1.2606375080117203 1.4185895691869443 
1.9959585228232974 2.0995190847122487 1.6664990297119766 1.7892313931604709 1.516328964054621 1.6502677023655767 1.8067090090080804 1.9205018629178572 1.4344218467490517 1.5753399622528972 1.2568216045370004 1.4155318816158682 
1.9956138628516389 2.099035464523084 1.6659003533241838 1.7884907544982278 1.5154666623867514 1.649276931423477 1.8114699330669664 1.9248112920818081 1.4401988112776791 1.580394826530902 1.2631657981459283 1.420937375581922 
1.9956590531588327 2.1028521108377567 1.6657271884839995 1.7927573762377356 1.5145484727980183 1.6532359238943513 1.8125139559889765 1.929906418522621 1.441249059203443 1.5863577132080928 1.2634907441903998 1.4267938898995922 
1.9933635638777385 2.1018666151864536 1.6632977819366441 1.7918996851485187 1.511273372026173 1.6517542720499803 1.8123657913885265 1.931065698529017 1.4414336527899436 1.588104513448457 1.2629800746628428 1.4280979095409951 
1.991658851687771 2.100767513982985 1.661750190102667 1.7910703114635813 1.5091597420771101 1.6504794132027971 1.8114854317676006 1.930802588512417 1.440898394164644 1.588303292386643 1.2618786055347202 1.4278854230666584 
1.9916610686647362 2.099848284689815 1.6617692416321708 1.7900072677826644 1.5087213833026825 1.6489054608177993 1.8118722887761045 1.9301632565963842 1.4414036182952918 1.587543195353991 1.261906332036875 1.426554098909242 
1.9907622916907985 2.0979061334144573 1.6606819618512147 1.7877192791425613 1.5070352931560693 1.6459741849184633 1.8112863064733857 1.928427786207718 1.4406554620789802 1.5854222790846606 1.2604677531845072 1.4236764377547309 
1.9923441950959577 2.1002136886832634 1.6624297128397818 1.7902889980482368 1.5083211158544985 1.6481792180866013 1.8132816291830014 1.9311790215131688 1.4429925242815915 1.588612467385473 1.262373741620349 1.4265516499351014 
1.995989535619065 2.103569545206626 1.6664596545673735 1.7939114765006687 1.5119152801333842 1.6513383722062567 1.8171788341549684 1.9347272470611483 1.4474986940584127 1.5925712148977231 1.266511943607643 1.4300640225251489 
1.9992028246970242 2.1052256440478203 1.6698020366128914 1.7953835020843207 1.5145683440097908 1.6519928410125027 1.8196449076335086 1.9355285241908888 1.4500118954948473 1.5930152463666378 1.2681533520345871 1.4294670343720977 
2.004791927910136 2.1100482146277226 1.6759280910032026 1.8005131935239018 1.5202293439522996 1.6565657403356016 1.825420666096897 1.9404312412589217 1.4566073253329601 1.5983797089720704 1.2743889485606974 1.4342872745909865 
2.000986618790743 2.1086064973341068 1.6718392889807352 1.7992555461077813 1.5152890970965276 1.6548036015792358 1.8174221211319097 1.93527700301523 1.44710826339276 1.5926067430472628 1.2630030742558032 1.4273929653741502 
2.0015080511920105 2.11230852122185 1.6708983580656365 1.802141540730483 1.512522213716691 1.6563623567403478 1.8179985072013782 1.9393120898984877 1.4460240026315054 1.5958691130623588 1.2596854925680616 1.4292026973198868 
2.002685033167682 2.116295500348153 1.6718293122426824 1.8063699931060193 1.5125492509250202 1.6600495592583495 1.8185061868670778 1.942916378641613 1.4461087991136212 1.5997468429704245 1.2585796145154424 1.4324740656618673 
2.0044478027994668 2.119480179300484 1.673597916390795 1.8097831975260492 1.5136536252880346 1.6629890359372819 1.8197525928399199 1.9457350116209582 1.4472796864281658 1.602811195071837 1.2589026182940481 1.4349986197371796 
2.007517767223914 2.1251796122021522 1.6768027074523972 1.8160198562019332 1.5166757642026492 1.6693011028929712 1.823026746517914 1.9518420317535152 1.450850182658323 1.609728874972332 1.2623804127598344 1.4421737429726316 
2.0073210425470065 2.1288115561157595 1.6765281888032781 1.820232853634941 1.5158587559043886 1.6734182506032376 1.8242462686413807 1.957134467084978 1.4523372365439096 1.6161015816624895 1.2634731689481973 1.448746120703003 
2.0037880847393046 2.1293592565424957 1.6721684849748872 1.820755776325647 1.5104222309484225 1.6734334377629752 1.8239424623992968 1.961063553540071 1.4518081346180733 1.620725459361705 1.2621310285953713 1.4532649064169991 
1.9969575613252901 2.1272134637676237 1.6630461562248504 1.817393775832373 1.4997591585765528 1.6692738398579936 1.820596912480698 1.962592860588831 1.446532451669941 1.6216207178111195 1.2553928268610786 1.4536879886806007 
1.990503589412629 2.1245746709834794 1.6554180919225692 1.8144205830469848 1.490959656954057 1.6657351805687963 1.820644763666037 1.9663316985149175 1.4467383575009545 1.6262733067306245 1.2552304627695108 1.4585323129038177 
1.9971669917144361 2.1304998615192843 1.6633722492556169 1.8213074717723226 1.4997285108957854 1.6731823790411162 1.8354773335003869 1.9797299585887187 1.465301432673049 1.6423951886600525 1.276513476385459 1.4764282314198987 
2.006280346377248 2.1415575581477166 1.6740295697088539 1.8339800835504212 1.5117080314199598 1.6871185847057728 1.8551533864507297 2.0006753944254947 1.4895664668820958 1.6673080716711022 1.3044901039331844 1.5042614060925745 
1.999461245085438 2.147609497673776 1.6646636256609353 1.839969094984644 1.501439303667854 1.6937240821629151 1.8571454266154306 2.015780350013019 1.4907209167374722 1.6842298345233673 1.3059340900668035 1.5231037822481466 
1.9882849623004142 2.149152050858654 1.6509305452713507 1.8415072934175307 1.4868369915057804 1.6959545057901642 1.8564730887653502 2.0278239015530812 1.4895592983530261 1.6983416469338435 1.3053350057781947 1.5393105351779932 
1.9773205596313435 2.149599289519051 1.637549257256346 1.8418870974901829 1.4727610207840272 1.697057905405944 1.8551706283630112 2.0378023874509545 1.4877597369000177 1.7100905077512154 1.3041803898007398 1.5530186731333304 
1.9616564167012251 2.1445179383034056 1.6192458396380365 1.8365234492663276 1.4535959415136965 1.6922772975210325 1.8456676474883258 2.0389581544271795 1.4766009132413165 1.7120781370910294 1.2928009626331078 1.5563404574530246 
1.943219614444865 2.1357738419746717 1.5967306415182398 1.8261917138305195 1.4298376597233862 1.6822197143248707 1.82835417279127 2.031823421280316 1.4547595171585062 1.7034531654446063 1.2693353553585631 1.5481084194794787 
1.9283907402433385 2.128707631300327 1.5785076442818546 1.8177985904814233 1.4108343060247188 1.6742636505509667 1.8140819708756963 2.0257341211413333 1.4366241446725898 1.6960525538898403 1.2500623940652924 1.541220724476624 
1.9195041913790891 2.1257895928247206 1.568514040333044 1.8151367295501157 1.401140338696267 1.6726264678528469 1.804021835655514 2.022122606510765 1.4248630592172322 1.6925483123863525 1.2382215841770365 1.5387260132206415 
1.919180682854702 2.1289148334686008 1.567303316477905 1.818093386095071 1.3999071962964689 1.6759367628173327 1.8011591589425517 2.02316538883074 1.4203378148323167 1.693039687356041 1.2331504290404476 1.5393777494048173 
1.9182581171952042 2.131427895455366 1.566741363016018 1.8215238587307305 1.4004316738010782 1.680618797444944 1.796899729084873 2.0228987383765134 1.4155609950776722 1.6932464676252215 1.2289602537044433 1.540653749070598 
1.9183985906757777 2.132909516704075 1.5667485273351336 1.8231156852067314 1.4002552706941722 1.6821904401246635 1.7941216588366602 2.02186111799174 1.411849964375397 1.6918540645241271 1.2244730283296605 1.5389555064545593 
1.9184484232489154 2.1341379040882646 1.5662054415261903 1.8240339158212628 1.3994902420046555 1.6830547164207852 1.7878485389054213 2.0175486708048087 1.4031954712249644 1.6861369373411668 1.2143026734987656 1.532524461098827 
1.9165485784047454 2.13233122415005 1.5637151434277439 1.821780185940458 1.3965206644318766 1.6804606399095607 1.781033027146114 2.0114066321570214 1.3943189162402014 1.6786313580668182 1.2038231417385403 1.5240958476044906 
1.9173741967733502 2.13322643140672 1.5638800537292654 1.8221009905195293 1.396277133828471 1.6804526270181643 1.7749754187740883 2.006207600038503 1.385617100519566 1.6716057987612538 1.1932324841589965 1.515960078119556 
1.919877047999168 2.135689280544808 1.5663001165274806 1.8244278222593513 1.3987820954794925 1.6828048532833508 1.7709381721093482 2.002863658124037 1.37970655758172 1.6669826059782387 1.1861220344610415 1.5106708126636987 
1.9224138765237857 2.1375434678787726 1.569956775408549 1.8270690301877512 1.4029702208711379 1.6857468389622474 1.768656100165097 2.0003903031836585 1.3774010180957503 1.6645271187551165 1.1835517431237257 1.5080489690561145 
1.9263464074558345 2.1410085746016994 1.5751702566764012 1.831466235702422 1.4092495142869483 1.6908848064010746 1.7709285115210045 2.0023224085840923 1.380774655372121 1.6672270043152493 1.1880073673668863 1.5114459103514093 
1.9301038350672355 2.143659707169319 1.5801082274772353 1.8348618848679727 1.414638302514551 1.6944549722377547 1.776897460108841 2.006823537270093 1.388814523304408 1.6729560383169817 1.1971905848866546 1.5176433779189529 
1.9343847819016282 2.1461325144390804 1.5852570417609284 1.837683371403412 1.4203005359615302 1.6974374502563003 1.7872028936448738 2.014481190811324 1.4018878653632072 1.6820611974992499 1.2122307169233957 1.5275940547582039 
1.9449345215471499 2.164066010930776 1.5980517884930514 1.8585426885777576 1.4339926165450922 1.719519185954562 1.8088282613630957 2.042613787691114 1.4292861521423343 1.7155961970305948 1.2431509201644986 1.563916755094669 
1.950468666445006 2.1683474214119287 1.6045698705833162 1.863342961116863 1.4405124783853003 1.7240877940359534 1.8231567122942998 2.054580959403586 1.4471409220887093 1.729629835989123 1.2627939575337537 1.578623166035441 
1.9494876257360778 2.1623525660211125 1.6030246297852349 1.8560588839199283 1.4378942396776233 1.7154610054962163 1.8233635448527783 2.0493709360625982 1.447010911326549 1.7231097453087802 1.2616229461681847 1.5706556195353867 
1.9479483902603785 2.1530558902912853 1.601007132000979 1.8450936486579754 1.4344742111024513 1.702604768558458 1.8235011788090514 2.041152440342955 1.4470236538211807 1.7131912299326075 1.2603054710339077 1.5586906735840822 
1.946075561773029 2.14258985951353 1.5974027839371665 1.8317141884284813 1.42947515407936 1.687270111775293 1.8244615926158079 2.0327669115986247 1.4467707713837084 1.7019479659761076 1.2589079501417926 1.5454224150342228 
1.9537099870915464 2.1442825353393262 1.604887471962209 1.8321104430031638 1.4358143618383437 1.6859797624411894 1.83045163953087 2.032613608721847 1.4523203120046384 1.700058577332337 1.2629858956699596 1.5414597790280646 
1.9594888770706023 2.1433696964460913 1.6122037226614414 1.8312940341855017 1.4438062707175812 1.6849372521383132 1.830974118703869 2.026549584797621 1.4532963935011363 1.6930763135911535 1.2639011477815065 1.5335850506715987 
1.9674992834395038 2.1436626887490857 1.619847870120821 1.829793271147033 1.4505098463419543 1.6817297961132043 1.8355292043808402 2.023216190360032 1.4567158790014476 1.6870854883303807 1.2657380630031476 1.5252308470965827 
1.9800134876604376 2.1475385424520907 1.6355307730878224 1.834783172398649 1.4675813054537215 1.6867908193125933 1.840833259781355 2.0199345212945023 1.4639585338107257 1.6836397977944244 1.2735810013961615 1.5210118168894184 
1.9930518902090433 2.151739704096627 1.6500325162450102 1.8385687971315732 1.4823242736546685 1.6896784218856085 1.8468991271495692 2.0171178207992315 1.4701659271884382 1.6790222662567162 1.2790878785548083 1.5145275560998683 
2.002743324202892 2.1516917802834237 1.6646623538241168 1.8411674141531098 1.4994477522872376 1.6932631976568937 1.8495047860006335 2.0098419460592543 1.4767490927842988 1.6731959173208764 1.2876454064063017 1.5089159643065777 
2.0213293399269427 2.1585594151724177 1.6870278754215917 1.8492348419899214 1.523353315698459 1.7012383057142493 1.8636049729085533 2.0116237082092394 1.494427732294034 1.675386730110242 1.3068498456400757 1.5104512462934676 
2.037029936316698 2.171343026757958 1.7067522929383778 1.8650048171118514 1.5448207331112596 1.7180543285502963 1.8722794821955426 2.0175901560650047 1.5063010613587213 1.6835030341078718 1.3200040134220843 1.5190951826170769 
2.054818175495586 2.1853367112568742 1.728220617382807 1.8815327022316168 1.5679010142056193 1.7354343541508592 1.8815971556491604 2.0233207020556607 1.518182012851888 1.690649411133784 1.332832964833557 1.52638871830442 
2.078197910554055 2.2054985459236285 1.7564357519224094 1.905356615248505 1.5985848947838959 1.7609062855448157 1.8958546680669486 2.034596324353123 1.5363674422582767 1.7046237702998392 1.3530824190829027 1.541476342170466 
2.0957347192742786 2.2212417773695052 1.7759911671997808 1.9224868389488756 1.6187749560614162 1.7782697709660478 1.9079755075397693 2.04503827771796 1.5499713383710163 1.7158735879229683 1.3670036145422733 1.5525816893586115 
2.1067889445604275 2.2350049324245442 1.7876830471093135 1.9371365640971316 1.63056238670038 1.793159526635051 1.9146849852970698 2.0549223790601046 1.5566854572848172 1.7262551966502635 1.373387284389236 1.562971536516913 
2.1086382647393553 2.2404324146295953 1.789954838291458 1.943481514222093 1.632718112450217 1.7997084507561216 1.9158725555012786 2.0600363399520405 1.5582524315793638 1.7324354861070583 1.3747657080837448 1.56944666208285 
2.115031506677156 2.2500917727855105 1.7980835590809012 1.955162192033449 1.6418508996364563 1.8125200932284975 1.9193150956101608 2.0672022513428723 1.5631751813015202 1.7415715199661026 1.3806109294935487 1.5797598711060619 
2.1168617469828512 2.2567878406884616 1.8035799391874177 1.965931916186135 1.6493712796818336 1.8254898850114971 1.9177205566086237 2.071144571312995 1.565071587640415 1.749696195480601 1.3845483363318487 1.590270982467859 
2.1227837175703983 2.2650230841168044 1.8102189979066068 1.9750978913415913 1.656719423795713 1.8354394866576234 1.9223467428593626 2.0783493113001965 1.5703818352814707 1.7579015810283578 1.3906565130836586 1.5993887574264114 
2.1300805716298363 2.276733397988199 1.8179172986785979 1.987736156715697 1.6650478936159434 1.8489608465067318 1.9274971820043965 2.088424552267783 1.575698400657591 1.7689254290995113 1.3965624343490306 1.6114150169695236 
2.1373817171029814 2.287365462978334 1.8265240019791937 1.9999575211554095 1.6749271431934256 1.8625308297115755 1.933742936278266 2.098333124226487 1.583398581787318 1.7806715658498313 1.4058243396691104 1.6248022127711699 
2.1401408707957077 2.2951393685504615 1.8253803047174062 2.0048628459498694 1.6723162281249948 1.8665752974552647 1.926268947901671 2.097134672325602 1.5691788838912566 1.774763123312576 1.388146490702696 1.6169144856393023 
2.142262510698911 2.2944877325333426 1.8277538341762547 2.0040133154113526 1.6760675320362244 1.866705028103262 1.925948080490749 2.0939582848629055 1.5686527411591134 1.7708915021384004 1.3889527407172642 1.613869575258794 
2.1485862783337817 2.2894417902939157 1.8365889868569425 1.9995449038079165 1.687251640344205 1.863313933169666 1.9447113633246993 2.099291071372479 1.593279133687569 1.7786677917880591 1.4185546831349896 1.6240129632315778 
2.1486018067959005 2.2785883558612796 1.8360029827226887 1.986550307408954 1.6880908331504587 1.8507095483264278 1.9442431854494462 2.0869970616813553 1.5920109272761322 1.7635118269710046 1.4188877689819621 1.6089492447764193 
2.148896418178913 2.2701712929517366 1.8359104869416047 1.9764840498577672 1.688799791586368 1.8406429907350748 1.944131811185178 2.0773950954361475 1.5913704783180316 1.7516797317267103 1.419132629200724 1.5968278875765416 
2.1490426788401016 2.260947640489766 1.83744420233003 1.9671555592367982 1.6923750287321777 1.8323845217192378 1.9435592874610848 2.0666210347899394 1.5922435319624444 1.7403273435294406 1.422382334773685 1.5864019994428395 
2.1498697529580624 2.2496964557121832 1.8374460527275243 1.9533054509840388 1.6930455276465428 1.8181301787396742 1.9449298143336586 2.0547374943880206 1.592802569273405 1.725170777877935 1.423803071595212 1.5704806190602798 
2.149657790648586 2.2433963581534493 1.8372761619571947 1.9461198057098539 1.6933760520617267 1.810889576030565 1.9462144019855983 2.0492801422392595 1.5944609047876213 1.7187507613892599 1.4262693768346006 1.563983036409334 
2.157487154140613 2.253483366763944 1.8451585938021045 1.956539470667985 1.7018318519412428 1.8219956411258944 1.9547180599466922 2.0601842533816628 1.6033658690023809 1.730381048752488 1.4361070732649985 1.5766546831445876 
2.1612789330393913 2.2591715133295853 1.8495683870567994 1.963067120258472 1.7065877681502026 1.8289808940062469 1.958658306494497 2.0661731926050853 1.6081414594493515 1.737483310377366 1.4414081814669606 1.5844200345362622 
2.166756533053008 2.2645501570439746 1.8559986658206116 1.969285298723344 1.7135898638612128 1.8356861828122721 1.9632454289588679 2.070672874832693 1.613762618332662 1.7428664115668446 1.447718536984275 1.590359236954937 
2.165994084708026 2.264562160919889 1.8560621249813163 1.970197456467285 1.713839119809721 1.836833126408101 1.9635914480843921 2.071811473245131 1.6152794222022888 1.7452332272421813 1.4496225469377053 1.5931468652544747 
2.1682581500390143 2.268667261501917 1.8580331681675142 1.9742834123323354 1.715672527847494 1.8409345346890014 1.9672562323222182 2.0774033844707698 1.6189629187880152 1.751156380969618 1.4533705312860208 1.5993103636913661 
2.1693434110910723 2.272533416089684 1.8593254487701312 1.9787492050394484 1.716675011073514 1.845353729138197 1.9696483430410237 2.082755839565514 1.6218985432030728 1.7575301352876571 1.4561719862860465 1.6058624304853295 
2.1698495882969033 2.277093971181743 1.859702299141516 1.9837848570831063 1.7172766716613372 1.850931896313919 1.9727503282048238 2.0901324300608897 1.6254197190363602 1.766040481074044 1.460320440393902 1.6153778215613337 
2.1685324439994553 2.2811201178759197 1.8577331454970196 1.9880011245917972 1.714250156505243 1.85462385150689 1.9746705810028795 2.0976891893171996 1.6272563973382468 1.7745251235691903 1.4613160308017736 1.623705814911756 
2.167007985005999 2.284190981612474 1.856662340082267 1.9921846998909916 1.7130071812691736 1.8590315856595228 1.9742339744518023 2.1021904336381514 1.6275353218531878 1.780583066660963 1.461529945598023 1.6302375947326695 
2.166719085360585 2.29004541195711 1.8553550213546222 1.9979936559523432 1.7105379375114165 1.8642897922870818 1.97560574570581 2.110131383688184 1.628093585413876 1.788945252607192 1.4609197456622354 1.638268261679329 
2.1676548901373325 2.296083103913334 1.8549565398510794 2.003530299764965 1.708486735897089 1.868742043214175 1.9787924965332495 2.1186999885959055 1.6302624900108234 1.7975054057432733 1.4614441311033035 1.6459309966326927 
2.1655759755471267 2.3009709074316627 1.8533420183729958 2.009881700012936 1.7063411289267132 1.8751927525582244 1.9788875781273907 2.1262040959999324 1.631304195442067 1.8071804528178392 1.4621480052535343 1.6560871354632551 
2.166938791404291 2.3087837183964828 1.856186106427017 2.019971632061374 1.7090937708893243 1.8856988228062004 1.9805680297057937 2.1348321369448913 1.634763853372312 1.8186014926125762 1.4656150627953746 1.668198442911601 
2.1681648575457286 2.316536612755406 1.8582752019806672 2.029430894373171 1.7112327378519527 1.8957110834291944 1.9827194643459498 2.1439635031959594 1.6381160981738412 1.8299801583176498 1.469202201160987 1.6804636671574575 
2.174231276324586 2.327029419768482 1.8650834665901792 2.041156685526136 1.7183346332271952 1.9079984772708913 1.9880258734101124 2.1540731535553848 1.6442328204205265 1.8415444184890137 1.4756826021025118 1.6927561607236996 
2.1780485860676317 2.3369046321729114 1.8705620661371303 2.053346064323111 1.7245605942590738 1.9212852104440947 1.990502895820855 2.1631757660604487 1.6483957589945473 1.8532231907871242 1.4806469458554965 1.7057382550881626 
2.1770898175999562 2.339920272307886 1.8701088416178908 2.057380345574782 1.7239538755713304 1.9254931243599416 1.9931050628347244 2.169786763338142 1.6522877464586518 1.8616018919085278 1.484845002920308 1.7147219860832863 
2.170450174303248 2.3391829036509737 1.8627568104111176 2.056887365008838 1.7159715587191415 1.9249626198794096 1.9936959761039295 2.1761770017011486 1.6534305612069107 1.8694264677523424 1.4861117307702674 1.7232094399500602 
2.173595493864615 2.3460156967566435 1.8670218838965331 2.0651980518653796 1.7200029008546933 1.9333086296369133 1.9975063911658855 2.1838736367355507 1.6586998302129772 1.8789777553841767 1.4912828003931913 1.7329733607959932 
2.175357710489252 2.3527318404920354 1.869836411289779 2.073512514952596 1.7234704875294615 1.9425541089156408 1.998999645468963 2.1906997802677206 1.661356860817398 1.8876632548378538 1.4947136633432638 1.7427951342785646 
2.178122231899369 2.3558853673416054 1.872679626069096 2.076754291882959 1.7257368242852933 1.9452884088623696 2.001669222947261 2.1937773553973727 1.6641490927480895 1.8908653071687285 1.4968736779348784 1.7454541571334063 
2.1772704505607474 2.3532764360535716 1.8725784423849912 2.074597163905562 1.7257651725785288 1.943108025943231 2.000557161364054 2.190806318569718 1.663812598787796 1.8882996937681793 1.4966588695774998 1.7428112753493994 
2.1767399149396423 2.350081427187458 1.8720120318233642 2.0710178908960297 1.7247923229454147 1.9389674093216318 1.9992176525059597 2.186677223371442 1.662258587612481 1.8835577159225676 1.4945176887850606 1.7373166606037715 
2.1760046171738447 2.346652721448551 1.8721542373324613 2.0680291075035404 1.724792162192851 1.9356370795895315 1.998370405996318 2.1829491933349914 1.6623626782269536 1.8802214165044207 1.4944551476581323 1.7335452372181954 
2.176843921429428 2.345901126382834 1.8733459403602557 2.0673721601986057 1.7259091998898002 1.9347778174158008 1.9981941393829208 2.1811424655817993 1.6623944696323585 1.8783391624422492 1.4942867618580615 1.7313276879794448 
2.176873544200124 2.344383858355626 1.8735768912533082 2.0658285541928234 1.7263731657548462 1.9333187929874396 1.9967489731657333 2.1781560342910264 1.6608788040788558 1.8750668387335985 1.4928470590915903 1.727990043292614 
2.177983375487416 2.345419245981315 1.875196329321162 2.067302863399449 1.7280784944844259 1.9348475750351912 1.9957627410340038 2.1772571676353625 1.660065844507247 1.8743528119379125 1.4918822398901193 1.7271631287228082 
2.14912797507188 2.3161517507099054 1.83744303455551 2.0302720961281424 1.6850266339843298 1.8934420076454839 1.91620888716146 2.101824059791057 1.5586219398034151 1.7818838992247952 1.3756526462870486 1.6242623194289032 
2.1506839824028283 2.3144538224523057 1.839371254576979 2.028433266406388 1.6872473535804078 1.8915756755319333 1.9165377961219783 2.098659578889366 1.5591543040905507 1.778262367611734 1.376400800626071 1.6204116970893816 
2.154715513816327 2.315317458838152 1.8442428489439129 2.029563419950399 1.6923095302812545 1.892566388796113 1.9192078893337114 2.097916802974026 1.5626233272547676 1.7775510267220909 1.3800259139888498 1.6193725676942783 
2.1877158912273686 2.3460616231822984 1.8861964030102378 2.0677623629829323 1.7400962389272496 1.9354170712713992 1.9960438894795778 2.168431582450496 1.660068450013059 1.8637949398388118 1.4919870336999446 1.7157883400258787 
2.192184252890229 2.348331538986753 1.891209893010263 2.070184551628161 1.7457545761703992 1.9382074859518756 1.9986023280832759 2.1687324602633424 1.6629534950262108 1.8639751996740435 1.4954592964771358 1.7162131935747058 
2.1975361690135977 2.348200172873463 1.8971988849150632 2.069841164602482 1.7524165268916405 1.9379996185456176 2.0004321333959223 2.1648573990179956 1.6649105426787831 1.8592487603553647 1.497840842654172 1.7112586092356001 
2.20106419065067 2.344452145530953 1.9016344183266902 2.0659103930917935 1.7580008619351384 1.9345126833093367 2.0000331605662667 2.156827516210949 1.6648310824118733 1.8502526379618243 1.4986714458361745 1.7022891628288919 
2.2079329050217105 2.3437070151658483 1.9094944971582426 2.064985252862017 1.7668100849490334 1.9338078333013364 2.0030154923708428 2.1517587974811696 1.6683142942136562 1.844252543481399 1.5029042637099712 1.6960884663653633 
2.2176319642746427 2.34963247084573 1.9204259217612667 2.0714528573087563 1.7795240917089632 1.9415424826803585 2.009809312987829 2.154579934384568 1.676149655183752 1.8472571249429814 1.5126625329440173 1.7003026664840029 
2.225982076559874 2.3550307466412854 1.9299708836057112 2.0774891633955184 1.7905208566129047 1.9486247844122815 2.016584506130554 2.158190603914726 1.6841628415226984 1.8513719478337707 1.5223606022115161 1.705507377769387 
2.2278793688380976 2.35561676166868 1.931959350735527 2.077967944568549 1.7936481995348028 1.950040437902363 2.018346434409722 2.1585194405088037 1.6860435285289759 1.851547089829054 1.5255981485615533 1.7067318350152256 
2.228020082240508 2.3539774176629225 1.9318804018020888 2.075884891526262 1.7945055828464287 1.948688400660044 2.019562473722217 2.157723054811947 1.6872228617663407 1.850366769391139 1.528008306674738 1.7064423756069234 
2.2134510752065064 2.343176557908695 1.914943934200905 2.0635215022705338 1.7769461893745797 1.9361426804687818 2.0062723400208755 2.148543558211664 1.671159271623396 1.839533644795017 1.511059495828288 1.6954089533598788 
2.196812265945809 2.330900922160777 1.8955373091052468 2.049433255153717 1.7566760568215074 1.9217246800023045 1.9965461018493813 2.1432011837272675 1.659299218106837 1.833136348537653 1.4987071006737642 1.6891530276235955 
2.178393063721488 2.3176872499649064 1.8732812381673742 2.0335831543976486 1.732940891799224 1.9050884449415701 1.9883786314658207 2.140076501120904 1.6484646915447991 1.8285824257740995 1.487056615085616 1.6845222542459597 
2.157720950816625 2.3006235429537356 1.8490712052252072 2.013994366127423 1.7074505153570336 1.8848066869557205 1.9803335026184354 2.135141626776313 1.6386047119403142 1.8226723201917012 1.4769388417916973 1.6788261753954756 
2.138763125195825 2.2856031965932777 1.8269500610847058 1.996852721729224 1.683941016098073 1.8669042857836633 1.97525771394454 2.133381659028082 1.6325078427062487 1.8206471714962813 1.470711622479883 1.6771007551955277 
2.1232508716562437 2.2860554067627055 1.8072558342384732 1.9960031836620402 1.6626647758309547 1.8660946427201917 1.9708112699061267 2.145216101093081 1.6254465380285505 1.8330115948321224 1.4629958832440368 1.6906247404994996 
2.1013087705047657 2.278178108840538 1.7823463266717414 1.9878016437261163 1.636557187329624 1.8582024577532583 1.9520380457870818 2.1412728641628673 1.603655951692959 1.8292920373740902 1.439886596437459 1.6875634379780362 
2.083637929529274 2.2715315141932413 1.7619581560789235 1.9806072155712855 1.6144001196026467 1.8505664388973015 1.936946119223 2.1377718932040057 1.5857836520701807 1.8256555506921452 1.4200355606719994 1.6836892207806762 
2.0687908989649872 2.266668981893995 1.7439603797220737 1.9746620713125473 1.5947416557048855 1.8442053677072843 1.9272811102795462 2.1382948739311796 1.5735038927312384 1.825871570040007 1.4063134937987192 1.6839269974320026 
2.072551512085644 2.2760046185955973 1.7487676599961728 1.9856776128738747 1.5999214252732818 1.8559299072617181 1.9253617047839322 2.1428357258241917 1.571539453099568 1.8315194528774432 1.4040286646106945 1.6899774391004425 
2.075035352297401 2.2813880320725803 1.7511167315984393 1.991323541588358 1.6022949235655715 1.8618025302603927 1.923412514382705 2.144405591319888 1.5684877413878633 1.8327884314573792 1.400390306051852 1.6911690184260117 
2.071939998574611 2.2785393220599373 1.7495028393498993 1.989865892308665 1.601864130347315 1.8613905491791236 1.9173782150878211 2.1389589299875205 1.5633822459313524 1.8283790994685318 1.3961993246286002 1.6876547747016744 
2.073001077651876 2.277549763352239 1.7492451932035828 1.9873998597528983 1.600382986645959 1.8577204204470166 1.9185413982361288 2.1379196788808135 1.5631143191545014 1.8257124174814172 1.3945226182266963 1.6836248956777278 
2.071676557617033 2.2740226851506913 1.7481690963347798 1.9837919756315077 1.5997463234463019 1.8543256759749513 1.9170543673511087 2.13411172635829 1.5618415020033114 1.8217256353743172 1.3937151744097356 1.6798146923336394 
2.078408427824332 2.2756807335061766 1.7569602597814244 1.986416512831891 1.609789053277233 1.8575150077593479 1.9186310942052436 2.130747869563926 1.5646958289876056 1.81857478406889 1.3974206520769652 1.676820111655156 
2.089757489553228 2.2791288914503736 1.7706316271725777 1.9905975228166566 1.624534848239277 1.8618419943281463 1.9231514035935418 2.1274053351074897 1.5705289921373022 1.8149114176300203 1.4037586790983023 1.6726866316928015 
2.098018137118955 2.2781934640192634 1.78126596769828 1.9903250497092404 1.6366455913483804 1.8620134659824805 1.9266221029771486 2.121404742971056 1.5757858584465372 1.8087527270193928 1.4102487070301075 1.6665193582734317 
2.1150241587014293 2.2825624675506013 1.800611270844068 1.9947343620318696 1.6574081650247443 1.8664849455247932 1.934569089820958 2.1164408306566687 1.5847496080108965 1.8022751028826567 1.4199409131688157 1.6592156048177376 
2.1303847771331847 2.287030547894105 1.8187118286965667 1.9999205344715099 1.6771443745369121 1.8721064823884377 1.941705531804658 2.112389594890301 1.5935475485346553 1.7975992928906068 1.4298581491325668 1.6542260289938646 
2.137762077388641 2.285110812087895 1.8276079753385297 1.997962871407024 1.6866378163438052 1.8698801692945461 1.9437626438227995 2.104737023839558 1.5963512857516668 1.7888661636693226 1.4328062114330047 1.6445784759387434 
2.1404353290771856 2.2805188235403278 1.8310910547435262 1.9930371690768238 1.6899383372069408 1.8641873001717826 1.9415230272035817 2.094949730118066 1.5940334745424136 1.7777079131628344 1.4296642440663332 1.6319444099973992 
2.1423721142469647 2.2760433092327155 1.8335493001015843 1.9880940383953194 1.6923838441390917 1.8587032967913437 1.9416119498249413 2.088174282310509 1.5943656179506036 1.7699199398003882 1.4297768230402288 1.6232303081519301 
2.139720928299997 2.271790709111427 1.830472001590027 1.9832435865533513 1.689072267904781 1.853535136220784 1.9326011060239512 2.0778773808877653 1.5834042858995299 1.7577817007822671 1.4175706367602992 1.6100105233211985 
2.1402676730026573 2.269805128520995 1.8313134635283523 1.9811558775271092 1.6897746036972534 1.8511098888667332 1.9333619480325483 2.0758511583107806 1.5845667268058516 1.7555971408783422 1.4186193715370625 1.607404905635232 
2.139975802117045 2.267095210181189 1.8306494834474705 1.9777517007012004 1.6878477860418841 1.8463624799119187 1.934696201900053 2.0744333327505347 1.5858217085304673 1.7535834025293722 1.4185848965946628 1.6039349635276645 
2.1445881053955906 2.268073109779367 1.8370286827930178 1.979790865446209 1.6945593353448116 1.8483584150548966 1.9401906575912198 2.0758702457774785 1.5936612022021022 1.7563181707493234 1.4270995014378813 1.6067079624201313 
2.1530867945341288 2.2664687988801546 1.847175558737515 1.9781697642763754 1.705383342476773 1.8464643013871809 1.952711005447875 2.0770600237588828 1.6091473117142663 1.7579684702227312 1.444170997769049 1.608330793803703 
2.150300753709027 2.259033680466409 1.844209760033172 1.9699110327833613 1.7020536614929653 1.8375055114697234 1.9510785561841453 2.0703012752934318 1.6074899190979737 1.7502753149380843 1.4421861418005686 1.5997939572587496 
2.151323113664472 2.2577196210749904 1.844920925944253 1.967953244105916 1.7023031535502127 1.8349230977310738 1.9517541024388803 2.0684416415231537 1.60775811613159 1.747567711989152 1.4418699537707966 1.5962755750768725 
2.1479776611798855 2.253011052739824 1.842345112764655 1.9637938500178194 1.699680710053453 1.8306188262354919 1.9487212954981044 2.063919925376905 1.605597137867345 1.7436149058687844 1.4396600886069637 1.5921281171965433 
2.145131347723295 2.2464776389595245 1.839178546140956 1.956438347596254 1.6964134137011415 1.8228800710812438 1.9445522951530927 2.0558105243297984 1.6007101093530833 1.7341701581866642 1.434403569357369 1.5819566628530506 
2.1485714720798303 2.2545060535636825 1.8426852322182672 1.9651786280018644 1.699667579097539 1.8317499977767955 1.948369046314196 2.064601684479428 1.6047652273885078 1.7440497727861122 1.4382810745592427 1.5921967919686595 
2.1502877788137473 2.2594152537760204 1.8440265955012036 1.9701913212162314 1.700828362332825 1.836855159068281 1.9517614603520994 2.0713745570021276 1.6081260371363186 1.751367782219303 1.4416838712130202 1.5998975410305998 
2.149018320811912 2.2576412251917373 1.8434797810622305 1.9690306908946973 1.7004039705861809 1.835766276432065 1.9527080295285442 2.0716497790614246 1.6103436305910768 1.7526753170753702 1.4443554162965742 1.6015076419066034 
2.1517204451622547 2.260723850148277 1.8448846235277834 1.9709314363085415 1.7021450214741547 1.838006835305367 1.9585238987894047 2.077687973356262 1.6153991030482995 1.7579777343951914 1.4502457247408973 1.6075397707768384 
2.151262056828912 2.25966433043312 1.8470888955195852 1.9722808717400675 1.70455320208897 1.8394716817150951 1.9630913780952126 2.0813174212098837 1.6240494787880573 1.7651320513298037 1.4598975787197404 1.6153808806073446 
2.1558655930329333 2.263040671314424 1.852092237666159 1.9758143337933451 1.7108437621312007 1.8440669736273787 1.9730646636193252 2.089636521413052 1.6356874299276254 1.7745619158607118 1.473843305790422 1.6265948219588182 
2.163617160910462 2.2699875299186667 1.8595120916483039 1.9822687471647857 1.7188168078612245 1.8509282498212212 1.9869839420554585 2.102310479683305 1.6506517458223129 1.7878074149600816 1.490368137738542 1.6409757319918685 
2.162626343093002 2.2710775722418224 1.8613071030433987 1.9862791271973357 1.7222738120983578 1.8566280519101852 1.984207420367087 2.101884803299127 1.6506333690555905 1.790371793326685 1.4920970045676687 1.6453553143135404 
2.165635090654942 2.2727794945827986 1.8664675578954057 1.9897870312664219 1.726752461552043 1.859361543271249 1.9865220160562127 2.1028126415342 1.65529318221155 1.7931945806844387 1.495984103483737 1.6472764561530162 
2.1727556815020894 2.279464538140396 1.875046818908693 1.9977216778719724 1.7330994820550867 1.865134082000436 1.9931674154218981 2.1089826161065455 1.6636254588998118 1.8007612269925208 1.5018265243028601 1.6524449274452717 
2.1741577265147902 2.2813959492915648 1.878804204105356 2.001926795625644 1.7374416177138041 1.869895460351717 1.9960186968472917 2.11232012153555 1.669441240584394 1.8068867461586962 1.5085861570901282 1.6594088860326017 
2.175471239904681 2.2827536629939753 1.8802357783140946 2.0033910632506102 1.7392984012102148 1.8717500096734099 2.0022314935222676 2.1183059561622373 1.6767654636389702 1.813789290494464 1.5170414517910875 1.6672444142093896 
2.180777532731351 2.2893069478918373 1.8839200517181824 2.0085543098621557 1.7422453315379667 1.8763140594436316 2.0139971489219737 2.1310373460514107 1.6880606120237032 1.8261117940218883 1.5283365676008147 1.679567896295306 
2.1841402029182304 2.2970003390560674 1.889131644963815 2.018554062596216 1.748498166428461 1.8875878707026301 2.0221250399032424 2.143532553665488 1.6992173560212034 1.8420319635184643 1.541352357186276 1.6975008749993885 
2.174010453812778 2.2969888608539746 1.8756031858810756 2.016859857423723 1.7335458599319604 1.885475436617311 2.0223386430287187 2.1539939555828003 1.6974744312322467 1.8523649257873673 1.5390625010983925 1.7083763507749805 
2.159799304295425 2.29621937711426 1.8589148218342337 2.015801257027835 1.7156747695396701 1.8845238942064386 2.014434340561886 2.160054653344447 1.6878320391659236 1.8592114956171608 1.5286440371894956 1.715996207873141 
2.148917218274273 2.2982663801212513 1.8440722882239837 2.016131381432182 1.6992960652563283 1.884619394041046 2.007762121068041 2.166862219384435 1.6774582343520923 1.8649528870713166 1.5168621035531342 1.7219331532308795 
2.128506152729564 2.2893988273753463 1.8227213560518816 2.008263351850949 1.6787897311478917 1.878601477159967 1.9915685005059731 2.162672800214496 1.660758800009083 1.8625059302959575 1.5013799024256351 1.7219030634700694 
2.1165616176176516 2.2870623189961945 1.8084266415788754 2.005299949576684 1.6641835339806275 1.876253662107619 1.9802143175859148 2.161497100014768 1.6467612396374438 1.860817978785741 1.4869171117356375 1.7209716636168797 
2.110599031823669 2.2880717951749263 1.8009954752677781 2.0060480972985193 1.6573450608533546 1.8781472033562785 1.9720970623006897 2.1609745694651314 1.6364972508180422 1.859776201233635 1.4769330386767743 1.7210390662256942 
2.1005117708597205 2.284003435006226 1.789711125606655 2.0018960774026806 1.6465433509993717 1.8750005328853216 1.9611244732347408 2.1565090287592676 1.623861266586601 1.855113852225852 1.4645697343316364 1.7174069111076269 
2.09414436284457 2.2807526659622015 1.7814611941980916 1.9974974586451144 1.638050084836752 1.8707218369639271 1.9562204313506415 2.1548063687704495 1.6170843360918719 1.8523913897699078 1.4575890518365215 1.7149221425165897 
2.088147512598964 2.2763816041369775 1.775083769058024 1.9931070117917 1.6322890736549207 1.8670620753615128 1.9532532141463994 2.153311703366059 1.6142368077123133 1.8513005279136179 1.4557491899957353 1.714864098829187 
2.08112577014143 2.2701754191222228 1.7666932485145121 1.9859045789732093 1.6239141349057713 1.860029322345957 1.9458920864083804 2.146883316434957 1.6051842807437282 1.8436996874726532 1.446550606908296 1.707372431775434 
2.074830898695171 2.2624496956927485 1.7591860028377357 1.9769903287422048 1.6156481816844315 1.850425468463999 1.9385845650835587 2.1381921062758162 1.5962212410503158 1.8334878286315974 1.4364908300369377 1.6962491774913881 
2.0748478104220105 2.2603371393739056 1.758698758859234 1.9741205311816727 1.6150130688056399 1.8472676469946119 1.936278905378306 2.133847826493963 1.5928602849631885 1.8279317368635544 1.4326373495804898 1.6901421013136766 
2.074259265146968 2.2563524974985714 1.757541261833713 1.9691435653522167 1.6132479893209353 1.841505951380022 1.9358926747234828 2.129848713399156 1.5918794665577038 1.8228152210161184 1.430977995654734 1.6841238428239296 
2.0751801446519385 2.252398833891911 1.757437193403406 1.9635461193762782 1.6122854166547684 1.8347730483407587 1.938331954273478 2.1269834600009565 1.593531807325364 1.818315565328978 1.4318597686078203 1.6784368534793441 
2.075246569687805 2.2491159426319047 1.7581138079774585 1.9603158827599698 1.6127775787755112 1.831099592321783 1.9375348688477843 2.1227141980024067 1.593222270997051 1.8138995019573163 1.431238820602977 1.6734152981256627 
2.0778587921360296 2.247857927685155 1.7585515094125053 1.9564947007996214 1.6117149073136354 1.825648664299076 1.9405914670679658 2.121618095948703 1.5940205435492354 1.8100468491884403 1.4303926119974892 1.6677503192795378 
2.0781591015547125 2.2453149664968364 1.757659103857938 1.9524496338637496 1.610280757934681 1.8209058643363993 1.9403938652177526 2.118448111135765 1.5924034118823942 1.80511569534329 1.4280711537506419 1.6619510424722774 
2.07140923790694 2.237061020657731 1.7518572889611215 1.944918954647265 1.6045216392701627 1.8133382117371843 1.9342268411140948 2.1106727013315467 1.5872936725402171 1.798112060508524 1.4230203557525838 1.6548996078754172 
2.0595042307702625 2.2275059901828795 1.7376445426382836 1.9338132837222444 1.588405161336556 1.8009042773841728 1.923754248380133 2.10263065418076 1.5743828277012584 1.788548726733664 1.4079430699288271 1.643937026744215 
2.052543298949138 2.221404545237317 1.728705483204415 1.9261689456537843 1.57741490460215 1.791631083901206 1.9172488564244887 2.0970329842425013 1.5656729642747906 1.781301768539236 1.3968346232324749 1.6348856608952842 
2.0474848519014763 2.214742348433788 1.7234181777984152 1.9191299244048097 1.5714919447346876 1.7839496583553052 1.912202174553206 2.090312562165288 1.5602862407795597 1.7740864140018688 1.3906508799716806 1.6268986818932547 
2.041689512303536 2.2080198270283375 1.7167423158558914 1.9115594866365655 1.563481056313203 1.7751981594600221 1.9075833568812268 2.0846413973032027 1.554857671251697 1.7676079513710754 1.3837814900663508 1.6191685224677048 
2.0449678365472863 2.2080623838272526 1.7169615328576497 1.908298441982514 1.5610583711421202 1.7693358291949242 1.9126433048827713 2.0861089257449836 1.5570060579563878 1.765761564558729 1.3831898630748023 1.6145774170577545 
2.039791480295888 2.2007244850293484 1.7155878908081887 1.9041220514997692 1.5615864814629032 1.766632761783753 1.9055706135138863 2.076930027470278 1.553606092639859 1.7595825831735463 1.3816665368632512 1.60979545129426 
2.0375421592084324 2.19824742141365 1.7121979654677084 1.9006145185575534 1.5575356224984904 1.7625637266640206 1.9020761191266138 2.073308283432968 1.5485274893755552 1.7546085205970476 1.3755845040388321 1.6040406487841135 
2.0362895198645528 2.1965988552555995 1.7118131372057552 1.8997041187801351 1.5569485234619063 1.7614369778422985 1.8995756923876999 2.070497363753504 1.5466793523902131 1.7523665544942957 1.3733177007197606 1.6014284340270126 
2.033633202032817 2.1935867850418522 1.7090139455283122 1.8965462422810178 1.553808035637044 1.757975652479365 1.896599500002636 2.0671837476407964 1.54342292616452 1.7488033943557661 1.36957842952138 1.5974680146125773 
2.0338633873245664 2.193642015730771 1.7068885301329317 1.8944480645241664 1.5506734505689326 1.7550080242492796 1.8966682545715157 2.0670789735226274 1.540849974494389 1.746334349080771 1.3657738977954441 1.59398975993554 
2.0309179806989968 2.189987976671673 1.7056463421021635 1.8922602722581505 1.5499539103878186 1.7532189304152777 1.8938323704928295 2.063497162868534 1.5398709840523948 1.7443113658881233 1.3654048218482642 1.5924037870987653 
2.029294572930162 2.1891745500676296 1.7034380584347089 1.8910711160249396 1.5472207515813026 1.7516680053776772 1.8930960334129407 2.0635555089853552 1.5386608940646442 1.7441118352513436 1.3636965139369575 1.591890991576939 
2.0277127221038884 2.1884516950625073 1.7012335562708492 1.889946441363342 1.5444411360042054 1.7501429543960003 1.892954648104904 2.0642139516101428 1.5381332937629173 1.7445790230373517 1.362702036023268 1.5920611725753382 
2.0244859937080424 2.1856055596561883 1.696907842023261 1.8862195916700792 1.5396117010207608 1.7460619443765564 1.8917716613587485 2.0632809169863515 1.5361486595769434 1.743009130211325 1.3603898962871048 1.5902794702818872 
2.022422587011389 2.183749092028166 1.6940449079212274 1.8837078134715692 1.5364794497987404 1.7433691737936174 1.8915591004390637 2.063143913287156 1.5354448410977974 1.7424574131191384 1.3596219362947335 1.5896977027516395 
2.0198828058039036 2.1814282534115694 1.6899449289199486 1.8800575891132298 1.531715605581614 1.7392111349638522 1.8915559774382174 2.063173936289001 1.534265729716417 1.7414574370286084 1.3580169965734044 1.588367979588562 
2.0151642131396863 2.1770181527031167 1.6849659755374558 1.8755350090038017 1.5269529761976595 1.7349658851974266 1.8891769596093664 2.0609490085877646 1.532061721184525 1.7394638107183746 1.3563510498093367 1.5868867009332739 
2.011795363993505 2.174067368345737 1.6799489590418393 1.8712233539868401 1.5217414837566068 1.7305910778996172 1.8886878097202193 2.0606770678846695 1.530375627414969 1.7381881073421712 1.3548129757962017 1.5858015433545773 
2.0068241353653886 2.1692778291138826 1.6742861864941252 1.8659199939667939 1.5153376647747656 1.7247235801382899 1.8865347614303425 2.058503484496696 1.528039439963851 1.7358939252399728 1.3520053750207652 1.5831429890205875 
2.002836847951675 2.1653423145805375 1.6687571639735364 1.8606725590799151 1.5088758150069872 1.7187373635646022 1.885401031163662 2.0572041581022047 1.5258217723944696 1.733633173688425 1.3491063093444489 1.5803289954034887 
1.9958575857399143 2.1585178928133906 1.6613393222805388 1.8535911994815795 1.5007783530407013 1.7111655840378392 1.8812460854857773 2.0530072637951284 1.5217383728340295 1.7295778867676241 1.344609607490427 1.575984450302591 
1.9917334602509569 2.1540107925178207 1.6564301804432477 1.848383418093565 1.4953949942016156 1.7055692616493914 1.8793234720726633 2.050516283837622 1.5194128730148533 1.72666609287472 1.3420360370285331 1.5728385302640735 
1.9850216231838784 2.147011566495989 1.6491511512616301 1.8409365393373993 1.4867663282801236 1.697003811742201 1.873300598331074 2.044163142674175 1.5128264298681326 1.7198812834226551 1.3339484255800746 1.5648534194190713 
1.9785607530759222 2.140389840681449 1.641397667115547 1.8332354780803148 1.47867777071692 1.6890985661270215 1.8680017771973239 2.038626168794161 1.5062915679284539 1.7133243429346239 1.3271081099941935 1.5581341251934508 
1.974013089574456 2.135690345151022 1.636334024889567 1.8281232490101127 1.4720653804132784 1.6826829935467018 1.8645196265556687 2.034914988487551 1.5024296326321878 1.7093099115056025 1.3216210668006507 1.5527806724619193 
1.9687511856647706 2.1297713275317705 1.6297336996750236 1.8209823196221429 1.4644482621985795 1.6746800856212627 1.8598114216383446 2.029493335928069 1.4963118741948285 1.7026138438813543 1.3143538357902107 1.5451442269822064 
1.9625521802381103 2.122982104021925 1.6232470534571624 1.8139385189132953 1.4568795602098892 1.6667153346619692 1.8551767422424637 2.024135049545203 1.4916436174091183 1.697186682482914 1.3086511138410268 1.5388338739439549 
1.9586653770346505 2.1188682156269865 1.6178657757658048 1.808513788831672 1.4501228905145556 1.6601472385286462 1.852397818178992 2.021041843405101 1.4874465657610325 1.6928466386516796 1.3030211108014673 1.533328559439982 
1.955363643751719 2.114451082268398 1.6140489643458775 1.8034995035502503 1.4455742178477036 1.6544307840783186 1.8500246130541074 2.017435864880467 1.484687896126994 1.6887138741971652 1.2995495022914672 1.5284911870553914 
1.9507628510601205 2.109328793729467 1.609561004583613 1.7984657034417448 1.4407909889627328 1.649142484097784 1.8468422647525182 2.013608355628326 1.4819032617806773 1.685179378065199 1.2966222748650473 1.5248021454130403 
1.9524876029199878 2.1097956617445774 1.6115896411792425 1.7989583281210935 1.442988435004328 1.649619810233934 1.847035058236914 2.0126023951879417 1.4820768665478319 1.6839185648707125 1.2967444969446524 1.5233437514613173 
1.9518259403805067 2.1082657091890122 1.6108640853722729 1.7972320107716337 1.4417710295127482 1.6473808001012546 1.8465952598071538 2.0112368961766416 1.4816115056053831 1.682359192486031 1.2957597206049625 1.521234055805434 
1.9525010145496187 2.107974389881739 1.6119000814620272 1.797085888096974 1.4426807870826068 1.6470044535450685 1.846820248377543 2.0104827396417235 1.482129107270109 1.6816665862165694 1.296075874097381 1.5202330373983097 
1.956356259143513 2.1104738985095266 1.616631353367242 1.8000742196615116 1.4480360398450034 1.6503268271133449 1.8494812959557068 2.01180300419549 1.485512768066973 1.6833058093198632 1.3000229321400452 1.5221136250917668 
1.9590748912121994 2.1119548619698505 1.6199491860481583 1.8018363618814253 1.4522597224250524 1.6527060267930564 1.8505153973361286 2.0116625326823807 1.486831588236573 1.6831657914174973 1.302110251775206 1.5224552595718832 
1.9588434063405884 2.110592454872328 1.6197101007785313 1.8002760428789804 1.452038611939779 1.6510448663086053 1.8499625725305902 2.009948889838744 1.4861880230186217 1.6811567029173693 1.3014262021966514 1.5202773364633178 
1.9635238631955583 2.113349830955209 1.625463222388747 1.8035942542596464 1.4575882454720914 1.653899948605843 1.8533764261310788 2.0114238050690387 1.4905398025341055 1.6830123141553095 1.3054277877149736 1.5215003304628 
1.9668295987772708 2.114930335823466 1.6286272842570089 1.8046990014366273 1.4601928199475438 1.6542897951043403 1.8562116680557634 2.0124694808583707 1.4931610485899904 1.6834611880843466 1.307389061230956 1.521110716610188 
1.9672341996352238 2.1137365776497408 1.6298544409285265 1.803967134427465 1.4614172987256036 1.6533639782257383 1.8577467004450416 2.01223625016906 1.4958736261510996 1.683897214468401 1.3103255045271918 1.5214548469456595 
1.969378148211003 2.1140247661867635 1.6323611985865751 1.8042321092506362 1.4636406234629455 1.6531467859966336 1.859912608874675 2.0124426287601342 1.4984751264705733 1.6840659506239655 1.3126570369487227 1.5210913575623919 
1.9720482524855318 2.1154712257204635 1.6354719264271216 1.8058274056097496 1.4669868895566995 1.6547793601719958 1.862133099467178 2.013401072029922 1.501110852712497 1.6851047412108362 1.3155287545816852 1.5221235497985173 
1.9803476777234243 2.120485438239216 1.6452414937219884 1.811491413665701 1.4776163983472028 1.660732305275164 1.8688127632442368 2.0167158236064298 1.5091400836451732 1.6888414257071505 1.3243996526972361 1.526013109112946 
1.9864673187268425 2.1243913613950256 1.6515086713577407 1.8150667038899175 1.4838494852139854 1.663969814260406 1.872642301340491 2.018359590551151 1.512685582654178 1.6897348667675085 1.3276091575346298 1.5262805519201934 
1.9882388001724667 2.124287473462867 1.6546462457308662 1.8158628642910373 1.4870384495739344 1.6645681403629142 1.8677945479926987 2.012004030043491 1.5077855104461144 1.6831283043521221 1.321683130523822 1.5186671922811956 
1.9911365479599437 2.1252622936432672 1.6578062915255933 1.8167104239206204 1.4916160926397384 1.6664434079745525 1.8633230236923066 2.006012899953996 1.5018886903568587 1.6756445632597148 1.3161559580163136 1.5114170734717272 
1.9969449989317907 2.129308001764585 1.665481327172025 1.82208432537539 1.4995116716980532 1.6717351737577009 1.8612980418940677 2.002646658394508 1.500156366236097 1.672313475631495 1.3134596779340775 1.5070964014218502 
2.0089999018012143 2.137904624153587 1.6801547134229304 1.8323415177245996 1.5165212285481828 1.6835653278614673 1.8661399254711017 2.0042539255237317 1.506425397103119 1.6744769492523002 1.3214515702958205 1.5102284029832342 
2.0201181856165644 2.146222441635247 1.6937119306005848 1.8422956844596798 1.5318355799036527 1.6946721007259076 1.8698538855372522 2.0054293401610437 1.511335890283414 1.6761651047491593 1.3274020917788099 1.512411848134879 
2.0315282135605424 2.1545899048803903 1.7064806821328184 1.851277152187778 1.5464019640741826 1.7048489112565048 1.8716474932242158 2.004548606198535 1.51262479646887 1.6742713491583405 1.3294045625363597 1.5107836597648554 
2.0434566662963913 2.1636801775288235 1.7191478043004795 1.8604477785283735 1.5600593575345651 1.7145209134423411 1.8744472894245814 2.0048315152229526 1.5143667543997261 1.673052130219247 1.3310231751668187 1.5091121417678541 
2.053338381231708 2.1694676009886047 1.732898818696363 1.869045071617924 1.5769662151863784 1.725460404570111 1.8766474754303886 2.003046906824513 1.5193898627538789 1.6730023069139057 1.3388165232918403 1.510900674081275 
2.06509836334478 2.1769225217837427 1.7460093213638037 1.876941385832091 1.5918126555249177 1.7344243845867973 1.8831339969023155 2.0051319322800905 1.5264700947903598 1.6746555961896434 1.3473789111787708 1.5132053217753663 
2.084709017435287 2.19245558198473 1.7684565155456893 1.8942777618332536 1.6173940544517902 1.7540847525065602 1.8955299231022444 2.013425807169462 1.5409284374610004 1.6838379497374443 1.3649122790040393 1.524413107059894 
2.0977741698795893 2.2019175715303243 1.7831993230746808 1.9046218390572969 1.634552288491867 1.7662235724318707 1.9005547705378028 2.014917606209743 1.5463672894283558 1.6849440102905497 1.3723021357609264 1.526760516850629 
2.108382754027067 2.208785502967357 1.7944695652695701 1.9114331223767052 1.647278034783066 1.7739730788596428 1.901665863678149 2.012408660714508 1.5463428598725317 1.6806640952072371 1.3728001105327607 1.5225096729146783 
2.1136180505188844 2.210401292227104 1.8009350130083124 1.9135985812806329 1.6559696430427855 1.7778436567592917 1.8949944901975968 2.0023727742553956 1.5385024457176695 1.6689764482098752 1.3659642429724324 1.5114069347066164 
2.1199674830708983 2.213029643144881 1.8077454027815865 1.916032753748735 1.6639840003070825 1.7810336396143562 1.890376026423833 1.994181434433176 1.5320583648405697 1.6584453278410958 1.359449206582563 1.5004466726405041 
2.124777901246879 2.2135211388751386 1.8126823230856226 1.9159363003625902 1.6703208072783773 1.7818435121657261 1.8862184727191837 1.9856522428278045 1.5260918064215827 1.6474073279693429 1.3539241472206223 1.4893304868453776 
2.1269163973528458 2.211151743691149 1.815220703751588 1.9132289135460008 1.6739791412465121 1.7797822444412716 1.8813112799662923 1.976044231394735 1.5200608455349442 1.6358495182712895 1.3482451320618256 1.4775600185537 
2.133985341739584 2.2128939653628708 1.8210950416602125 1.9129541065951923 1.679912254482183 1.779076009039358 1.8831040095436602 1.9720768174539778 1.5193993624980267 1.6283674910594998 1.3469567382657135 1.4687745633484433 
2.1388252694150496 2.215635676362059 1.8275884047258453 1.9169108728285622 1.687408433393753 1.7837643169343755 1.8845617090688116 1.9713043277404838 1.5221953485963489 1.6283570236801144 1.3506837243738299 1.4692904548006702 
2.1439233265413784 2.218645284805178 1.834374569189251 1.9211740498425047 1.6956458622272077 1.7891882404566184 1.8867974668438185 1.9712900219369678 1.5259513461733472 1.6292658409812224 1.356028149002907 1.4713232175794173 
2.1499787743403327 2.2223311404545365 1.841609937558429 1.9255841009506598 1.703645383908858 1.7940887831525953 1.890650498562323 1.9725380288942367 1.530907488946984 1.6309582175622892 1.3618216372616347 1.473399178577876 
2.1577114945806564 2.228563911169139 1.8487718851836452 1.9309934478825892 1.7102292691465346 1.7987946979479035 1.897863904985152 1.978045908002514 1.5375714589720666 1.6355134373539981 1.367864269964491 1.4771021878548178 
2.163753059616961 2.2323633982937814 1.8568359741780534 1.9363519499413737 1.719190032254073 1.8047807085742469 1.9046098458744145 1.982210307722609 1.5471105962411869 1.6416973643280788 1.3788856838047743 1.4842320465620462 
2.16329227116309 2.2278800377565124 1.8577248015984391 1.9325520563839826 1.7208402326985384 1.8013625727859341 1.9056094384930928 1.9786266308310825 1.5500501024399052 1.6389848480794325 1.3830419328689787 1.4820327257634902 
2.1672223030880886 2.2314107685593076 1.8618196344980467 1.936159564303118 1.724741682630312 1.8047369278768692 1.91136655924562 1.9838507078009777 1.5565480924797794 1.6447441962938918 1.3896774750288068 1.487798706694706 
2.1703068826970067 2.2345670545056375 1.8666520064227292 1.9409914139640083 1.7300345259797565 1.8099937616141115 1.9169052446800805 1.989367656588897 1.5648269760845765 1.6527980581674218 1.3990401041721428 1.4967869484606016 
2.177059268604465 2.2405178938353987 1.8747147291832456 1.948047404299138 1.7385459132897843 1.8173814311246304 1.9245129196803565 1.9960168715711322 1.5743945613525887 1.6610393157287426 1.4095051655161148 1.5056686837404203 
2.1965191628081553 2.261605727518269 1.8975003154106298 1.9724785122133626 1.7629193235606215 1.8433796612590256 1.9395567843152826 2.0129690891177243 1.593013350221347 1.6816228971274862 1.4300589597577575 1.5281468066070876 
2.2101546337015083 2.2781607246356104 1.9130314840253544 1.991211249785479 1.7789633759221266 1.8627784289260625 1.9502134123916413 2.0269595793385347 1.6056893559690335 1.6980786466687137 1.4433501106357565 1.5454747892710028 
2.222338224020493 2.2931830504219586 1.9265472944992965 2.0078560204214244 1.7929018528470986 1.8799995677506312 1.9589184169695684 2.0389366555002537 1.6155985455373991 1.7117417974515197 1.453640683367991 1.559798883556005 
2.229060133847223 2.3020605405390624 1.9348391878156177 2.0185084430606177 1.8019884031555253 1.8915432474852378 1.9640117445440595 2.0464886475881072 1.6224166342549007 1.7213394165901739 1.4614360258003083 1.5705314099078056 
2.235709884413593 2.311123405269533 1.9420255872837104 2.0283875588221894 1.8091970583838124 1.9016010893940505 1.9689460821629017 2.0541765702063297 1.62782473530311 1.7299439516887938 1.4668142292958029 1.5793785772843192 
2.2395392147787905 2.317589377032092 1.947411899555921 2.0366879320435913 1.8156289044108107 1.9110711510909268 1.9705715471740683 2.058843570680396 1.6309596667398003 1.736581141361382 1.4710964096659336 1.5873907119962622 
2.2445493538923773 2.3240984271322698 1.9527802023931646 2.0437177436717353 1.8213635429695767 1.9185402921488743 1.9721976544095903 2.0622791481753118 1.6324559120719584 1.7402137804875266 1.4727277214946046 1.5913386310269382 
2.248827331035925 2.3294444126645653 1.9566356195301566 2.048782529819639 1.8247566441622183 1.9232326217320048 1.9746259358202911 2.0659705935211568 1.6341193864629842 1.7433969932560283 1.4736553301278288 1.5939720633982768 
