2.293828331088009 2.1898200792992104 1.9909050763162968 1.8701247525504814 1.841218105847865 1.7098969794996421 2.116209937719318 2.0029997672745745 1.7833673516418316 1.6474412517907884 1.6145526319392627 1.4630255529217526 
2.29347864887075 2.189123585233598 1.98964033514251 1.8683913995268764 1.8389180225409725 1.7069965589379494 2.110361128249381 1.996457324919819 1.7754572487181999 1.6384340696610284 1.6047427433785142 1.4516945377819674 
2.2900768576807633 2.186649623072933 1.9835083833664529 1.8631398409365303 1.830281541098254 1.6990924282348503 2.102328090495154 1.9891626278625387 1.7634162562721827 1.626844016150596 1.5891072668907533 1.4360523896031787 
2.283972762636411 2.1818859533130963 1.9755660032671647 1.8565979010181497 1.82070371177328 1.690874548529547 2.0849014510199275 1.972538667115299 1.7415922350725497 1.6053779137838542 1.5637277531798812 1.4104393708575351 
2.2645580205550044 2.163966397257591 1.9518124495094298 1.8341481341647408 1.7935139162158737 1.6646980830348788 2.0466217719109703 1.934732078934962 1.6941102345656258 1.5570924914275324 1.5090161750160267 1.3533873637876186 
2.2532310120624564 2.1542730035257835 1.9384445789653106 1.8224734746272715 1.7783169733543005 1.651137013612135 2.021991497538998 1.9110970137907706 1.6640213364377274 1.5273536552219986 1.4743849158615263 1.3182006903806416 
2.234744613601071 2.1363371660903625 1.9163959160932797 1.8006738478744562 1.7540908318610529 1.6268643599326282 1.9963626731180386 1.8855548047773631 1.6321622902821276 1.4945924999875384 1.438129020991858 1.2798703372681939 
2.2223141300534 2.123446077166783 1.9018724635040594 1.7853464698581616 1.7377813792980406 1.6094183024419102 1.9805371596703254 1.8689223073298153 1.6127511325790473 1.4735363468998652 1.415532221616661 1.2546213055878654 
2.2003645552030693 2.1010121051041093 1.8766059629538645 1.759061576578262 1.7097182295904785 1.5798050875326362 1.9649354259603544 1.8530026762511704 1.5940567720736927 1.4538447931584721 1.3937372338407266 1.2309147683710682 
2.187105973352229 2.0884440361841157 1.8565439692808248 1.7392301352819872 1.6848573830069415 1.5546415518289094 1.962084879120422 1.8514705038085268 1.585276015106833 1.4461210176444432 1.380249591658335 1.2178895224415884 
2.167355429528115 2.068376940962406 1.8383531533154884 1.7205510536758273 1.6665357946065844 1.53560905399291 1.9516199832715897 1.8410796210661287 1.578269089067197 1.4393355861316706 1.3743116662187658 1.2122236459931806 
2.144752419472467 2.044695532159495 1.812281652181305 1.6926847506942928 1.6375544671347577 1.5041281565189186 1.9385924526916432 1.827281471485168 1.5628635716635666 1.422448389936521 1.356378409454014 1.1918805594660062 
2.134988077100666 2.0348211711995727 1.8008354070713959 1.6808721762115049 1.6250108422290603 1.4909672520756452 1.9327222773492319 1.8214660333813533 1.5557151009622556 1.4151228161407055 1.3482957944612899 1.1833108884659183 
2.122337370314861 2.020908376853092 1.7868968907676235 1.665159227351847 1.6103015255022892 1.474050798729474 1.924116812835177 1.8116236539731425 1.5462568008694417 1.4038037072308223 1.3382752329154866 1.1707840762647057 
2.1295066767852595 2.028410186148995 1.7947940936143623 1.6735994249739095 1.6192666582354496 1.4838037967578463 1.9238659946766044 1.8113281210959542 1.54523380673379 1.4026391960418758 1.3373429588078745 1.169673196355717 
2.1250263298766443 2.0232505036868274 1.7898432262824027 1.6677363318789333 1.6141846755154752 1.4776325201717102 1.9201337080185328 1.8068533849399624 1.5410111383987461 1.3973263851616773 1.3329548832083553 1.1638618554918791 
2.1192460568928753 2.0167124633065567 1.7831107093099967 1.659942502515072 1.606865045253023 1.468993050921617 1.916106791819287 1.8020517605374158 1.5361462136320225 1.391283759574588 1.3275076879837646 1.1568067996238611 
2.108160898023203 2.0034510750587344 1.7701838871580544 1.6440878421039429 1.5927997792421995 1.45137347879655 1.9118978259190527 1.7957803693531122 1.5311962379636386 1.3834868114131047 1.322127853709315 1.1478222422282989 
2.096609011873697 1.9896365617544325 1.7569530052536977 1.6278108495368864 1.5782320414533473 1.4330738556927203 1.9074524721916402 1.7892063136681582 1.5262665061089429 1.3756357609738123 1.3165948358056097 1.1385544610909044 
2.0813671423900684 1.9721315235604848 1.7399919464816496 1.6077268233816961 1.559810900789259 1.4107528525652533 1.9017160084042515 1.7814986223460851 1.5205283848126612 1.3671942560664156 1.3105131214226737 1.1290076200898733 
2.0623905640986138 1.9504213211209007 1.7174413897664746 1.5812316143699503 1.5348323347137953 1.380724008150434 1.89611783702464 1.7736829882712974 1.5137413716626098 1.3572403734353764 1.3028884482882637 1.1172317573731063 
2.0507410254429983 1.9359143205304827 1.7039127118004023 1.5638235298252168 1.5197448422136528 1.3608269134739364 1.89370833177525 1.7687161300884324 1.511261400894961 1.3513461898547685 1.300083411875946 1.1101542148886343 
2.039393179270736 1.9222152683963365 1.6906434598862057 1.5472757694916572 1.5048336776056017 1.3417568317903212 1.8904440289138422 1.7633960487808744 1.5076237578573772 1.344885271558879 1.2958311942749334 1.1022547266653022 
2.020165421555621 1.9000700660894059 1.6686209521784747 1.5210173594173735 1.4804629524743265 1.311856882151784 1.8850249834018116 1.7557098603268706 1.5021806614548732 1.336317576494824 1.289969538884155 1.0923457954553584 
2.01123850316018 1.8892828451542136 1.6561503315200587 1.5057035807203223 1.4650117830904978 1.2925048847079843 1.8820834336962855 1.751156019260991 1.4966601669697768 1.3282699303206407 1.2819583688224825 1.0806139975930351 
1.9898304765768364 1.8636416326949772 1.62802102981319 1.4711176985931478 1.4307870636520306 1.2493544057288146 1.8755425084262953 1.7410900351544145 1.486165148600249 1.312410628772108 1.267038277604114 1.0578850629978667 
1.9728174605870152 1.8431302807986742 1.6086532313699555 1.4466809316490628 1.4088730903800384 1.2206735370265875 1.8659584151842719 1.7282711900616177 1.475654869268895 1.2971807092294427 1.2548766709111296 1.0391515569910867 
1.9798270664767668 1.8498519567127525 1.6136724218855574 1.4512669409016383 1.4120319249769107 1.223139896231825 1.8659622043744615 1.727440880827474 1.471746724186604 1.2916173848140942 1.2473707917672274 1.0286743608907531 
1.9871635158126773 1.85909677036377 1.6177956838170264 1.457629869883641 1.413691943309079 1.227170270816972 1.866356032105611 1.7293660114553542 1.4668772527300982 1.2880802915878342 1.2381401013524278 1.0200063105574397 
1.9874877722768511 1.8586703346613136 1.6211972837844257 1.4604206246660583 1.4184941384968779 1.2315329426978396 1.8620118510766788 1.723843351801433 1.4646709943021334 1.2844488660705804 1.2365703010949276 1.0166876991239737 
1.9859369116004164 1.8578372121520765 1.6221952706308203 1.4625768991943637 1.4209400744778085 1.235590702966399 1.857105979436015 1.7194348806677735 1.4616479391621637 1.2821967041203157 1.234490946607953 1.0156680497372161 
1.9823112206881137 1.8555677154084136 1.6187567432032524 1.4608036022908761 1.4176568737413155 1.2342304413949607 1.8477477822110895 1.711065643821417 1.4508574997793546 1.2722268883599341 1.222442269665934 1.0039615896367748 
1.9850981125098075 1.8621072908643046 1.616506331039257 1.462847143309922 1.4116193680627933 1.2326793121854522 1.8480402847043134 1.7152498186240976 1.4448982994972344 1.2706534312274138 1.211324736761369 0.9970640221620677 
1.9717137483531935 1.8506890304005694 1.6059696614335528 1.4548310332286016 1.4032761672048024 1.2274277099874356 1.832216676445502 1.7012973670834268 1.4312586759370232 1.259323699151652 1.1993943661052442 0.9878975793294568 
1.9666005043455064 1.8489750046152598 1.5988011607739094 1.4516735775276755 1.3945586684295501 1.2231046168222899 1.8269203005309236 1.6996554970028486 1.4234765163120886 1.2559762802266612 1.1895016269396188 0.9829064779987974 
1.957941597134603 1.8440663057466238 1.5879416979820136 1.44520035925473 1.3823834687198773 1.2157422822251436 1.8193453126853079 1.6961906169384384 1.4135207480578416 1.251034031267735 1.1779075191159958 0.976990975285852 
1.9476598727624392 1.8350021242410048 1.5758583493350538 1.4342884483844245 1.369190189261156 1.2035512412726763 1.8107358172767778 1.6889695130371656 1.4031089612603151 1.2420018410489577 1.166219102214074 0.9663957835012528 
1.9377354694617117 1.8270316994540625 1.5631298985081181 1.423587426472291 1.3550566518083293 1.1913876828346013 1.8028241846641617 1.6832709591773987 1.392383341903371 1.2336763967953672 1.153921496814233 0.9564313367984134 
1.9293979416341254 1.8208736049440664 1.5520929852241456 1.4149193979806765 1.3431064486413578 1.181921824987592 1.7966319772791532 1.6795507523686208 1.3835832751887398 1.2277242961601762 1.1442224333502644 0.949868014506226 
1.9283999174242878 1.8172445004792281 1.5500254344758346 1.4093367874720364 1.3413610451783666 1.1759680210456405 1.7997526835434918 1.6801074533856457 1.3867091720768274 1.2274419175350009 1.1487527731944764 0.9504126824290594 
1.9205694574604688 1.811818492269576 1.5387254706834483 1.4006338858281273 1.3286556466330919 1.1659438388404475 1.7934296443211817 1.6764513405196109 1.376763931227863 1.2204827447899458 1.1371581576588192 0.9419277485720441 
1.9087656458965832 1.8043005899669267 1.5235530921352889 1.3904417832311429 1.3122212611274824 1.1550060459387217 1.7837624632654987 1.6715031718052464 1.3636848092411238 1.2131572803865953 1.1226517147161001 0.9340563155158259 
1.8951160206557276 1.7939291796907704 1.5070757848714842 1.3776772449837444 1.2949369216089255 1.1417437545027342 1.77166305192212 1.6629814008418735 1.348555767903575 1.2022145520438523 1.1064297848241433 0.9224445992827971 
1.8811920355404972 1.7844689314698086 1.4897908071205836 1.3656216686114058 1.276219316332816 1.1287965433066318 1.7594497592659473 1.6556295926870237 1.3327627807607023 1.1923516773926224 1.0888139070479401 0.9115709610233316 
1.865387807402257 1.7730892124213604 1.4704615174852418 1.3514550520106097 1.2549732095965236 1.1131628092983523 1.7446666707440135 1.6456109732269653 1.3139433756463785 1.179245893613796 1.0673087073593095 0.8962820761373061 
1.8529423046465856 1.7630957259176259 1.455278888580811 1.3390100813470376 1.2384846316159923 1.0995251416629819 1.7334209049013458 1.637027607570807 1.2996882290568768 1.1680328964327162 1.051283516445017 0.8833506587697777 
1.8430048059964466 1.7541434319137075 1.44378820002312 1.3284866696079416 1.2257639650952383 1.087588967821024 1.7248237197829812 1.6295304014120142 1.2895249186913762 1.1589766955059968 1.039638132970314 0.8724677142026519 
1.8391935059055098 1.7493289285223064 1.4377264263290845 1.3208240704064262 1.2178045334802299 1.0772960734009012 1.7230621913224724 1.6267950894826921 1.2858335195370356 1.1536406667437658 1.0340978893533244 0.8642206852216627 
1.835909632623839 1.7441448784321214 1.4332278199787358 1.3136282433630149 1.212141026762563 1.0680650947208228 1.7213671225979077 1.6231395345320747 1.2832313024396653 1.1481113854330511 1.0304496398956138 0.8563315001569195 
1.8298733254042476 1.738034660363826 1.4256788146795196 1.3057136654818313 1.2028296048177396 1.0578880620490998 1.7173147745902613 1.6191041129667973 1.2780038069685082 1.142638098536015 1.0234904524351949 0.8484461089698038 
1.824165487026328 1.7322458344755804 1.418302943118289 1.2979519041389787 1.1934205766861907 1.0475440706041919 1.7135958289100732 1.6153967227458401 1.2729549007164394 1.137325848760152 1.016407208582269 0.840344881972872 
1.819076401288577 1.7276355888106147 1.4114984256898766 1.2915160005687114 1.1850242941497022 1.0392152576463647 1.7117048103352985 1.6141930280251493 1.270126847887643 1.135300834019336 1.0125102378371293 0.8371754629257836 
1.8135648291811908 1.719848661261508 1.4045579232068004 1.2812669462851995 1.176336061524512 1.0259768796824813 1.7074090118782321 1.6075159600585622 1.264520108121259 1.1259987263949283 1.0049849122464478 0.8239276071615761 
1.8023418839016088 1.7084671997044603 1.3911731842103627 1.267196407217918 1.1604377925877802 1.0084838999537868 1.6988670090580957 1.5989287102513359 1.2542231366331908 1.115123124352643 0.9921334176742561 0.8091678592640712 
1.7950586414123075 1.70105085841341 1.3830184882744696 1.258601857502602 1.1509498128541484 0.9980100042128834 1.6932658779733913 1.5932632645953397 1.2480600731971998 1.1085993158526661 0.9846823239547868 0.8005858953972396 
1.789684415687302 1.696729736037534 1.3763756419502635 1.253128643497546 1.1427377248319055 0.990843578550116 1.6892307672292732 1.5904156923125474 1.2429562280925261 1.104926094521258 0.9779467188727614 0.7951737384710338 
1.785652642795905 1.6934986038151907 1.371498238250418 1.2491555459285284 1.136670662207836 0.985597460794213 1.6866556804291741 1.5887698211899672 1.2398626702679618 1.1030147784703523 0.973792697612793 0.7922464126293033 
1.7831139992400935 1.6908005258711034 1.3683094763561348 1.2456250266777718 1.1323290122071412 0.9805508022973619 1.6847978055202946 1.5867748830524135 1.237464720420748 1.100286243795677 0.9701634414293295 0.7877359881876669 
1.7791297525506677 1.687586799844974 1.3630224124389885 1.2411593883990082 1.1251862055726598 0.97400745777997 1.6818602428891054 1.584708303509198 1.2333617867483166 1.097190880207724 0.96405144956636 0.7823309581059669 
1.778890058756021 1.6884867832295876 1.3625407817533388 1.2421977129028212 1.1237599577939232 0.9743583625858608 1.6819726273459388 1.586054757926409 1.233328609876946 1.0989254915329791 0.9630257113602939 0.7835536336084467 
1.7770237435245484 1.6876848482610727 1.3599543907977207 1.2409442803969886 1.1198019936801327 0.9718144200669179 1.6805831226244063 1.5858204167086511 1.2312685296270671 1.0984029106161364 0.9594283464907633 0.7816453889392555 
1.776972723096784 1.6849763393680042 1.3608547439862935 1.238320976092225 1.120791902999839 0.9683427572042869 1.680731501944912 1.583152420719496 1.2325388258509347 1.095748676855236 0.9609374656188614 0.777762186294757 
1.7818484818033773 1.6862699328710693 1.3664803511595036 1.2392702790372245 1.126724619463425 0.9685198203986329 1.6869129990918323 1.5856221936214818 1.2401451546109432 1.0983998720434196 0.969639016595867 0.780206445054769 
1.7848082808128163 1.6862182584879102 1.3705957049611677 1.2394853780734971 1.1313932356426744 0.9684224644534016 1.6905483695115027 1.5861100862355046 1.245369735001618 1.0994258469119236 0.9759425413711609 0.7811883640057627 
1.787000363263813 1.6866601697748718 1.3737667462509784 1.24043835119082 1.1349881796322816 0.9693556612023266 1.6933324328982184 1.5870812702268904 1.249495699514408 1.101222835353953 0.9809192616647917 0.783361237172864 
1.7886270988065118 1.686001267670045 1.3756708016764039 1.2393076819680413 1.137036380501961 0.9676079301995204 1.6956171967118638 1.5869880446257305 1.2523581491670024 1.1008243773577144 0.9842674991002192 0.7824294765568333 
1.7922307037806267 1.6858543100677472 1.3804075237313074 1.239168588519738 1.142204433354205 0.9667703071433257 1.7004222939534757 1.5879073766986538 1.2589162060177 1.1022177067049868 0.9919556692584605 0.7835750818996225 
1.796879694832406 1.686288538329369 1.3861564851419192 1.2394443102055857 1.1481855620504031 0.9659826508281606 1.7075811264185958 1.590794047040974 1.2682611982162821 1.1060193776335927 1.0026897578518492 0.7875145378346992 
1.8075639104344279 1.6906730933876604 1.3987691054298417 1.2440430976075547 1.1625380554222728 0.9708671117640147 1.7210049102501133 1.597794141779535 1.2849613305874228 1.114546472564065 1.0227733576433244 0.7982189921976299 
1.8157862676890144 1.69350782989864 1.4095079026128234 1.2480390729171904 1.174986129759837 0.9754390832481545 1.732779128316128 1.6041859329666248 1.3008290683744734 1.1238528663165832 1.0421305785399448 0.8105091873186879 
1.8054365973215454 1.6864416569060432 1.3962066808850329 1.2384979818102249 1.159065142495451 0.9632840493582359 1.7257409259063192 1.6008328765202195 1.2915004963793084 1.1191325602215316 1.0305398783880224 0.8040501204203631 
1.790550953663704 1.6741587181823594 1.3768124380851592 1.221616627942662 1.136144472180365 0.9421034750312728 1.7146075949516848 1.5926750769274944 1.2764869669001717 1.1073182345947348 1.0122404599036734 0.7882673687689985 
1.7960433544291183 1.6683540358655895 1.3827394492777734 1.2122713568294023 1.1437308766440644 0.9304589062333705 1.7249480836213595 1.5915650628199278 1.2890471460691422 1.1042083149428827 1.0284913603861725 0.7844921518976465 
1.80170348720454 1.6622532080898507 1.389837300479808 1.2035771657043848 1.153246715930724 0.9202870529378321 1.736121843594222 1.5909334768635048 1.3036990917404983 1.1029875764508863 1.0478366226683433 0.7841631589184741 
1.8057073906724201 1.6557671859077894 1.3948293595737797 1.1943762956158332 1.1602608258184883 0.9095003997409787 1.7453222138989122 1.5896966451273022 1.3157201039465045 1.1009564864830037 1.0638494411941006 0.7827907937175808 
1.8068307625809892 1.6466908032199001 1.396874449264858 1.1824599036791903 1.164045501434115 0.8955194728251308 1.7509642572048691 1.5851905332826712 1.3238189651190981 1.0951939778911315 1.0752861734482593 0.776655362183897 
1.8061179846693296 1.6370998057375734 1.3951304654927439 1.1680850205126339 1.1628226764842524 0.8776047950791974 1.7531898180590717 1.578514535107612 1.325896443673487 1.0844514644491932 1.0787812292332493 0.7627598179938426 
1.8068110191807554 1.630287572127384 1.395318043685023 1.1576631426425392 1.1640577077761223 0.8650444241962374 1.7560183279319723 1.5738080813215443 1.3288892926173346 1.0766699869658298 1.0835426415388552 0.7532172095969396 
1.8084656980482103 1.6258648015800699 1.3978163130458165 1.1518587660894022 1.1680970460612423 0.8586843896432496 1.7585205538227298 1.5701218775041 1.3325677477025324 1.0717392286451963 1.0891726521617222 0.747786893584663 
1.815261102046204 1.6286133450890055 1.4054516510367763 1.1543408953173235 1.1770858499710206 0.8618234490903575 1.7642020096922006 1.571501603626926 1.338854064415536 1.0722587211125867 1.0967073267750151 0.7483151206557301 
1.8171393182571338 1.626859683671582 1.408737061468889 1.1529168386123954 1.1826457604692966 0.8621647888634748 1.7647666030260207 1.5681448566876723 1.3405021333649567 1.0684676401070836 1.1004802842195767 0.7454756765689945 
1.821620111967366 1.6289128368098766 1.414689157774244 1.1560288105077658 1.1899399455115371 0.866610795873211 1.7680181078043289 1.568740012597371 1.3449660257136609 1.069575059509149 1.1061398063192553 0.7473971291917036 
1.8236980347713818 1.6294388545843015 1.4173659046375426 1.1567724782466946 1.1937319687555494 0.8684425553996072 1.7676705035806306 1.5664786841923513 1.3445112847533114 1.0662584366039032 1.1062461301306326 0.7436242056502733 
1.8254311851820109 1.6301268788763041 1.4198003353412059 1.1579929281455048 1.19686477625294 0.8704021610927906 1.7680016515362762 1.565549254809634 1.3451631203073477 1.0651659258702373 1.1073012781691352 0.7424491565319473 
1.8278884094462657 1.6321620127266778 1.4221337086884622 1.1598452844185727 1.199259994074679 0.8723539028330188 1.7681424145662021 1.5649614680841186 1.3444760489454617 1.063199249711925 1.1060633319064508 0.7390215778906594 
1.8309525593291598 1.6349289241780511 1.4252337817053031 1.1627109034983718 1.2025483401984305 0.8756299578669063 1.7687595864090744 1.5649651073151758 1.3444011798990658 1.0620827863749607 1.10555221971375 0.7367842446157492 
1.833918590378537 1.6378805424499068 1.4295030899358 1.1674220999004603 1.207548248367741 0.8817981896874137 1.769366129475751 1.5652641231868827 1.345688741179029 1.063143199825875 1.1070554982185852 0.7382189047538676 
1.8358692425796561 1.6401818432265372 1.4321934631361783 1.1708794638433113 1.2109551419643918 0.8866752273803528 1.7696340381135305 1.5656900178036521 1.3462417572078205 1.064024187624511 1.1079716191536677 0.7398524933052536 
1.838314198979326 1.6432240197152064 1.4357094671865196 1.1756052734523608 1.2149660794314383 0.8927086080961695 1.7716709644200304 1.5683124978680112 1.349325974762585 1.0683944360436364 1.111558134408183 0.7458871033668568 
1.8410841098401778 1.6469127179987408 1.4394230824556065 1.1809613082171657 1.2195512457892042 0.9000200232805934 1.7752351587060233 1.5729560292347653 1.3541816641448072 1.0754249302977867 1.1176647128302835 0.7562441480804991 
1.8405796284741394 1.6434038333757168 1.4389566706311905 1.1762818925555218 1.2186161459434224 0.8933465743786116 1.7768296405547719 1.5716762905744937 1.3564610214650474 1.0737920159667793 1.1200069258509076 0.75329828405088 
1.8413181417889197 1.645673300531123 1.4401237049923874 1.1797221700387768 1.2196619827152932 0.8974204504472808 1.780029411858411 1.5767982812906032 1.3608851874721102 1.0815713597729002 1.1250011377243136 0.7638165176801299 
1.841104955600848 1.6487641827556785 1.4399642825910648 1.1841676435108333 1.2190130158197658 0.9026342590097055 1.7803903626839817 1.5806788783108352 1.361476963131584 1.0873708631088108 1.1252178094653498 0.7712788027283002 
1.8408881355924376 1.653629681326808 1.4400275440994177 1.1913443343404124 1.2183025271930614 0.9109791671410494 1.7811439251685983 1.5868508680291922 1.362822028793562 1.0967706585084231 1.1259953828346723 0.7832544908042341 
1.8397626532495979 1.658617087423134 1.437642882044077 1.1971219982491341 1.2149590496358305 0.9178286957226823 1.7815935031010863 1.5938505051265002 1.3624117755994332 1.1056445489812718 1.1249330123576249 0.7948322494036084 
1.8411603598013946 1.6653528080571998 1.4379079603729858 1.2046193619994658 1.2134682255848317 0.9252208597432291 1.781828131134987 1.5995124237416851 1.3611095918051568 1.1118218498050847 1.1214032071043851 0.8006707548699403 
1.838566404940001 1.6687040998852973 1.4355131981887173 1.2103491602731833 1.2111322714608836 0.9333211272514943 1.7763972757730744 1.5999481957157238 1.3549756448637738 1.1136453411090983 1.1144964041996723 0.8039584458005277 
1.8407831294799504 1.6772764142436392 1.4367136777305352 1.2202130272120522 1.211209252680147 0.9443524203272844 1.7765470956262321 1.6065158645273319 1.3534338716679142 1.1209624815211259 1.1111547628381926 0.812058216495591 
1.8411012289217017 1.6850562774984696 1.4384198897182283 1.2324011937421189 1.2135799533351728 0.9604880146763934 1.7722452769120307 1.6095385191839926 1.3491669153729646 1.1269482191906601 1.1063344383761178 0.8208147249757402 
1.84600070295355 1.6974031460159957 1.4439773264511462 1.2484107353371325 1.2193231414620984 0.979901917594307 1.772218125261391 1.616853712710275 1.348372725734617 1.1364716680608453 1.1044398632361112 0.8326141100804142 
1.8440449131260335 1.7038685926520274 1.4455909629027155 1.2619032337806255 1.2231466397885415 0.9993769268028956 1.765049567696613 1.6180440401379688 1.3433657606273877 1.1433713772112717 1.1004481074662267 0.8447796023969802 
1.8491163399543036 1.7191473284410501 1.4525496189411224 1.2830185866486892 1.2307806759475872 1.0252108907371205 1.7653684214593848 1.6287301684705173 1.3443194636268567 1.1590647602640674 1.1009611696540436 0.8650732889680504 
1.8463492592061233 1.7208960813980023 1.4504562959879213 1.2869736604029627 1.2282494152943857 1.0300846383530822 1.7574198249624362 1.6251160503702498 1.3354184066317942 1.155776819620034 1.0900071010644838 0.8605772576422179 
1.8436008157570338 1.723723974962349 1.4474678010442927 1.2913262210069152 1.224157025164664 1.0348530312368032 1.7486145640077464 1.6217315645506813 1.3243685139189925 1.1516563439932939 1.075801723302208 0.8542304852087638 
1.8412300848166696 1.72595070231858 1.4450581984245479 1.294979072585345 1.2208625182361854 1.0388854075565794 1.7404801962774525 1.618038601280575 1.3142816613017165 1.1472200690512697 1.0628491787803196 0.8476001288544027 
1.8391077086059968 1.7277040788439435 1.440890088887421 1.2956884148799046 1.2141904515577449 1.0377392123525062 1.734328838903972 1.6157167888135593 1.3045089520022466 1.142097993192353 1.048731524392206 0.8381420109110389 
1.8411173921138217 1.7287099857246153 1.4418185695655332 1.295208767243335 1.213935881150236 1.035550716645013 1.7334616004815335 1.6135718402178443 1.3015439509843685 1.1369879592783734 1.0434635558293353 0.8291810149442642 
1.841665540365568 1.7265357878625047 1.4427552599696178 1.292569767699214 1.2147430336371556 1.0318888031033189 1.7339189201257363 1.611107906308575 1.302415294431849 1.133789867378431 1.0441951430503782 0.8243405612791355 
1.8403525300015213 1.7235130197602222 1.4419894510997646 1.2895477004294957 1.2143283738276893 1.028685128736194 1.7305281672030075 1.6057171083609343 1.2989087265404757 1.127281497445514 1.0403959353452898 0.8161025651736429 
1.8361476211952565 1.716026254700376 1.4414110386773786 1.2849022540337454 1.2163969574201505 1.0261235685924963 1.723648870513075 1.5950778817415152 1.295064911277037 1.1182580848896195 1.0388209181668415 0.807748054792458 
1.8351254816251668 1.7142497388974574 1.4398809497003564 1.282272897362336 1.2148963269802078 1.0232007228838338 1.7211667121781087 1.5916599778564517 1.2915055040958983 1.113082701828575 1.034747506935871 0.8010424689802658 
1.835708577783794 1.712816166244644 1.4394299291556363 1.279012024083042 1.2141137423441841 1.0188156929243875 1.7197455167986337 1.5879036114792986 1.2882768262097244 1.1061511730993192 1.0304226508326573 0.7910019444660044 
1.832774372608096 1.7093543130928124 1.435409098371959 1.2740602601482396 1.2096025539362092 1.0129010836646388 1.715189954870597 1.5826265662148478 1.281879073894648 1.0982004493210702 1.022718445560165 0.7802456572701959 
1.831421220854176 1.7062906678508794 1.4275048266801063 1.262970381756833 1.1976035956003974 0.9957803609205196 1.7107246758596195 1.5760403140767052 1.268954395790093 1.0805412595523598 1.0033591583251733 0.7510351227439367 
1.8290880090550592 1.7065468135591828 1.4238097086580779 1.2625265020857979 1.1941641880700495 0.9963770320862481 1.706989451188554 1.5749768469628371 1.2631247476274863 1.0780645667440334 0.9971349706378773 0.749010835481704 
1.8352324602951529 1.7195215236573804 1.4331380386135175 1.2816242525486945 1.206985489606648 1.022492082669103 1.716183595575077 1.5918423982043572 1.2771423523323469 1.1044313809019553 1.0168686849937902 0.7891121653611736 
1.8376524697888335 1.7287194936486947 1.4352232983480304 1.2928149148741284 1.2112356139583247 1.038554861584596 1.7180013619671552 1.6009475843140524 1.2784474944717128 1.1162134581346885 1.0206144191226185 0.8081820837663997 
1.8403917301498616 1.737008558874711 1.4381665407052135 1.3032574619022905 1.2158413536329484 1.0528186977841913 1.720183130368392 1.6090950920327862 1.280746376299383 1.127150519497729 1.024821193576714 0.8248730156842327 
1.8388700266981894 1.742013339124876 1.4383639939490285 1.3122722574561272 1.2192023060546597 1.0675306841908574 1.7174021949121294 1.613269288646195 1.2794210812273652 1.1358194406194149 1.0268795387429823 0.8412188096381347 
1.841729623099167 1.7534332315206644 1.4413189417339245 1.3266349854428685 1.2242384159145636 1.0868853627687698 1.7198788273017958 1.6249748531595805 1.2819576700503805 1.1515101217970252 1.0318792928443714 0.8644853774361947 
1.8412759735069593 1.7576215652449194 1.4412201378741556 1.3326859501825628 1.2252825963890943 1.0955609508439046 1.7197106438625076 1.6298285353416784 1.2822725817134204 1.1589475095162853 1.0336464235965799 0.8759916009951237 
1.8411048365840008 1.7565858189376915 1.4396433500325698 1.3298495009936275 1.2236179678694652 1.0923221371431597 1.718556986920422 1.6276869592440064 1.2791966515329063 1.1542403533463037 1.0300543817163246 0.8700222694236049 
1.8441419663762333 1.758199522508751 1.443424555059945 1.3318710203882358 1.2279459679277422 1.0946493817428484 1.7208358992507102 1.628398649271732 1.2821431457329562 1.1551177493874814 1.0335704621118003 0.8710188683088331 
1.8480379235481073 1.7622853822443176 1.448394153147547 1.3372551082243058 1.2337783751030815 1.101187849765879 1.723038530640566 1.6307260283910354 1.2850926947391772 1.1583906230939547 1.0372206564044124 0.8753469550252632 
1.8507415207656632 1.7639153048505474 1.453019500449323 1.3406784456706984 1.2394066486371613 1.1055685716797488 1.7260417985338594 1.632597107766028 1.2904424753881902 1.1624950788222719 1.044080913668093 0.881055038170715 
1.854218132385993 1.765847297607865 1.456508107793774 1.3422025421183645 1.242983496941532 1.1068422514834713 1.7299168613748466 1.634840708836491 1.294566851448391 1.1644720386806204 1.0485682803084404 0.882942373243577 
1.8572313482940137 1.7664001927892785 1.4605840609447989 1.3431928971990583 1.2474554088567653 1.107703189977351 1.7333743395718075 1.6356796633467081 1.299455316309876 1.1659526058489686 1.054240635284943 0.8844685845670268 
1.8573713444300795 1.7634921329878397 1.4605514563718736 1.339136568356641 1.2477555539086975 1.1031636842780859 1.7347637252115922 1.633854759245754 1.3010716459557485 1.1631266568650211 1.056631815492038 0.8812190337878548 
1.860941626310186 1.7625868141836305 1.4643911778394458 1.3371798916877264 1.2508481070593664 1.0991949453732035 1.7404404850881858 1.6348521716454976 1.3078497112948413 1.1636491775161444 1.0633204279679762 0.8799198108543754 
1.8649245635531753 1.7622415594191396 1.4705045111607105 1.3378846001595206 1.2580741341208792 1.1001373609436234 1.7449807119117393 1.6347811385454631 1.3150656160602787 1.164881650874457 1.0722707606495665 0.8816554146286406 
1.8692586414054637 1.7613928923635975 1.4751655684935843 1.3358482351184209 1.2625474884015253 1.0965414781343201 1.7503352000314112 1.634640745016776 1.321233854572687 1.1636305046143298 1.0786897628461112 0.8786060876576032 
1.8750548354810854 1.7629954962679286 1.4808276721013152 1.3361036929299313 1.2672007231930544 1.0945867515464456 1.757309662882726 1.6372109622956355 1.3285921908776221 1.1651093053705306 1.0854051262367428 0.8777395808900268 
1.8758665758496795 1.7584836156728902 1.4829628545550293 1.3313782498561408 1.2692707849745855 1.0883186765786943 1.7593092242098889 1.63357220917534 1.3324685227013808 1.161405002654113 1.0896521745905894 0.8721989897896009 
1.877177409061541 1.7554317575716238 1.4858149966570535 1.3286804863062451 1.271718877539765 1.08398087339722 1.760331118196517 1.6298807551753596 1.3351467428305401 1.1577402365345173 1.0918972131528681 0.866016832683407 
1.8766804587952635 1.7509130426220487 1.4860294399587108 1.3236504201729395 1.2718177261007175 1.0776303943486374 1.759721446259038 1.624926615827312 1.3352803152986266 1.1518422022238983 1.0918838548233964 0.857891188219112 
1.8787395840027963 1.7507046940300925 1.488246519800735 1.3229445207184616 1.2739606991186974 1.0762343444152858 1.7603828287332843 1.623037955470851 1.3357256390812449 1.1486807581303866 1.0919071123950974 0.8529745853769618 
1.8764837604386564 1.745841910709558 1.487077571342531 1.3183976551822294 1.2734237720374157 1.071625297009174 1.7557721330485916 1.6153973062965037 1.3315195016183579 1.1400512520014179 1.0877281752303745 0.8425706244523364 
1.872064936944763 1.7399902159316871 1.482257955194709 1.311498177329271 1.2675460714853721 1.062832003064454 1.753136458390504 1.6113430004620368 1.328890123124557 1.135291937229363 1.0842201607321273 0.8357464809007573 
1.8613649884267727 1.7276816145172698 1.469694061545123 1.2962271311544902 1.2533986312985188 1.044611061563585 1.7462117455053954 1.6029533995537737 1.3208241648838046 1.124624655403304 1.07498091561711 0.8220633247755309 
1.8612874498996654 1.7264030582555163 1.4704284820262425 1.2954676642641452 1.2535209572855175 1.042780580349481 1.7456953077653614 1.601102325260319 1.3210681500793213 1.1230750667493248 1.0744188786288151 0.8188116237291702 
1.857245548427294 1.721118258619378 1.4667127484115627 1.290012914413263 1.2502347081860272 1.0372915976488966 1.7402743375551455 1.5941900146949235 1.3154619071463076 1.1150457668423304 1.068775265597497 0.8094242406507234 
1.8548947962987012 1.720870863178292 1.4641131250473784 1.2901120359627687 1.2470548747092087 1.0372596988874099 1.7360524032805 1.5920552029800976 1.310294045066221 1.1124892390203152 1.0622566084219012 0.8056990285063028 
1.8491871424566524 1.7181904350877408 1.4592113499514043 1.2891792145497072 1.2428895525455992 1.0380075737811358 1.7284286463800005 1.5874983052044498 1.302793253600509 1.109033608610217 1.0548682086531 0.8033879642034725 
1.845055731206242 1.717516325528523 1.455748184150336 1.290284640246872 1.240331415411623 1.0411789938608058 1.7217520811246316 1.584317489033369 1.295917571937737 1.1068125543455853 1.0481515146470952 0.8026538948120788 
1.8378214123284666 1.7145373005020916 1.4496940475883178 1.2898307806890794 1.2351596008666248 1.0429141147827083 1.7120301192481981 1.5789546353245871 1.28649617846809 1.1032329891790764 1.0387871895691627 0.8007055866003434 
1.8321074304941836 1.712897016540107 1.4441332490016285 1.2895423193024724 1.230034977092928 1.0442148233347388 1.70307156610402 1.574119217744323 1.276462284312388 1.0985237893063582 1.028018077307982 0.7963791306105403 
1.8269846866555837 1.7120013446472526 1.4385923812094934 1.2894276242092846 1.2246571084487283 1.04539972836901 1.694408060909178 1.5697433661825109 1.2659753832022171 1.0935123363154162 1.0163319658822112 0.7912055508361907 
1.824204260337641 1.7126921496386909 1.4356513279463088 1.2910026922644273 1.2213159326865428 1.0474759297635434 1.6877030980696812 1.5665040578415366 1.2576626333138787 1.0896368731068162 1.0060979928585485 0.7860193300638348 
1.7994400559365684 1.6913772944878385 1.3983266953430447 1.2562205954007442 1.1740198375278845 1.0005474582992053 1.6338574386123779 1.5140220497433319 1.1776345620390902 1.004786444528886 0.8999045469987358 0.657723977903345 
1.7976667143452927 1.6944796422102568 1.3959898895998497 1.2603346436026426 1.1711711778664127 1.0056329200384204 1.6278591603283745 1.5131361762462097 1.1692337669880222 1.003375923502752 0.888797928589508 0.655452057640374 
1.796933717238897 1.6987295015245953 1.395088316254566 1.2660894697255798 1.1695380097072519 1.0121908374165416 1.6226016747033145 1.5131250212556797 1.1619538806467322 1.0034181361476382 0.8784557853130687 0.6545194435232616 
1.818578772042883 1.7245891470506822 1.427179854161696 1.3053050647741316 1.2103792472299746 1.0639534285507988 1.666126491153958 1.562995988646484 1.2270252933517711 1.0828527353823325 0.9663160231130393 0.7750778235280634 
1.8180943393647095 1.7288462227248553 1.4256847187334232 1.309969141709071 1.2081671770206306 1.0691633002633414 1.661596904074511 1.5634405990091211 1.2198418594350664 1.0823383930314956 0.956611296415634 0.7736584565749928 
1.8204128540998605 1.7368251474952796 1.4272629364528457 1.3189913280124324 1.2089903639698705 1.0790349085048176 1.658707688344152 1.5665151863202604 1.214284861872205 1.0849637594740205 0.9481908753895496 0.775709075473531 
1.8244399583392708 1.7463732263136078 1.4313209714054356 1.3303826544212758 1.2130960245524671 1.0921722614976996 1.6574087141031328 1.5710639482799547 1.211239946164673 1.090110311475403 0.9434110709468063 0.7818329315045511 
1.8296235213428471 1.7574293847694138 1.436173403684597 1.3429928734178005 1.2173384825310503 1.1058701522561318 1.6571645031350992 1.5770954324488422 1.2088283608730397 1.0964952433325919 0.9383948751197441 0.7884292956575119 
1.830074062746153 1.7632201061172739 1.4350290566870798 1.3487336508800432 1.215718631894819 1.1125402731659697 1.652484331343632 1.57812500544672 1.2003506919797275 1.095726175290255 0.9270950232506969 0.7869429773599929 
1.8303423673673296 1.767777926126424 1.4346305116579112 1.353901886880966 1.2155501421907038 1.1191281260426975 1.648857267618953 1.5791187109586917 1.194462980665303 1.0961876785021076 0.9198582800517915 0.7880513115907111 
1.8295367863946463 1.7693019258372071 1.4332723849887188 1.3555420250111208 1.2153275634047187 1.122606582187745 1.64614979013796 1.578934318954164 1.1903251691748982 1.0954900548938131 0.9163107361431765 0.7892083483917602 
1.8270972915414794 1.7690154318032982 1.430168421116272 1.3551799872925405 1.2134574210734426 1.1241040867989984 1.6430537045264861 1.578213091175653 1.1860534035018027 1.0944650570750125 0.9131373806597833 0.7905383995469227 
1.8300908397004667 1.7682908934775294 1.434040488115855 1.3542866476324573 1.219259874495819 1.1243730893060184 1.6481629293111648 1.5792597139025488 1.1931809089805117 1.0960387237481894 0.9240147193392322 0.7946215476285299 
1.8292730338447456 1.763912119996787 1.4333788602988256 1.3489703821328176 1.220115405177543 1.1197444961559577 1.6540135689744386 1.5814256293204434 1.2017054593999146 1.0996554668947724 0.9371246747106599 0.8020902634189995 
1.825523783248252 1.7560689828321125 1.4276327452132116 1.3376757620832525 1.214021707880469 1.1068377913971903 1.6603936853062922 1.583713477705172 1.209340879241668 1.1017016617328896 0.9477440657714562 0.8058908136124957 
1.8203242224686678 1.7466737100747123 1.4209216522054124 1.3252573773671887 1.2072591803362522 1.0930523789215958 1.6675303316300307 1.5868037627464084 1.2190551561378016 1.1060670179813517 0.9615361982297702 0.8135358843137529 
1.813586882214624 1.7358399657286845 1.4126631032701886 1.3113580939701253 1.198586128461764 1.0773354698611572 1.67390604782376 1.5893408898725787 1.228202394127678 1.1101910323097373 0.9744089413285164 0.8206800790935285 
1.8021227605230006 1.7178028541584855 1.396377756051363 1.2857181026006594 1.1799984538951904 1.046707482038339 1.6728299009747047 1.581632093552429 1.224983375885175 1.097171122913395 0.9711383963138519 0.8039340685373645 
1.7848659676353404 1.6942966189728528 1.3757519096199142 1.2560206317823128 1.1575583057551961 1.0123417120038274 1.6598445932143286 1.562043080155871 1.209144684486865 1.070946020424391 0.9535611057624153 0.7708263702435458 
1.7713627319948362 1.6756992707524252 1.3591450836096233 1.2318755927447422 1.138273459367392 0.9828064845126989 1.6501099083092041 1.546966330338256 1.1968342155454155 1.050073453240396 0.9385111877331085 0.7423243005588662 
1.7603934723630426 1.6602698464702688 1.3443398998536085 1.2102729245498347 1.1206317303817566 0.9556810454845329 1.6448345808434386 1.5372025188303622 1.189010255270496 1.0350150591650396 0.9286070729530387 0.7209867415552176 
1.7629627310958562 1.6608377637424314 1.348078611369886 1.2114703581487085 1.1249159851442063 0.9569641894412559 1.6431512520863563 1.5330657270557448 1.1871075723930666 1.029353619837692 0.9259289495598244 0.7125229160335546 
1.7645949697852366 1.6611760092992434 1.3496855750104764 1.2113469684080447 1.1268575843430082 0.9568272267611119 1.641619263834145 1.5299098450141955 1.1843857274517284 1.0239530642912105 0.9224567281945316 0.7047245858286485 
1.7580817499491428 1.6540521657626885 1.345132011181148 1.205992228442721 1.1248522105166705 0.9541119552045453 1.6329502373018723 1.5203827166421753 1.1768836669374931 1.0149346250198779 0.9170428198858765 0.697140345313797 
1.7540304368614161 1.6510417220458875 1.3395836951218278 1.2015824860309217 1.1185650893158834 0.9489488150244195 1.6291803099829836 1.5177432183792652 1.1713625336488487 1.010646416773072 0.9103810015791466 0.6914546713532638 
1.7483169542212906 1.646876112589411 1.3333908060346038 1.1972968718816608 1.1126956415919 0.9453466817086787 1.6232411363742634 1.5134399706026036 1.1645731647335904 1.005892347032032 0.9035436930318369 0.687007978860224 
1.7463912082798887 1.648473083904402 1.3324663614355488 1.201269270545655 1.1128497815775902 0.9518486709331951 1.616492550294399 1.5101752948440421 1.156992876882693 1.003102075143547 0.8953214781056523 0.6849684701920885 
1.747159996889741 1.6544337117369678 1.3342451035442326 1.2102862670177499 1.1152484287959163 0.9635153915385888 1.6106642144568062 1.5095767829202198 1.149730904747611 1.0032267964581887 0.886256291899674 0.685589576008679 
1.7434529160931649 1.656712108120708 1.3311274584478228 1.2153054139572326 1.1129440914231767 0.9714481402492673 1.6018783894646187 1.5070107209949637 1.1394238081740087 1.0016753731592687 0.8746604224690633 0.685636779347316 
1.7427579310748695 1.664191741622449 1.3309398387321494 1.2262666108495166 1.1142367891630396 0.9868396875300263 1.5918104093529355 1.505386769532787 1.1260799382478848 1.0001924684201335 0.8591733208872119 0.6859356689109847 
1.7439713797551266 1.6717735511142051 1.3338223878031887 1.2379308522712407 1.119220832099278 1.0030183965436525 1.5843714127075759 1.5045342821634207 1.1170849395659221 1.00063449620978 0.849383229764398 0.6890881683826823 
1.745366919973348 1.6773045152378416 1.3371747729213448 1.2470289190059909 1.124383858536421 1.0155214487332358 1.5802779864116472 1.504766847666857 1.1131079023784038 1.003022409439216 0.8457020103660923 0.694447004340324 
1.7413490831994487 1.6773652579565252 1.3352956571334906 1.2507086275386288 1.1248548503516178 1.0230132029448888 1.5706403287702633 1.4993894161956596 1.1034622353119115 0.9994430868236371 0.8366079411286748 0.6936644910902966 
1.735217301409008 1.6757247272476348 1.3301920612863243 1.2515930641822686 1.1215872844808648 1.0271476598372602 1.56111643951025 1.4947102783178954 1.0933967141477792 0.9962884386106065 0.8270813087654443 0.6936409515802539 
1.7220292698109518 1.6656483728823561 1.3142202199348634 1.2394250612625357 1.1041195799756656 1.013942672386186 1.5422642303073881 1.4790465347938315 1.0678805815659542 0.9743554959488044 0.7951567121553086 0.6642844969481376 
1.7064308196214577 1.6557800450283124 1.2960534423217125 1.2285991782163783 1.0845592784877922 1.0029806797311502 1.524622199678976 1.4677105529067915 1.0451417296012824 0.9602201051394207 0.7673562003098431 0.6469443202579029 
1.6998998529228744 1.6521114563573518 1.2879294767832632 1.2241630166882227 1.0740748038973869 0.9967193379418351 1.5189771367493359 1.4653000703703014 1.0374942742816513 0.9571870890412231 0.7558232044381874 0.6411563542750006 
1.6909060695934472 1.649323889837275 1.2788271166142668 1.2233171099874143 1.0644599439095677 0.9970862197362672 1.5078390064552516 1.4610559286995006 1.0246042784353186 0.9544212302688786 0.7399257431580278 0.6392151928638429 
1.6827695320860192 1.6478337963268626 1.2688116085995589 1.222098940477816 1.0526407260395163 0.9958390534202805 1.5008709174732515 1.4615937989458632 1.0152748942611556 0.9562562591256595 0.7272913521533171 0.6423360748992697 
1.6761599302881243 1.6461385864086564 1.2615885373224862 1.2214195721632637 1.0451123782175245 0.9962529883837187 1.4930084704727866 1.459223912449179 1.0055684056808318 0.95468735838676 0.7154174055077848 0.6419362880095579 
1.6767565244051534 1.6490474523600738 1.2624370978925048 1.2253948278555975 1.0462041531819923 1.001193381987341 1.4919998247772182 1.4607903802857034 1.0041406580431098 0.9571538638773025 0.713508349730576 0.6457083111864441 
1.6739675351187193 1.6503988395995195 1.2609924033995765 1.2295327822190998 1.0451257791440418 1.0069443457070704 1.4872930531779676 1.460715457285039 0.9999875793385836 0.9600125936421042 0.708633340756304 0.6510070911683221 
1.6753532107799507 1.6534989401117528 1.2628649068173086 1.2337253085475266 1.0474247872141893 1.0121013036997284 1.4870408481513513 1.4623750709550167 0.9996548784809134 0.9625799915595015 0.7082236850534512 0.6548520078236685 
1.68092718858925 1.6630800684208082 1.2680182795758743 1.2442626161621027 1.0509405412955388 1.0221522009850392 1.4913594047507663 1.4712144557400733 1.0032482335586543 0.9730499055950625 0.7093043649510131 0.6659067372977692 
1.6850232761801511 1.669063326398639 1.2713657532232376 1.2501359225015856 1.053149939784877 1.0274209176033404 1.4965492736521875 1.4785562805415593 1.0083288975671034 0.9814255508844725 0.713779435728496 0.6752407193948615 
1.6888438330128812 1.674381743231107 1.2761933451893726 1.2569925155169543 1.0573378912654368 1.034081305345784 1.5021491700579008 1.4858710774712727 1.0163306996768524 0.9921133104971631 0.7226493292777902 0.6881735121796247 
1.7002156092758383 1.6888726377099041 1.2846705095179893 1.2696204103609905 1.0630256431644582 1.0447876274177494 1.5162372195752252 1.5035068920378147 1.0288928544922498 1.010038699459189 0.7336659362579198 0.7069818769991278 
1.7082533606301964 1.6992229149185694 1.2952045336951072 1.2832707253671611 1.0709506543741218 1.0564867602503876 1.5289572505810487 1.5188611669880694 1.047442367915467 1.032649255354576 0.7526725942296293 0.7319460393938615 
1.7169308874720877 1.7086260925538068 1.3044378358341535 1.2934873479689277 1.0814416224446377 1.0682075802744007 1.5425550813360573 1.5333061112366604 1.0645104856955097 1.051063283516121 0.7753325024502004 0.7567641251775152 
1.7311995028154785 1.724476355578284 1.3181897126546542 1.3093475859940935 1.094621632596652 1.0839573335461872 1.5624362135935534 1.5549835703146706 1.0870967397378026 1.0763578884128457 0.8014684782002096 0.7868409648388675 
1.7311968960228787 1.7253413509503708 1.3214336947419079 1.3137530567421147 1.0998103683814089 1.0905700027505112 1.5608118508004898 1.5543145492786363 1.0887047122150477 1.0793692764291793 0.805402872604295 0.7927382113278318 
1.736388369271463 1.7320475080901245 1.3290702454502585 1.3233940149030485 1.1054673155463306 1.09863642169792 1.565446141437389 1.5606298802346474 1.096359781340601 1.0894717855370144 0.8109470010680169 0.8016102793011141 
1.7444621989998637 1.7409661685453397 1.3390671653578248 1.3345095389765635 1.1117343670767041 1.1062405431096078 1.5735145931765107 1.5696378598961735 1.1072039940947829 1.101687578589974 0.8177732657280011 0.8102888067963422 
1.7437832246049507 1.7413454549438605 1.3403154560078907 1.3371423187730018 1.1126391278458798 1.1088146318720908 1.574359758890464 1.5716592217951193 1.1109789546222917 1.1071487238188193 0.8220672386208079 0.8168834701801966 
1.741743782183077 1.7411961444689137 1.3366196190290678 1.3359059161158806 1.107561957261719 1.1067005466310254 1.576840431297159 1.5762355016029204 1.1132413704913278 1.11238435790576 0.8242862562080057 0.8231284486113998 
1.7418248209208094 1.7428807836670326 1.3330988785442024 1.3344783022873807 1.101476941735872 1.1031460340661203 1.5833054358448373 1.584467046825465 1.1180585925504127 1.1197029676105221 0.8283440405868868 0.8305622004857974 
1.7410576724559814 1.744113398417041 1.333338428613621 1.3373260982041142 1.1019883990395907 1.1068099020779676 1.5868116738346236 1.5901638330492365 1.1244913670712817 1.129216791558574 0.8372979762413381 0.8436335867767714 
1.7398572226869338 1.7432462049968416 1.3289088356000536 1.333342742596925 1.0957291231576762 1.1011023963446316 1.5958825136381094 1.5995765606046777 1.1339032301461573 1.139096445098434 0.8487403332797904 0.8556660150057905 
1.739588515802125 1.7420837491666812 1.3274827171419747 1.330750896716076 1.0933420527495685 1.0973078096462452 1.6023573500036252 1.6050659369355018 1.1417492006174736 1.145547389639835 0.8583575694957435 0.8634033251676995 
1.7403587200035082 1.7421928127484196 1.3243148773204392 1.326724242935302 1.0876665087664736 1.0905988065243102 1.6085524518312264 1.6105366536630732 1.1456013313069473 1.148385707326702 0.8611683634994087 0.8648689338808798 
1.7311336931543588 1.7314979792867937 1.313987572381965 1.3144674697664638 1.0772882330993176 1.0778735203511818 1.604581429399658 1.6049744397572971 1.142112534023793 1.1426646179322477 0.8593064861702429 0.8600401303859313 
1.7328905200910876 1.731239959607437 1.313685151709328 1.3115071181436875 1.0757108724102216 1.0730499168918286 1.608082845944686 1.6063040442399317 1.1440234099971733 1.1415217062069212 0.8603341012778467 0.8570046726486154 
1.7398428175580232 1.7358706304008489 1.3200745013097708 1.3148347822780777 1.0827704596119345 1.076376181401391 1.6140863607032432 1.6098038996996622 1.149268653974448 1.1432463665755688 0.8663796039890596 0.8583748795766566 
1.7448889427468703 1.7380092807347982 1.3256161363382275 1.3165473703290322 1.0894960942198417 1.0784435899574396 1.6190861226384132 1.6116695411653998 1.1550154072220378 1.1445957488652008 0.8739589174099032 0.8601412829996534 
1.751602980691004 1.7417364636435704 1.3318722407068968 1.3188694296197825 1.0959448203105895 1.0801055300226965 1.6277649513260846 1.6171430498213848 1.1642119224460854 1.1493138419011624 0.8846472652789981 0.8649472184969497 
1.7556386656578855 1.743282925389049 1.3370047576403759 1.3207384129921413 1.1026237796968648 1.0828422937588835 1.6348032424585535 1.6215270195568745 1.1738382508476202 1.155276794864763 0.897827219877522 0.8734196874086364 
1.7563072607305619 1.741589289147958 1.3368547160012902 1.317459141558056 1.1025050518228432 1.0789047443008535 1.635887339670703 1.6200757531902295 1.1741774677172485 1.1520463461488386 0.898348252792251 0.8692224348662947 
1.755813037083701 1.7394401922667793 1.3356953732019474 1.314098508968445 1.1004800583350385 1.0741643822400229 1.634971792904419 1.6173761235016082 1.1723205501879976 1.1476533595442004 0.8951590368158553 0.8626021461097172 
1.7556224096097657 1.7384926871068511 1.3349382147215654 1.3123287755452138 1.0996035781698785 1.0720423532323713 1.6331221402956975 1.6146933774323842 1.1691612023686042 1.1432780480373093 0.8910700921498825 0.856827104568944 
1.7523464998132532 1.734933430529183 1.3306256533705338 1.3076086503108488 1.0943623729860965 1.066257359349871 1.630316568157166 1.6115855128933616 1.1652375236009866 1.1388828909803501 0.8859135738929391 0.8509515928463617 
1.7489831747463322 1.7318747128663088 1.3251402564052457 1.3024763240327097 1.0870681546001428 1.059322919730221 1.6284962564113434 1.610108049997192 1.1614881018528602 1.135562629829707 0.8802130903058419 0.8457085549205235 
1.7448406963383247 1.7284307490490933 1.3211046715527162 1.299354205695433 1.0825606545586302 1.0559078413660965 1.623605455952403 1.60595718350721 1.156262588774025 1.1313474147486307 0.8738210296155672 0.8405753924892222 
1.7450998508652993 1.728822560643541 1.31845765540274 1.2968363604518844 1.0776840764760747 1.0511217462264253 1.6245000364697102 1.6070016568722292 1.1541046174806209 1.1293411463282872 0.8689245350950161 0.8357534351649952 
1.7452647762290423 1.7286491318210904 1.3175277149061455 1.295437362957318 1.076488615799447 1.049336181471796 1.624379984592832 1.6065145552237643 1.1526233013199974 1.1273061503184527 0.8668846146666868 0.832927137837284 
1.7371877697939968 1.7197670612620304 1.3107601739150607 1.2875828637419187 1.0703182328269663 1.0418054122540543 1.6171129470515782 1.5983840843182342 1.1468762660033733 1.1203136020783826 0.8618666112118745 0.8261909301135182 
1.73477879699315 1.7136987367378784 1.3084686778433026 1.280389068485435 1.0679394211737858 1.033344324558373 1.6169126776969127 1.5942749113929506 1.1476233762419623 1.1155022633311868 0.863390838552854 0.8202131588172676 
1.734166833137288 1.710349968717926 1.307884368724319 1.276136329822723 1.0668246897936935 1.0276562309904078 1.6174275043269821 1.5918649886511764 1.1486072647138403 1.1123223718389421 0.8642060202020175 0.8153615490648366 
1.7302776936557351 1.7053593277496124 1.3046128703805624 1.2713788896873388 1.0637712658098122 1.0227408496499053 1.6138697958517627 1.587124839936232 1.1457441085873452 1.1077540800839374 0.8615823389337842 0.8103787178490129 
1.7282366310518824 1.7023099608442525 1.3026627405854365 1.2680644958319591 1.0609520717306509 1.0181731917456678 1.6132000127416193 1.5853932102130248 1.1456625349157405 1.1061645419147914 0.8609481556455999 0.80764415220415 
1.7302162473003802 1.7046383153919222 1.3006242387493052 1.2663992002138227 1.054742356418007 1.0122376017033798 1.617065238146628 1.5896677351894044 1.1458076332535974 1.1068056090850869 0.8565822554910942 0.8036645346798688 
1.7223104080693497 1.6971795967380734 1.2966453446274389 1.2630734703824673 1.0531111801438677 1.0114883091682323 1.6073761743114179 1.580418807653215 1.1395587627428476 1.1012082525953073 0.8522606301736634 0.8002584729848287 
1.7241488476924636 1.6977284317579329 1.2980257357230056 1.2627206300679694 1.0541839935225965 1.0103942157392083 1.6086029973238425 1.5802519362428418 1.1400812096509836 1.0997171198082032 0.85218439682926 0.7973774672006037 
1.7228237023489112 1.6960787928558065 1.2975028148621528 1.261774669572666 1.053024633983085 1.0086737044134788 1.6066274459796863 1.5779142918343854 1.1387026808501024 1.0978185449222517 0.8497006064345313 0.7940736003515103 
1.7208425420356417 1.6945013330592837 1.2947229393502264 1.259501172266104 1.0487335242470748 1.0049267227712126 1.6046630065156016 1.576381640891472 1.13576044995399 1.0954394154583311 0.8446811912666754 0.7896341102939322 
1.722158054752014 1.6960864217920149 1.2926897121688716 1.2577469843284221 1.0442779985938804 1.0006984176000482 1.606253384602579 1.5782682662295535 1.1336967239730562 1.093685990852603 0.8394868124915603 0.7846138496019811 
1.7155050947457544 1.6905478012344517 1.28699061399011 1.2535306053936777 1.0383920410416483 0.9966203735919912 1.599748117704359 1.5729552372075435 1.1280873860205336 1.0897592801433902 0.8333632706681044 0.7806974311848607 
1.711714815977241 1.6877120805504713 1.2816497949268357 1.2494121227345285 1.031412072081765 0.9910677666214355 1.5969515531900147 1.571196588220583 1.1237939530162993 1.0868842185053569 0.8271018766971818 0.7762100038237075 
1.7078294391055098 1.6846526891307418 1.2763147290051307 1.2451315502369378 1.0245990737236883 0.985482902842784 1.5944678710075786 1.5696181324116514 1.1201007481809127 1.084434864800759 0.8218574453489123 0.7725431705707068 
1.6982323989692458 1.6765104417774557 1.2632383794473787 1.2338821596039227 1.0087142339180308 0.9716987116327982 1.58740507272367 1.5641447648439832 1.1097895238777666 1.0762559025570266 0.8083105775064681 0.7616166819265712 
1.6907095043063696 1.6703587995493334 1.2531573924898223 1.225562459294462 0.9968421102420834 0.9619220779418102 1.5819781700617395 1.5602098646758678 1.1020706660427406 1.0705884569861053 0.7986554296765846 0.7546193653968138 
1.682869656718143 1.6640551686235165 1.241608491555466 1.2159855957299166 0.9825398369036444 0.949954658824641 1.576929907606118 1.556835654853344 1.0937318219301473 1.0645555979011334 0.7874275732425426 0.7463722300719929 
1.6726851820833502 1.6554148019759911 1.2290014339947735 1.2053907967962962 0.9681243985982432 0.9379697753132613 1.5693573293425593 1.550936773502134 1.0841822879761547 1.0573427456606537 0.7760615696974112 0.7381016245756473 
1.6643784708180078 1.6486243647303318 1.2165308027840849 1.194886520127535 0.9530474353999858 0.9252599721064831 1.5642520414953882 1.5474789340028154 1.0754887025545596 1.0509436479576297 0.7648713416794292 0.7299553213604857 
1.6562866557524274 1.6417063102831637 1.2060534368026816 1.1859506800974313 0.9396633327014309 0.9137183931734986 1.5592834511478533 1.5437872276397286 1.068945409000647 1.0462114559798894 0.7556762361114447 0.7231602153213077 
1.649038291840796 1.635809258788203 1.1953913778998113 1.1770748444925707 0.9258264009830405 0.9020527523028848 1.5551784710306433 1.5411439647019385 1.0621738723755212 1.0415171522049986 0.7459271503016965 0.7162066438795509 
1.638745488055058 1.626970254694538 1.18278835106743 1.1664191864251934 0.9100419068486956 0.8886628760451344 1.5480811972958042 1.5356108974804816 1.0535923795381257 1.0351822724819093 0.7343329565127865 0.707665405443003 
1.6308307347461937 1.6204275097494518 1.1716447730403656 1.1571205223107963 0.8953103054208691 0.8762174227626439 1.542938639542354 1.5319386653364455 1.045850005590099 1.0295526519575433 0.722932433214066 0.6991478612945977 
1.6234755941451784 1.614361779547893 1.161660062834666 1.148888616039449 0.8801256264789931 0.8631987423907892 1.537426025792799 1.5277989839193638 1.0380076500609425 1.0236946967065133 0.7089618455072461 0.6878356263418173 
1.6143732077453343 1.6065850294976487 1.148165145737302 1.1371885529699812 0.86208094160929 0.8474067223039714 1.530646063166126 1.5224296285234207 1.02711232038466 1.0148272374182516 0.6927193274956028 0.6743698316250217 
1.6080143993467344 1.6011897679995457 1.1391788529052143 1.1295250433462907 0.8475096986503693 0.8344884983907447 1.526555727284936 1.519365246787763 1.0209752880978267 1.0101925081619048 0.6803930991025996 0.6641032554855004 
1.6012072498280665 1.5950749760879455 1.1287085225610554 1.1199921657502612 0.832242321023126 0.8203821081313024 1.521616286881144 1.515161921030871 1.0126373469816132 1.0029127175093357 0.6663923382677506 0.6515199697184731 
1.5951588091641409 1.5890541574829853 1.1213070646589005 1.112605510598415 0.8212031174161237 0.8092811927963974 1.5178069260791902 1.5113898748549166 1.0082339865596477 0.9985475755385719 0.6584685250290708 0.6435388779350941 
1.5870322596520339 1.5821037542387162 1.1080912305294364 1.1010209222245688 0.8008171309208114 0.791005039918356 1.51243655310768 1.50726415175849 0.9983281570587098 0.9904746363114201 0.64039129536264 0.6280779467361037 
1.580907136589939 1.5763827500074339 1.0993200873817417 1.0928036669598982 0.7877598711034981 0.7786403627612686 1.5083000937880364 1.5035572396556773 0.9920717982691576 0.9848460046733195 0.6294977465575234 0.6180474196378462 
1.5733058138282618 1.5691010117917232 1.0897908991296494 1.0837116799249742 0.7745826901150129 0.7660059694322296 1.502955193818435 1.4985530074060809 0.9855086679607694 0.978781965509076 0.6193234006767466 0.6085624668066624 
1.5696663247580007 1.5659020662031484 1.0845300323547016 1.0790747429808973 0.7671633014419355 0.7594316565295984 1.499336607196426 1.4953953228291472 0.9799812659838402 0.9739405482570741 0.6104894935044256 0.6007448139928384 
1.5664791329179109 1.5625993328000785 1.0801882353864303 1.07455405860629 0.7604724675274249 0.7524481210470595 1.49722480805898 1.4931650702006292 0.977052647438842 0.9708201053064621 0.6050980299647737 0.5949818710408328 
1.5614526639788477 1.5575537458356423 1.0730964181501308 1.0674151825632987 0.7497211104448375 0.7415665801306314 1.4933622152199513 1.489285048325753 0.9713558599435328 0.9650758809371625 0.5950445592110225 0.584736929538951 
1.5588418306626912 1.5549989476407404 1.069091202949407 1.0634800770883346 0.7436857316258059 0.7355965888745069 1.491073128596921 1.4870551264037961 0.9676090233269893 0.9614057916217326 0.58854030382278 0.5782850191417811 
1.55578272291024 1.5515809377231986 1.064274003678564 1.0581222426099925 0.7371976864491642 0.7282883730405149 1.48807606973098 1.483682551864111 0.9625952749239943 0.9557893014184665 0.5808364118286664 0.5694861391693393 
1.5526508750655954 1.5473188053151683 1.0598282728074204 1.0520012895818902 0.7309645653805388 0.7195692748317982 1.4857513851388326 1.4801783419176082 0.9591498352405424 0.9504941619399667 0.5753621767564844 0.5608140332427141 
1.5503324036715513 1.5442200893441356 1.057300582556356 1.0483175302998655 0.7266130757659195 0.7134785801508057 1.4837916930196131 1.4774041121961214 0.9570745782194875 0.9471414206621996 0.5710287105514135 0.5542191901531469 
1.5489502579405061 1.5419973771099482 1.05447837814436 1.0442383154308983 0.7213393642204479 0.7062856984351021 1.483211097846143 1.475948566249502 0.9552972883736037 0.9439819482458127 0.5665675048694199 0.5472730095792777 
1.5446529942058314 1.5365365477036463 1.0500863138376006 1.0381102814388459 0.7157580460665741 0.6980696744803057 1.4805250554816827 1.472055070243311 0.9532485687946454 0.9400396394988032 0.5641907017215367 0.5415744065491278 
1.5425721485690191 1.5331235154614387 1.047877062226691 1.0339174133657099 0.7127775540383129 0.6920915558369717 1.4792617758668816 1.4694060982794512 0.9522252388699012 0.936841387675011 0.5627951754775801 0.536355562720142 
1.5420640922873992 1.5319629981047713 1.0475124709148622 1.0325847856530523 0.7128050846635144 0.6906808608627866 1.4788126820940373 1.468276510594023 0.9519494002950789 0.9354980617629094 0.5630420701174648 0.5347572678909189 
1.5418931457075875 1.530420045000731 1.0479203141365474 1.0309646095477965 0.7143720996651817 0.6892594128048163 1.4783109496246178 1.4663404465334917 0.9518958849475294 0.9331970944768528 0.5641775321474971 0.5320219254316876 
1.5430618328590238 1.5308101972570767 1.0481571714329154 1.0300356770647559 0.7135313672335997 0.6866345840592725 1.4789316105980865 1.4661441773666906 0.9512267578376093 0.9312209108617837 0.5615388684910867 0.5269401681654664 
1.5406695094712688 1.528246246222918 1.045924727222012 1.0275371461384937 0.7091706512641652 0.681760268932152 1.474089989591694 1.4611007320148874 0.9451123187295994 0.9247223078819067 0.5497288173403684 0.5138830842657113 
1.5391187362635022 1.526560751702126 1.0421363096626852 1.0234985746142298 0.7043504891155822 0.6764694049529216 1.4697533271666234 1.456597434790189 0.9366623971940796 0.915880827748545 0.5360951127527278 0.4988979998329918 
1.5402569654282658 1.5282211203128593 1.044332978484492 1.0264987301357416 0.7053649412540222 0.6786810542296654 1.4674319539761598 1.4547937354038512 0.9335932679439639 0.9135998374399429 0.5277354643666561 0.4915007562255526 
1.5412527622223422 1.5296650655806976 1.045228821769664 1.0280653800503157 0.7068408750617073 0.6812041973285251 1.465434552976693 1.4532424315502215 0.9298073143711013 0.9104706352529993 0.5212124083883652 0.48587808188680426 
1.5423485861381694 1.53148241017728 1.046855789859525 1.0307794411426772 0.7092619039271811 0.6853113598083793 1.4631120041071395 1.451652833180995 0.9261558293086589 0.9079448395593258 0.5146941069823998 0.48115406605619576 
1.543809215195715 1.5335637924009584 1.0472638273726491 1.0321010302112916 0.7102741972810288 0.6877211991521054 1.460289573380297 1.4494539146048107 0.9197066213326996 0.9024030594824076 0.5035753970590798 0.4712315704228759 
1.5466502970564129 1.537601231003894 1.0485643582464024 1.0351703326432273 0.7109214340450637 0.6910135234455906 1.4589884587565078 1.4493921922601523 0.9143343998694843 0.8989426004949871 0.49186326025094607 0.46262281718986786 
1.543104745371645 1.535074045943221 1.0467524983435625 1.034877221765215 0.7122876177419415 0.6947184478106869 1.4515863272945533 1.443046408445858 0.9064333418340755 0.8926933821466865 0.48299509395902784 0.45668844098410255 
1.5448540762268164 1.5381345383790748 1.048526242892666 1.038600511917171 0.7166883054959178 0.7020867955990983 1.4497830861320633 1.4426207880640738 0.9026096398967884 0.8910599886397156 0.47847571227243085 0.4563143089522944 
1.5477443777284448 1.5411262693660148 1.051845723473747 1.0420829838981205 0.7241163671607004 0.7098605725985985 1.4486095399347647 1.4415363743346923 0.8996312391141218 0.888196985882079 0.4767614220865717 0.45481751607651405 
1.550128559791416 1.542580400653726 1.0544946115941087 1.0433669663550835 0.7306416494294655 0.7144879008639755 1.4468753615571073 1.4387856172762536 0.8958284690056517 0.8827028868656825 0.4736950283473641 0.4483778768862376 
1.5532143856509988 1.5441247593161667 1.057210577223483 1.0438105906404715 0.7358493061715896 0.7164639180958172 1.4457375899495766 1.4359678003121135 0.8918388059471343 0.875912552903091 0.4681414877931778 0.4370386677780469 
1.5523170372636383 1.5414497113104144 1.0562915681661764 1.0402552116182644 0.7380368891721877 0.7148968303881057 1.4401151015731206 1.4283943902504517 0.8831733683592141 0.8639295265812831 0.4571014891454195 0.4187132666861178 
1.5538074933738766 1.541519903674555 1.0568203056645014 1.0386698442839333 0.7393501135895024 0.7131651123160822 1.4377594868630879 1.4244712103179935 0.8773276321106102 0.8553769116739183 0.4466242336291327 0.40179483947010824 
1.5540188267915678 1.5406791600922758 1.0549996583993002 1.0352497474245719 0.7376261684773934 0.7090910553255061 1.4353820558383195 1.4209290645710082 0.8708452281678071 0.8468111783288172 0.43524647801290706 0.3849120119490167 
1.551861626984265 1.5375592791194264 1.0512563879978327 1.0300262233585367 0.7334388845065757 0.7026710644435632 1.4319235654553109 1.416410648366585 0.8644481368516275 0.8385014065618793 0.4243385267757926 0.36861526393551586 
1.553336817769411 1.5391469039172316 1.0489494885064772 1.0278195132599885 0.7286694102526878 0.6979090426681689 1.4326535293775673 1.4172558194052336 0.8601952657612109 0.8342983984390717 0.4130374985857822 0.3559745744263205 
1.5479785163043738 1.5353087801741674 1.04230936527496 1.023398444634293 0.7199598175869888 0.6922988534440094 1.4271592131713582 1.4134068711025465 0.852616411840571 0.8293915295443341 0.39860766643391365 0.3461555073661116 
1.5430468455916984 1.5318808351012458 1.0359678584253904 1.0192618549472408 0.7121988765018448 0.6876718439419269 1.4220305289586754 1.4099064332609061 0.8452258049127996 0.8246647722259574 0.3852330428331532 0.33774224276878667 
1.540502677069391 1.530510677629516 1.0321179225543755 1.0171439634279704 0.706504291606187 0.6844433872410194 1.4194237652152935 1.4085731296379187 0.8407631850039344 0.8223120876759383 0.37518480947122584 0.33178016447334524 
1.5417532995569556 1.5329397152056436 1.0302449778061333 1.01700818485141 0.7003529623659487 0.6807313755474769 1.4216413305383182 1.4120782579073865 0.8399199666008423 0.8236300650502992 0.36681754033137504 0.32780488351267734 
1.5374745646270997 1.529915738187986 1.0255698732291672 1.0142029845919849 0.693917208948798 0.6770045952246483 1.4183072725172392 1.4101098001061088 0.8363976609695235 0.822420316112929 0.3595672055058553 0.32573410069455416 
1.5315319589272174 1.5244277968914894 1.019394014115955 1.008689309319495 0.6867167180253005 0.6707233539511205 1.4137975278007244 1.406098650996949 0.8321042389120727 0.8189550849316707 0.3532890590089652 0.3210967547880858 
1.5315713099761599 1.524476923505925 1.0184444573672589 1.0077441766153206 0.6838049633792446 0.6677637611476757 1.4152645767990133 1.4075841129758784 0.8333620206981418 0.8202508581538274 0.35334455244433866 0.32120333980531707 
1.5281585130692465 1.521754012245741 1.015247454104668 1.0055815361202742 0.6787181632062089 0.664172551213922 1.4134857357136683 1.4065591909997996 0.8327069574982607 0.8208944571539085 0.35118631674085765 0.32217799705443884 
1.5271296593390358 1.521813114976001 1.0140282156000195 1.0060036692343421 0.6763133649669802 0.6642212945344043 1.4127265990392337 1.4069778264467994 0.8318200942709668 0.8220187526528577 0.34795289168644655 0.32382306173736297 
1.530814588831518 1.5270831323668694 1.0199448987957194 1.0143358341098918 0.6846517127557704 0.6762673698763011 1.41278100191764 1.4087369332701583 0.8323727834206319 0.8254901806559605 0.34828841752118317 0.33150325723800966 
1.5346168211743445 1.5318943271098204 1.0259936944402972 1.0219170722868123 0.6931036100261273 0.6870546236153644 1.4136353779639395 1.4106794190854455 0.8342537114279146 0.8292350068775739 0.3517226296831781 0.33964724322633627 
1.538534968061308 1.5365897143503893 1.031978505758434 1.0290761578461578 0.7021286952884137 0.6978558640918696 1.4142599042422896 1.4121434697109958 0.8354764300370241 0.8318887951207242 0.35500131485307224 0.34647371595463067 
1.5393168877843184 1.5379923449152795 1.034490902530322 1.0325189583818788 0.706761836701728 0.703872336306805 1.4132774338458813 1.4118346493191047 0.835480730728124 0.8330378283235402 0.3568878224568611 0.3511308727782278 
1.543654740433443 1.5425817908761403 1.039843915240475 1.0382504476005008 0.7129843606017178 0.7106583724565835 1.4160344710714639 1.4148647451762448 0.8387842593078628 0.8368080171357347 0.3614282280932691 0.3568178638222029 
1.545787957089199 1.5445388018052506 1.0441814968107794 1.0423313773853304 0.7199913806997971 0.7173055766422007 1.416187890882421 1.4148243156950617 0.8405014766685421 0.8382019054392563 0.36676330552823844 0.36146234144375256 
1.5511442297694307 1.5493047643853033 1.0507174539080428 1.0479999996884541 0.7284448052852049 0.7245196103260422 1.4191869070517105 1.4171761741389106 0.8438306841701124 0.8404445579257444 0.3723907758618628 0.3646528778811434 
1.5567344617351286 1.5544163004400593 1.0565044482413504 1.0530857039546972 0.7342318393762014 0.7293039453299016 1.4236644145140949 1.4211292044968187 0.8482923021893811 0.8440306159575969 0.3774845357809511 0.3678075930072136 
