1.3186073702522865 1.2064589462736186 0.8787619477899861 0.6993142019461996 0.7280427218808317 0.4968541003590995 1.2642016204718496 1.146744753362164 0.7947973963241514 0.5903564121474841 0.624120617512072 0.3261047950638722 
1.3170244653433172 1.2022526011337429 0.8747133536838511 0.6899139987946686 0.7211240808022222 0.4804974656882698 1.2667058940704627 1.1469096288255891 0.7969402931668407 0.5881935952497699 0.6245080621359903 0.31759753508623145 
1.316801271628555 1.2014306602391085 0.8734368722252227 0.6872859755317141 0.7194371901441987 0.4765080408162909 1.2671199588289106 1.1467619772483653 0.7965672418964893 0.5865061067564259 0.623872800867757 0.314145370907451 
1.3113891516046257 1.1964292456582213 0.8640904219734761 0.6770182348107767 0.7066360645666904 0.45938650466279474 1.2656183637362015 1.146076470200091 0.7929064213551936 0.5834398220436278 0.6175620320472267 0.3050971916394839 
1.304276985653086 1.1906561821971533 0.8526901820147221 0.6660362117815367 0.691949534073331 0.44194778719244643 1.2631649178410158 1.1454733949613585 0.7883702815709761 0.5814218690110479 0.6109347854430126 0.2996080789369671 
1.2981637220560318 1.1858640273076715 0.8427007447856979 0.6566498208804826 0.6777805848962997 0.42477166014503615 1.2642653944652484 1.1486563583780705 0.7894824150304869 0.5867937675558338 0.6103478185775468 0.30589034251242725 
1.2935635248298594 1.1817860195357914 0.8350841763380803 0.6485963188071993 0.6687272167111563 0.41292577247036766 1.2655316995912234 1.151035223557581 0.7909674275659208 0.5907123451141427 0.6127478929137578 0.31427946714707583 
1.2894366306258906 1.1773617321791336 0.8287335144664115 0.6405724486737233 0.6597561152424811 0.39851217747999873 1.2671439967185458 1.1529040430234643 0.7936033782815254 0.5944242138572838 0.6150489538401395 0.31909095822327843 
1.2810146830809745 1.1691279781397115 0.8172246006264435 0.6274692493413921 0.6451001453023011 0.3768498487050909 1.2667426318353108 1.1534723691138205 0.7946661719923971 0.5977925525707477 0.6162730519088515 0.32504474385698034 
1.2824382832307057 1.1725545424140065 0.8107870536063831 0.6225848142508135 0.6314817988633719 0.3591733104445819 1.273521828872878 1.1627957917260106 0.7966087776416476 0.6040047592988981 0.6131713957905408 0.3259069886573775 
1.270949695674164 1.1609883229965106 0.8022315836055384 0.6133158003298544 0.6225145609013897 0.3465618786512013 1.2646333828166365 1.1540703402021255 0.7921868325933282 0.600117267652123 0.6095152520932104 0.322629198514719 
1.2675795986310485 1.1577375328396546 0.797037948196728 0.6073447513115183 0.6136765783909715 0.33195948389170943 1.2660980930187242 1.156115278519253 0.7946797047525814 0.60424662946983 0.6106105838794887 0.32625671062163625 
1.2657813437600234 1.1567453834750887 0.7936906993350308 0.6048160035836768 0.608691582175185 0.32613327673043424 1.2657942297115001 1.1567594840548878 0.7937112497444712 0.604842971316465 0.6087183782102608 0.3261832858239827 
1.2645001799608413 1.1559118254092737 0.7916046090827162 0.6031660634692573 0.6047321135188705 0.320737232202624 1.2657006007429246 1.1572248933206544 0.7935207386836214 0.6056786323794163 0.6072382026198615 0.325437671023193 
1.2676552128462693 1.160111392968934 0.7942389793105851 0.6080495552965398 0.607398463824465 0.32839244707562926 1.2654157885281503 1.1576639509358146 0.7906598101941946 0.6033669206182254 0.6027107706490071 0.3196388250765542 
1.2684863571469778 1.1615474005256996 0.7951779221457358 0.6102807987049977 0.6081198380812864 0.33157874308828966 1.2652616874259688 1.158024983784033 0.7900236877891764 0.6035496273447694 0.6013644792203893 0.319020316387546 
1.2672057909771286 1.1607277457638245 0.7931847703315854 0.6087860568261808 0.6055783707217176 0.3289430743851739 1.2643211458668127 1.1575777913323881 0.7885680205828599 0.6027585803503503 0.599518645486502 0.31764916084568845 
1.2638541419407738 1.1576998379635586 0.7883225660228494 0.6036506363956305 0.5998576198572876 0.32057883089943734 1.261897204221029 1.1555631426888147 0.7851813357568109 0.5995426196200315 0.5957234476003527 0.3127747571989307 
1.2606337230638327 1.1547715502409037 0.7843523441195163 0.5995903178385888 0.5950107694199996 0.3135885285621589 1.2595400598415993 1.15357752746219 0.782593367174665 0.5972874750618667 0.5926901334979181 0.3091626495322162 
1.2567730183577501 1.15113512169165 0.7802226846689668 0.5952991570563912 0.5898912914021108 0.30594997040700955 1.2576336060840811 1.152074622527573 0.7816081532021336 0.597113853358009 0.591722572792394 0.3094660754784764 
1.2540335045268007 1.1486570375337322 0.7759818830847599 0.5907290768836168 0.5845092088887651 0.2974289405484443 1.2576224941435206 1.1525742046288254 0.7817686295674507 0.59831024525389 0.5921700115471654 0.31221512131184487 
1.2530825189173178 1.1478258832750592 0.7746346529920863 0.5893617774475792 0.5817456248362939 0.29277368583288016 1.2570500062671215 1.152155882403145 0.7810363401636123 0.5977509713552709 0.5902430779400721 0.30931432258492336 
1.2518638127331303 1.1477501821697655 0.7722809439774687 0.5887149832225523 0.5768630922764344 0.2879904551729623 1.2554183102021137 1.15162607153135 0.7780295523890658 0.5962360769281998 0.5845367013205673 0.3030686889646142 
1.2481785682111395 1.1453483564844409 0.7670348399789999 0.5849919360996442 0.5683152939536379 0.277228052154918 1.252607926224966 1.1501737853044687 0.7742217540482895 0.5943840879444958 0.5779785048266155 0.2965337613183531 
1.2487775814553528 1.147586836551152 0.7645470920391235 0.5848438726920886 0.5615078485163676 0.2698169072268823 1.253234539432057 1.152435208723458 0.7718054280875977 0.5943010334043514 0.571351403976117 0.2897456234449108 
1.2471535160474394 1.1472721224668063 0.7593636445007689 0.5809256191540274 0.550950448397576 0.2537475654848535 1.2542836683659284 1.1550190263062727 0.7710180106388501 0.596079024232098 0.5669056576975484 0.2867463253984085 
1.2413326007478012 1.1421657356090227 0.7538275840530778 0.5761006582180759 0.5449835844126867 0.24625809468787016 1.2496823489428424 1.1512349522053698 0.7674994293543809 0.5938781996161336 0.5637432526064503 0.28538114299879735 
1.243955124933536 1.1475295424643366 0.7534049222353209 0.5805330953773522 0.5417431133373178 0.25076941366205324 1.2495794063797665 1.1536240249008383 0.7626554378278634 0.5924888309735551 0.5545357886091844 0.27732587118480306 
1.248906163773844 1.156291965557272 0.7539890237346297 0.5879999588539951 0.5385631717006836 0.2594124006525132 1.251002637755932 1.1585560423960075 0.7574565609144197 0.5924398242625997 0.5434071067554234 0.2693246876398449 
1.243692649053314 1.152487488881875 0.7529296549540667 0.5902195117320758 0.5410237751792891 0.2723283533333429 1.2410594340680263 1.1496453912442957 0.7485720933144984 0.5846504815778826 0.5349428370295746 0.2600381618325473 
1.2373750511790553 1.1487026024086346 0.7498287557038407 0.5921687380978246 0.5416368049536239 0.28599139843773275 1.2303502127607284 1.1411320245880272 0.7381786989885104 0.5773460341427573 0.5253903855614128 0.2538812886771492 
1.2326107999867963 1.1467832469233625 0.7458858560423909 0.5934038603043379 0.540299950253644 0.2961527771676133 1.2237458965177739 1.1372495110678615 0.7311431769797829 0.5747632351012807 0.5197582815541183 0.2567705248350947 
1.2383251997987281 1.1564975502164108 0.7470033108738943 0.6017069300386692 0.5382164178623318 0.30612774401638293 1.2287929092798997 1.1462849981992085 0.7310927847384078 0.5818366979630625 0.5159066057888386 0.26494699299399505 
1.225059485470355 1.1447362635213802 0.7388322752430962 0.5962579148496817 0.5380869064945644 0.3149410881750586 1.2163577901016176 1.1354191488700949 0.7243125441001905 0.578168687859253 0.5179701241779202 0.27918348737145976 
1.2227111158892972 1.1448281101192659 0.7357642791813491 0.5974596248444326 0.5363364579433791 0.32134984817057255 1.216416373779657 1.1381026857007457 0.7252554005309096 0.5844692676259806 0.5218267122323752 0.2964996566595821 
1.2190990483676047 1.1438411217344828 0.7303967555587854 0.5963635154591534 0.5311854961600514 0.3229985346263973 1.2172494189650698 1.1418695941353372 0.7273053545594175 0.5925732872909477 0.5269266453414555 0.315945741561427 
1.2129536324488666 1.1394358548557704 0.722126861479962 0.5903598537594678 0.5225701614815947 0.31644450782230354 1.2165253160830236 1.1432372446394932 0.7281102487061284 0.5976638579761203 0.5308077842975741 0.3298703635231572 
1.208851517427976 1.1370390011199791 0.714934085624626 0.585377182394326 0.5149627388344908 0.3110021242176974 1.2190185720274813 1.147842314008296 0.7319938760317056 0.6060946571517688 0.538396610453595 0.3484345118209735 
1.2048362449759593 1.1345032637008012 0.7078636724735703 0.5801191747802945 0.508957424946105 0.3074165554223943 1.2217958557663264 1.152498325945756 0.7363597726436242 0.6145673217050919 0.5478981624059074 0.3683200707370833 
1.2075282206664861 1.1340979920121408 0.7123340604702054 0.5792008852600021 0.5191658922791155 0.3123893011707828 1.2300612104549797 1.1580606345291122 0.749897320615276 0.6248198486331641 0.5696133789387062 0.39052945246929843 
1.20481583520446 1.1326855302330918 0.7066667907574404 0.5751289132007015 0.5154953244787193 0.3116580549246561 1.2371127601392768 1.1669804175475353 0.7604240512368216 0.6400312893440603 0.5870282907146981 0.4195205927477459 
1.1978841094312336 1.1284197136650262 0.696734637884367 0.5690728127294958 0.5087581464977834 0.31183258679596026 1.2387096922313394 1.1716682176230009 0.764797043422541 0.6506298703470814 0.5985901883825528 0.44352556204559407 
1.1909211452474255 1.1233949929554785 0.6879390250577736 0.5630126447935605 0.5039826883906232 0.3126046803831317 1.2388967102214128 1.174132954395472 0.7680051995901069 0.6584490280936254 0.6087449667943382 0.4629185355950222 
1.183642428912182 1.1191068773272417 0.6776672058769924 0.557336204889948 0.4961070492556319 0.3122707281849037 1.2401830282507216 1.1787471089767856 0.7721899934349901 0.6690801068042077 0.6190046432468257 0.4843114201845028 
1.175630914572652 1.1142885994296676 0.6666255675406774 0.5512900169773892 0.4866071591118754 0.31035070939008663 1.2427846739073225 1.1849239558802624 0.778970696303096 0.6828809421992461 0.6318166076472904 0.5086484652674478 
1.172470210219522 1.1127395821899255 0.6621874975052081 0.549540959139726 0.4835951300956307 0.3120372313878746 1.2485332963330253 1.1926182859457632 0.7890762194187645 0.6972404635218828 0.6465394404459871 0.5305810324278565 
1.1721077314847388 1.1129014477420274 0.6628699143921832 0.5514613509451957 0.4848420285065023 0.3158874653833227 1.2570473055324132 1.2020320405572809 0.803571974092116 0.7144515489004837 0.6643818079585714 0.5532777647134394 
1.179502514464234 1.1192599511228167 0.6722461829028485 0.5598496110451896 0.4941353652871347 0.3250944720961124 1.2735563681782798 1.2179747450121656 0.8262170245930848 0.7376660682771372 0.6891221956427248 0.5800052216036076 
1.1876820731592526 1.1259931565173298 0.6832157724349314 0.5692588807597647 0.504524485534508 0.334390248248749 1.2897908797180495 1.233220335148533 0.8483841100609204 0.7596232486067418 0.7124021076638248 0.6039773543965534 
1.1940812275431727 1.132344529359775 0.6914442496478007 0.5783332132698329 0.5103681051662712 0.3418329386864437 1.301160530207941 1.244746110888084 0.8632982669801961 0.7756661994511621 0.7264050868289744 0.6197084035020098 
1.2051222781943747 1.1440723640226609 0.7047858697508059 0.5943946424055317 0.5194154974588262 0.3554916703952428 1.3217032785161729 1.2662864704167063 0.8895521194625977 0.8049129406093555 0.7512471697386952 0.6488098170961965 
1.2122239579761036 1.151760621306029 0.7134837956753117 0.6050824168584392 0.526590209832323 0.3665553895269445 1.329452786484443 1.2745627940557696 0.8983412012655603 0.8149125832819432 0.7584556917126075 0.6575109434764185 
1.2180148803381674 1.1573175944075162 0.7204208997004461 0.6122336468417922 0.5307261975116737 0.3708019179092794 1.3409154636311718 1.2860318993731066 0.9129623785267388 0.8302554246767679 0.7721167843048097 0.6723005980996892 
1.224030852069281 1.164107613177343 0.7286685979356117 0.6227783986760057 0.5366477470533627 0.3806386904368104 1.3518228935098895 1.297813601276181 0.9274327653352828 0.8467741980347829 0.7855981243724108 0.6885197319303564 
1.2278626280546412 1.16812087982077 0.7349062801291399 0.6300372981603946 0.5421886828155398 0.38836622442386776 1.3587426458212202 1.305006258250607 0.9373484863023196 0.8576024377724505 0.7953008939849433 0.6995450439201538 
1.2339022318580715 1.1756242562333978 0.7429769295101498 0.6415546678532782 0.5491035583424406 0.40136316702499003 1.370036074716403 1.3177922901900472 0.9521023295971552 0.8752579734480173 0.8099375568673983 0.7180365729434192 
1.2371835672309666 1.179982421278529 0.7479984442673261 0.6490277406446815 0.5540224600378039 0.4107021082565075 1.3768019127261335 1.325639031707478 0.9614894697740272 0.8866776956630521 0.8196958058245387 0.7305043118191294 
1.2376515295276214 1.1814668222773166 0.7489566677332276 0.6519345317913909 0.5542686638644296 0.41387956622918703 1.3801017949564665 1.3299486862439693 0.9663517713762726 0.8932627215114599 0.8246898857401247 0.7376963814755091 
1.2358934621895692 1.1811628480454845 0.7470912005123069 0.6525781835174388 0.55185537406364 0.4150390073269259 1.380365289031465 1.3315860298467088 0.9675334325814897 0.8965678819157645 0.8261477078361472 0.7417769603343852 
1.2337996841598722 1.1805124010839532 0.7450911352532655 0.6530763112477744 0.5498285724050725 0.41672452233219975 1.3805961158836426 1.3331892227560949 0.9689916276175972 0.9001625646920672 0.8283087791355347 0.7466212574478442 
1.2293164069803388 1.177891135967603 0.7394196700596016 0.6503461756565115 0.5432145694576408 0.4138728889297414 1.3771942847365617 1.3314926952976687 0.9654981708481121 0.8991081234373596 0.8249408087317841 0.7461474637302267 
1.227786847703106 1.1755876297123622 0.7404848893750163 0.6502796345671069 0.5469282214264776 0.4167447793706959 1.383263095189317 1.3371471580393572 0.976869550407182 0.9103954361994188 0.8396944244859138 0.7613359693674863 
1.2284935758880018 1.174804445836876 0.7423474668900609 0.6496528161703681 0.5503801751499504 0.416998030160923 1.3846462337355665 1.3372412693893685 0.9793510546265266 0.9110968708968821 0.8431886288358553 0.7628473528551369 
1.2278383240829756 1.1728458141149203 0.7427133603799585 0.6477680829485889 0.5515300547448797 0.414928614205974 1.3844820680120382 1.335953199122967 0.9802177218592255 0.9103884532697512 0.8446236131241477 0.7624758366314895 
1.2249159885600727 1.1701633940309788 0.7400345709695595 0.6453792341949808 0.5495284100300002 0.41333359787234814 1.3830078826709917 1.3347561549699256 0.9797667021950174 0.9103878186960214 0.845146790758919 0.7636336082376809 
1.221470774795275 1.166912559911397 0.7357400726336509 0.6410986845088438 0.5456504148985595 0.4091802097841121 1.379676990805808 1.3316165618371414 0.9761307288263033 0.9069317882613719 0.8421710755891406 0.760885135456706 
1.2205101958499978 1.165511713855249 0.7346372071803877 0.6391120740009533 0.5435168021080857 0.4051949297977455 1.376916990386058 1.3284098822930368 0.9725981114590959 0.9026181381812576 0.8376549256190163 0.7552735871019188 
1.2212674840746396 1.1660153662701018 0.7351302494510751 0.6391510387834787 0.5418356020584104 0.40209872715292205 1.375032798786269 1.3262023844262987 0.9693489638607965 0.8987407748945186 0.8323501365038634 0.7489354554686272 
1.2263988087112163 1.1682631262383874 0.7416837533668176 0.6409988175716786 0.5493701320678892 0.40322727602220815 1.375470272964229 1.3238969619756253 0.9684829496735036 0.8937247439386973 0.8304649154589795 0.7419276716286365 
1.2288092717217793 1.170191338999486 0.7444305960057054 0.643080442767007 0.5501170041631235 0.40249753026498175 1.3704853296366983 1.3181826817059197 0.9604346540756481 0.8842003553207891 0.819076633013914 0.7281909600849285 
1.2225405116131287 1.1700846630031907 0.7334221298374423 0.6421844256872709 0.5342825643190033 0.39993833849143545 1.3586924461169607 1.3116927914703542 0.9430524275644965 0.8739798036541175 0.798058719102354 0.7151157495086302 
1.2144677890182924 1.1685175004093775 0.7206709280684076 0.6402091258042015 0.5191080451726596 0.39996787466367845 1.3435391337296356 1.3021515050342567 0.9217005912241675 0.8602517759719999 0.7743633229066186 0.7000997743628975 
1.2171430135851005 1.168753120388998 0.7245264687497759 0.639910419370571 0.5276318530178216 0.40366088888944895 1.3376202345131523 1.293744423245573 0.9125400704511667 0.8469215554459695 0.7656279439643123 0.6860997664181355 
1.2207095324296318 1.1692383761083838 0.7309877704617022 0.64134993425163 0.5397892908946693 0.4103158492729351 1.3310556378020304 1.2840154705160567 0.9032831609880536 0.8324104075061592 0.7569344931528553 0.6707730201227312 
1.225261312175019 1.1710438520366562 0.7388855439869223 0.6450040832373466 0.5534662511055665 0.4200039421158449 1.3271872567173215 1.2773035796837218 0.8978377238637559 0.822308335524364 0.7526523914748761 0.660729931721615 
1.2329175157489858 1.1757327057119107 0.7522418897141065 0.6543161737880625 0.573387304219975 0.4370752741584109 1.3318007979801822 1.2790446278924947 0.9052489301295251 0.8256739187722051 0.7631387590082487 0.6668152368839887 
1.2445055801326967 1.1854063615323736 0.7691584399728186 0.6693271313501493 0.5965366649095594 0.4607060837035039 1.3477543413105448 1.2933815629973315 0.9269586459607679 0.8459588845218308 0.789622452898485 0.6927465056580366 
1.2541795788462076 1.193039827405125 0.7829576867205854 0.6807351562647915 0.6155083934398052 0.47877781504039013 1.360827970683602 1.3046955122076762 0.944409386333517 0.8615606204875256 0.8110098225020766 0.712821538658064 
1.260881202960382 1.1989335534794328 0.7923687727181201 0.6895422609665197 0.6269713996497926 0.4906255126456634 1.3710958170743646 1.3143530717728853 0.9580869499157265 0.8749576339908235 0.8265442925813594 0.7285572903202739 
1.2637639763422797 1.2003837293384352 0.7940777288782568 0.6887533297636028 0.6278015379882803 0.4878078318974082 1.3756345752635217 1.317646460330103 0.9622008814485935 0.8772982651415937 0.8303046837519646 0.7302243337635702 
1.264325197174639 1.2009257044757973 0.7953581227413786 0.6901441058725996 0.6310601893723689 0.4918752952433065 1.3801946993126333 1.3223621861920773 0.9690272169607468 0.8847135641950394 0.8394380062939074 0.7405136797323126 
1.266110260735948 1.2021153820748032 0.7980502031456731 0.6920479219106508 0.6342705583115537 0.4943129986363397 1.3851845435900771 1.3269447687378892 0.9760046896408081 0.8914209744452114 0.8473489060598651 0.7483624576906902 
1.2667370828276956 1.203121927790704 0.799097614694738 0.6938562775754212 0.6367962614610894 0.4983864110615579 1.3942664567975591 1.336734262548402 0.9888948949968444 0.9059760755510158 0.8630559623517006 0.7666453745186362 
1.2703368709121412 1.2071568921887703 0.8059539833010628 0.7021636703496201 0.646827798412259 0.5117208199388119 1.4066280453051014 1.3498423813908238 1.0071784923432638 0.9262183933602539 0.8850044593327483 0.7916469476975516 
1.2737568291489156 1.211721816013684 0.8118613575010822 0.7105857889118667 0.6559369388923756 0.5254203720864846 1.4216606815986366 1.3663573446223722 1.0284850497715075 0.9505760344146597 0.9104481872152309 0.8214190168260656 
1.2741147119795964 1.212562794070002 0.8122874427706303 0.7118645376494392 0.6574044417881963 0.5283188718594576 1.4308537172900835 1.3763293902852072 1.0410499270845994 0.9647409916463848 0.9252862589938586 0.8385075380477209 
1.2756550164842921 1.2154407666281148 0.8170977084055125 0.7194784230131853 0.6651868978576924 0.540808788003246 1.44027256819032 1.3872222629346531 1.0558115431655122 0.9822110520562981 0.9431664533270572 0.8599787757738793 
1.2738295888515103 1.215016706532716 0.814578259858197 0.7191394281734304 0.6624995557988008 0.5408599052930513 1.4391762037324018 1.3873903275969628 1.0545729303322784 0.9827247026047571 0.942067930347705 0.8608808054020071 
1.2758070954925695 1.219421545499827 0.8169667000001817 0.7257683856639022 0.6634785248289403 0.5472740754221661 1.4377043757592123 1.387911752525061 1.052019351569726 0.9828783631748065 0.9378240133826745 0.8595458340293359 
1.2743313107143321 1.2185115498126835 0.814057230584501 0.7235601441669568 0.6591482229869907 0.5434394974851456 1.4255325328181423 1.3758608613093504 1.0348487267822806 0.9652781955907361 0.9179864337357646 0.8387783974822596 
1.271593034699332 1.2195600557069162 0.8085161724392755 0.7239311325505047 0.6496260742118164 0.5407327619775376 1.406394308785362 1.3595303730935386 1.0073204589324374 0.940782860475177 0.8848786030771998 0.8083242083247639 
1.271454118082581 1.2205835200055561 0.8062295464625157 0.7233495949464227 0.6430644359542469 0.5355001621933961 1.3937751000865075 1.3475301794546768 0.9879370105533822 0.921546576002078 0.859968211052684 0.7827987474064797 
1.276813408390068 1.2256502866987233 0.8122949158062375 0.7292387645241183 0.6465752088076547 0.5385402919788476 1.398490233328307 1.351939746495628 0.9926456986834036 0.9259112422660514 0.8623119815441871 0.78456873437237 
1.2901905304538692 1.2368086553355115 0.8288023118167782 0.7429786787740521 0.6595501946575683 0.5478234243922362 1.4112866770308703 1.3626570110650869 1.0070013664165687 0.9376330822901013 0.8730091289126569 0.7919905202746027 
1.3011191160720121 1.2466431153012534 0.8408307238725369 0.7537933463012355 0.6695518338470998 0.5563342169308071 1.4203846061204741 1.3706569709537153 1.0156661761149746 0.9448734751404625 0.8791365839868196 0.796297203325501 
1.303235412051386 1.2493650119019446 0.8402332254944137 0.7539776302813939 0.663912047808101 0.5506991928128696 1.4234374407014683 1.37428692103605 1.016731764818404 0.9466962951922576 0.8766588935217312 0.7943684342487093 
1.3027152950990493 1.24809357083714 0.8393047242122511 0.7517332249974075 0.661490151162512 0.5461132131390001 1.4280424451307472 1.3783960412649925 1.0230691594877654 0.952544448608569 0.8830669878865379 0.8002985234117347 
1.3043763710334206 1.2496357266460956 0.838802418517207 0.7508536670419315 0.6580268059207889 0.5414711527960798 1.432539688627968 1.3828816621440592 1.0268211818492623 0.9563228908137229 0.8853087142315474 0.802473209206585 
1.295526920658626 1.2402709039847792 0.8275730653852997 0.7380779712680914 0.6447409052877147 0.5249502338995781 1.4279105715510414 1.3779733355428985 1.022455757843449 0.9514713289780317 0.8810388374794961 0.7975658883548254 
1.287976453410886 1.233285235677815 0.8152700235755536 0.7257922149905465 0.6283100812026523 0.5068359558485206 1.4239152828286112 1.3746431757633992 1.0165218145582926 0.9462693736314641 0.8737419220072272 0.7909071211418465 
1.2726111994579163 1.2184335136665096 0.7984322710072014 0.7088970684279327 0.6103865969905606 0.4874553928573536 1.4115164815296053 1.3628718721397535 1.0051535226171757 0.9356145393642176 0.863372057938938 0.7813144518500326 
1.2616747238325638 1.209321381253956 0.782639912065553 0.6950973502740292 0.5894733879981152 0.46702673323694915 1.398595559292956 1.3515563742863175 0.9883175915028409 0.9205469874340887 0.8436381362136117 0.7631254151671116 
1.249950990099209 1.1989616794752 0.7692893929140012 0.6833284724420552 0.5754912183952006 0.4542265664291251 1.3916802852386723 1.3460704467159186 0.982956107220456 0.9172427922431403 0.839992072059012 0.7620487598060851 
1.2399811200604303 1.1924212070264095 0.7543798211155432 0.673352857992241 0.5547278349842552 0.43822155100624494 1.3880226560227031 1.3457050384435363 0.9788476030681789 0.9178549923012453 0.8347315055946547 0.7622938037871743 
1.231368403495609 1.187141163302547 0.740428625545585 0.6642819777830226 0.5333367359626787 0.4212885832862363 1.3844792149907215 1.3452950208862458 0.9740375255303689 0.9174884727457474 0.8276246888181407 0.7602622060982147 
1.2281883564793987 1.187183058543023 0.7321246171189485 0.6610320949027868 0.5175068994627674 0.41081670668507 1.3855558711670803 1.3493413384409323 0.9733061636122351 0.9210221841115267 0.8240945480498987 0.7616356081654578 
1.2283847036889257 1.1881717472221471 0.7287867563676839 0.6587512860685204 0.5089236605395053 0.40227653784048806 1.3885498279402615 1.3531052232967433 0.9748188450542643 0.9236313665705219 0.8234955595951502 0.7622126063723491 
1.2291890710225275 1.1891764760544266 0.7287573345917172 0.6590312371968601 0.5054857595632385 0.3984354050548522 1.389367463279324 1.3540963285155247 0.9749479106184207 0.9239904476233637 0.8215546414081197 0.7603860517521505 
1.2225381361217524 1.1840293114243619 0.719753073124421 0.6522042642547259 0.49428044496221785 0.3894086212605572 1.384131227884137 1.3502389314651124 0.9691564620865137 0.9201033442195763 0.8158020102966453 0.7568743859082878 
1.209171933939672 1.1716587678447195 0.7072057999107517 0.6409583027525318 0.48364387831069067 0.3802616250259894 1.3726887162883676 1.3397618498320536 0.9603736717681334 0.9126911262116041 0.8099931771474413 0.7528455681382512 
1.2018594246952554 1.1667920388521726 0.6966033200673178 0.6341874886252566 0.4724305391576734 0.3743370133032665 1.3657859677229116 1.3350314209144332 0.9519251117755063 0.9072480386469899 0.8025558218770892 0.7490216501736181 
1.1964708701273494 1.1638506018657622 0.6869764041532262 0.6284443175519188 0.46077297735793593 0.367855157722842 1.361260904460749 1.3326803556792215 0.9452117682367781 0.9035656961246907 0.7961158481108744 0.7461944277554591 
1.1889658728430132 1.1600241182601974 0.6756435657840222 0.6233059731346623 0.44805165905880545 0.3643712356173962 1.354389400804417 1.3290548360287275 0.9366029202449394 0.8995783114167151 0.7883407203813261 0.7439739239861489 
1.1945836447016833 1.1695798132529294 0.6767428449483287 0.6315597624680958 0.449165528718264 0.3776725136527116 1.3781103316254317 1.3564936201518818 0.9644370794057836 0.9332875952849463 0.8209187987448927 0.7840883429262022 
1.1894752123444174 1.1675496366244122 0.6686307859961259 0.6287988559005153 0.44317700209035754 0.38042966285740226 1.3768910891591233 1.357994824955455 0.963350880316096 0.9361441084607631 0.8230331984833884 0.7910148664884855 
1.1795441060485479 1.1578112693845521 0.6549973744328046 0.6149993478971076 0.42876765609577816 0.36475243702252014 1.3444310433584414 1.3254046430226007 0.9193432942844949 0.8912882418981345 0.7746045669539183 0.7410903268467801 
1.1724516502765268 1.1533050701944176 0.6441661315500459 0.608621161097896 0.4237730735147656 0.3674960279188755 1.3377425687276872 1.3209939034250502 0.9109677892143886 0.8861896104593817 0.7710356190126048 0.7415966818198088 
1.1671001478069063 1.1502328812944371 0.6361980558056607 0.6046990097651083 0.41957013407880034 0.37007029549925036 1.332734379376064 1.3179885629894148 0.9048790732307288 0.8830170232622373 0.7681778884938714 0.7423006093025267 
1.1561545438486551 1.1419861123244412 0.6241515188332812 0.5974981756808064 0.41539401495675343 0.374153897670319 1.3229107165284781 1.3105463423266999 0.896082894104051 0.8777263267020603 0.7654747692157406 0.7439022609092484 
1.15151545992321 1.138869980305988 0.6168358780438781 0.5928941541642674 0.41341536793177164 0.3767615214458107 1.3174877447635565 1.3064497446140675 0.8889727800119428 0.872530561758247 0.7620356747568726 0.7427888981414317 
1.1468677383820864 1.1364107268684338 0.6111977563290317 0.5913429023347134 0.41134348826940526 0.3812180427808243 1.3122137375159741 1.3030842734549604 0.8832677855133415 0.8696468891024921 0.758816676757728 0.7429175457112601 
1.141249955246433 1.137281715473341 0.6007725995332889 0.5931997609153138 0.40145481981162623 0.3900310402390882 1.3069340448351576 1.3034703055878125 0.875530041488689 0.870351132330616 0.7528553045235089 0.7468261842953723 
1.1374218733348411 1.1380628114917644 0.5949176631606589 0.5961421566208341 0.39482595398547327 0.3966686008503056 1.3025289986074549 1.3030887295857252 0.8699312042991325 0.8707690538675218 0.7474896709743479 0.7484645971409329 
1.135402566961802 1.1404084381411113 0.5900877384452662 0.5996632019587735 0.3860441542925481 0.40052778403432726 1.2997351611359327 1.30411038866081 0.8650873014286181 0.8716469788928594 0.741082039380964 0.7487289267906301 
1.1363866727967036 1.1448067763033036 0.5914687962267854 0.6074892771645953 0.38358530173869076 0.40785483774250175 1.2990659505775535 1.3064379927535645 0.863732024849121 0.874780484298754 0.7371128526555228 0.7500288277859475 
1.1401714853466332 1.1523203086805107 0.5945674367113858 0.6175447470406884 0.38383717589304395 0.4185475545234347 1.301198000968933 1.3118564386111566 0.8640808171262383 0.8800492806232771 0.7351572616287941 0.7538615768995972 
1.142263096246278 1.15790367354376 0.5975125316226716 0.6268948568987739 0.3848625077168912 0.4290630326725132 1.3017769508814228 1.3155223928182045 0.8642218894740715 0.884791167680902 0.7334694258427779 0.7575970794598763 
1.1440859472601395 1.163818183462576 0.6000569675606897 0.6368739857759388 0.38923668110563564 0.4438978523918879 1.3015432355869436 1.3189218716596258 0.8632210051325967 0.8892078571077352 0.7325212169638025 0.7629727667106672 
1.1493021398214256 1.1723866604060742 0.6077761119015024 0.6503744114724284 0.3958912423862235 0.45861198054358276 1.3048128629095084 1.3251911862497834 0.8666216018621435 0.8970106318846548 0.7337377422581638 0.7693933631856383 
1.149354114183972 1.174565048344119 0.6093837954783689 0.6556956482939493 0.39700058008978084 0.46497057282329435 1.3033211559633424 1.325607109433871 0.8654361709459701 0.8986478392460656 0.7316014053988843 0.7706028739770068 
1.15590347684934 1.185571898078051 0.6174715110775497 0.6713709441973137 0.4029347418533087 0.48148134326512854 1.3089142744283875 1.3351870488895525 0.8708701378520178 0.9098805826713704 0.7345067298550725 0.7803640265429925 
1.1627333916615084 1.1958282586662161 0.6248427748519418 0.6844594782926704 0.405998973501996 0.49284018771268484 1.3135830657787404 1.3429656566125117 0.8740595082147865 0.9176253636646463 0.7337483881417897 0.7851388292784114 
1.1659974122496592 1.2035449281156487 0.6310154107253658 0.6979619453758937 0.4103376801768296 0.5072942345354441 1.3153208836382482 1.348717707882158 0.8767551027139232 0.92610471262968 0.7340954116018585 0.7923802761016342 
1.168332645757252 1.2103968708246649 0.6358409008094245 0.7101781923588898 0.41153086292784896 0.5190540096195578 1.3169130809389589 1.3543705093172034 0.8795183583917623 0.9346721117633394 0.7339049957236564 0.799172044373513 
1.170689850291927 1.2167048211774845 0.6393533301520644 0.7201587165872081 0.41220567193639507 0.5289323324174227 1.3178409044010337 1.358882094080474 0.8803196036170811 0.9406479154351721 0.7321908492411899 0.803715954807751 
1.174836023095534 1.2249987221556313 0.6440274829251699 0.7315419242141423 0.41495300500530186 0.5408957242231908 1.3220869146175414 1.366856246253764 0.8845595103795618 0.9501724661991264 0.7347517437903296 0.8125529601957833 
1.1749178153846453 1.2295575075238359 0.6455684881623542 0.7403637378398727 0.4160354226604119 0.551783711528555 1.3228121318721824 1.3715727205030828 0.8866559288857363 0.9578823140805074 0.736536174419307 0.8208930062000941 
1.1805526555668713 1.2383915566516077 0.6553780629270348 0.7546055130901128 0.4271523360184191 0.5677747732913047 1.3271358100654176 1.3788395604195551 0.8928075330988154 0.9679950238394783 0.7416495155786137 0.8306341426753371 
1.1888375511369964 1.2504977604911616 0.6699115537094507 0.7740745544154065 0.4471182579513053 0.5918823046800858 1.3328354182319024 1.3881138923349952 0.9010532830490159 0.9809724485903821 0.7503534271884215 0.8446538886984477 
1.1927558849669198 1.2577891599323074 0.6768409357620297 0.7857993522797153 0.4527103086116109 0.6035839570790628 1.3366352195955409 1.3949769460400483 0.9066646356085695 0.9906602501277721 0.7542371859456546 0.8533702024228523 
1.19491447264149 1.26433749942335 0.6817819840154844 0.7972172785684528 0.460204335625046 0.618479382071941 1.3400248470935492 1.402282177861535 0.912508995916254 1.001699247852413 0.7613369979372405 0.8662348064746012 
1.2004928739938816 1.2712431317218944 0.6894768228955125 0.8063834377950044 0.467011261224063 0.6268775618492737 1.346536929055453 1.409977893709717 0.9205198803448461 1.0110552950012626 0.7681653981468379 0.8746165093057013 
1.2020308594792233 1.2722776151533752 0.6939340250631612 0.8095409650044647 0.4731624194083465 0.6306304924600141 1.3493288451450076 1.4122678482569657 0.9259344341476667 1.0154637951302645 0.7743983602386822 0.8794913093489667 
1.2061671942032621 1.2753824652676429 0.7008450684510592 0.8142143098178574 0.48143061760981715 0.6352452848405645 1.3554833056486422 1.4174258796255168 0.9347082440484678 1.022467913350913 0.783754509455716 0.8865846059075072 
1.2116132701658933 1.2806641687976164 0.7123872579167106 0.8243722472536845 0.4969563502382176 0.6473481372817025 1.363745799700989 1.4254461066634858 0.9483098096097552 1.0350775293677716 0.7992255650328574 0.9004751526844536 
1.2160651331086176 1.285379563911952 0.7208649179717932 0.8324857027736152 0.5089597744050899 0.6575912615922447 1.3712852097949864 1.4331117688311963 0.9598202689058405 1.0462510042826625 0.8128030330913387 0.9132551592859904 
1.2192839544529568 1.2884236108308633 0.7268259362367581 0.8376502736503105 0.5181317608354462 0.6647123896441528 1.377661188459064 1.4392124198833334 0.9693157020220192 1.0549668096894993 0.8244740809670369 0.923655536196498 
1.2245443318290032 1.2945943975525849 0.736238082018677 0.8476510761949991 0.5307810529912875 0.6769005538293937 1.387205867892196 1.4494157283107356 0.9832994522090105 1.0692724845775001 0.8405711305502588 0.9396944498476834 
1.2641250079641848 1.3320573968115828 0.7914740575410226 0.8959888706900606 0.6004351186934771 0.7327258726157075 1.5163060793587984 1.573387745897511 1.1522166785377004 1.2263637906186118 1.0303855697264255 1.1126811290484127 
1.2707158671274434 1.3378134665824866 0.8012467129227114 0.9038928871107738 0.612328159543108 0.7416008571795545 1.526217572952641 1.5825189213369457 1.1647392669561074 1.2375959018958693 1.0438232800572376 1.1245412826523757 
1.2767211157773495 1.343440094113526 0.8098653425550201 0.9114254506385916 0.6212842012088831 0.7488715094538982 1.534677254536523 1.5906126978594632 1.1752018299814548 1.24736274603331 1.0541401836528954 1.1340308663311418 
1.2506090694247862 1.3205347874431517 0.7742153398942249 0.8827221946045823 0.5773714060529236 0.7163426699893913 1.4300942913694643 1.4916295661214047 1.0394979702758107 1.1226509299544227 0.9024989629952657 0.9971426470307696 
1.2561793528502927 1.3268902067418313 0.7815088371396577 0.8907340325525797 0.5860944279955065 0.725367308849372 1.4385411678111195 1.5006837593934905 1.0498429346751732 1.1334995552303406 0.9137400086935998 1.008747668005919 
1.2607243418531824 1.3303270075215117 0.7871761254898044 0.8944217871570103 0.5926789341128467 0.7291175486443459 1.4472097239588808 1.5082307734299616 1.0604887418172528 1.1423574100609406 0.9253423355283924 1.0181367878242784 
1.261843981099046 1.328878552673603 0.7890666906135945 0.8923531909260424 0.596511468318833 0.7276633197818136 1.4523420573803851 1.51094851889662 1.0675548984646597 1.1460110978327782 0.9342768063244907 1.02300592664749 
1.2633304848690385 1.3280327128498908 0.7906345613489458 0.8903763148239288 0.5987062929345573 0.7253386778598258 1.4571091412380337 1.5135501385416474 1.0734366050584634 1.1488834220578865 0.9410697958597118 1.0262939798515043 
1.265446106243723 1.3309726587903299 0.7930948340566847 0.8939428317557002 0.6042938555102144 0.7316457028148255 1.4618359189893373 1.5189136330573245 1.0791708956636108 1.1553112968751755 0.9490950795612629 1.0348506368976154 
1.2669495249811888 1.3333301578191576 0.7948340408223973 0.8968664133247829 0.60806835639594 0.736447782907967 1.4639804761574042 1.5217907364253667 1.081590906105474 1.1586401939644855 0.9527984371156683 1.039438825843089 
1.2678083488912235 1.3350197235690153 0.7957058340356001 0.8989368315506324 0.6120817095113119 0.7413391072365534 1.4645258873363387 1.5230809983314382 1.0819638808566072 1.1599937466548216 0.9550612987019682 1.0426321197231025 
1.2688831907491132 1.3365443295924195 0.7972849877964906 0.9010824296176517 0.6174642918952075 0.7466915996351171 1.4644426687329382 1.523442983247371 1.0817537289076706 1.1603780949352889 0.9569691374363386 1.04502446057767 
1.2660612760295769 1.3347273517320457 0.793382966455444 0.8989118311946062 0.6155361794904017 0.7466396299833274 1.460587701804188 1.5204941247705104 1.0769688070977914 1.156913030552271 0.9535670234763993 1.043012951531111 
1.2645283606266173 1.3344231292918451 0.7915840860130021 0.8990319673899477 0.6164010671868114 0.7494020208066162 1.452227100294248 1.5134783328442596 1.0660848658662405 1.148124581388727 0.9433354926159833 1.0351497306134219 
1.2678566295451115 1.3390369299468519 0.7958069948684106 0.9049133879888673 0.6239169761125996 0.7581766679089315 1.4468154037683902 1.509580828992436 1.0578861718452937 1.142227043657035 0.9354607274394205 1.029876807808337 
1.2686160945686524 1.3409370448453648 0.7984439545757861 0.9089764086259995 0.6313929218787775 0.7664087581954032 1.4357568367236215 1.5000410184520354 1.0438024944397382 1.1305967496143883 0.9223166054011063 1.019506392053831 
1.2720723305356696 1.3456574462152133 0.8039454198603596 0.9159444232891262 0.6395001658439581 0.7756200168603501 1.4260387233783136 1.4920497273933098 1.03041092025194 1.119987773600431 0.9079531312652929 1.0084665770438057 
1.2821704631114488 1.3661933925624976 0.8163122714227852 0.9428091078693644 0.6550354742114558 0.807214198265508 1.4273627455820146 1.5032922859116342 1.0294508416993144 1.1323834707736717 0.9069039549342736 1.022251472428104 
1.2913868933553925 1.3846708235108054 0.8311541673661341 0.9697682357564057 0.6739848006669673 0.8389807463119113 1.4379243514768403 1.5222547821314578 1.0443962764057002 1.157755053248351 0.9242304062137816 1.0506355338185034 
1.3006602590130123 1.4016806823259698 0.844316890850702 0.9929061577036352 0.6876529611481333 0.8636308359512159 1.4480543597171331 1.5394327054229413 1.057362440933002 1.1794095799703324 0.9370223659528069 1.0728478643898192 
1.3083607081357387 1.4170253951632101 0.8539216119723472 1.0125884392671347 0.6977518299463294 0.8848789997154705 1.4525416131021691 1.5511384096003333 1.061721015424227 1.1930652717003591 0.9407055923047611 1.0867751558337406 
1.3000310405300248 1.416339125321891 0.8411672137818851 1.0116808257141081 0.6810914305301304 0.88307493924218 1.4473150360034195 1.5526289399008313 1.0546100647355778 1.1950473631691674 0.9319472323267984 1.0883296630238375 
1.292704213416405 1.4146838243651925 0.8291795097471514 1.008853209798396 0.6665540153539894 0.8800797662260657 1.441996243998065 1.552288409813243 1.0468083127796255 1.1941749382902516 0.9233435112159105 1.0875704019696961 
1.2814845135254163 1.407447820111095 0.8174589809926078 1.0034669867691077 0.6570079853437646 0.877705133137247 1.4321575002092028 1.5458919474968076 1.0378399359272472 1.189881733843945 0.916805344555469 1.0859276438766408 
1.278869949230151 1.4066634057349785 0.812724910313403 1.001855962618344 0.6514421636983048 0.8761109990371818 1.4280436859858066 1.5435356682221273 1.0316599255006123 1.1863877072331492 0.9100424796040725 1.0822988980286032 
1.2729658260320023 1.402669069282323 0.8067257887568351 0.9989219298430372 0.6480838543316271 0.8758145956315969 1.4211364235728172 1.5383976267796757 1.0246917772702862 1.1819609816239018 0.9050963608397382 1.079924972431575 
1.2640011972672849 1.394211965306972 0.7957161902921983 0.9895919527790886 0.6371916228993676 0.8672607115539881 1.4142819099646045 1.5317706415665269 1.0176731054976003 1.1754941629651463 0.8991704279240559 1.0745396390850965 
1.257049058337279 1.3853875108400682 0.7860690536248329 0.9782794985031836 0.6257506684508141 0.8548041408367419 1.410325206846506 1.5258254845137567 1.0132864407790327 1.168706820032997 0.8946556617306127 1.0674900342352804 
1.252465427094895 1.37665271184275 0.7809346131834582 0.9676579524935438 0.6209026445973618 0.8438146342793525 1.4079265042707299 1.5194604583153841 1.0116552107452408 1.1618731894591583 0.8939281231888823 1.0609479404683329 
1.2487164049761061 1.3672581277156304 0.7729611330826734 0.9526652302904994 0.6095672944445514 0.8256357636418437 1.4075034915325968 1.5136605320957703 1.0095753225373778 1.15297201163968 0.890699559378161 1.0504512519981355 
1.2458042882267713 1.3587224201359938 0.7672442986195541 0.9395542050250275 0.6010211501804338 0.8095212865516332 1.4076136667439016 1.508467608276761 1.0089656703794296 1.1454737074329604 0.8891424707009624 1.0414761752532853 
1.2441307798434578 1.3508418905089856 0.7632206898098937 0.9270481309802043 0.5929774408473648 0.7928017792322933 1.4075004191309821 1.5026542668404765 1.0078203480054815 1.1369319547158 0.885899699657862 1.0304031704405272 
1.2435483150974511 1.344682786967138 0.7613835632463506 0.9173136410005628 0.5869953396592766 0.778667396495904 1.4100058754280813 1.4999586508719864 1.0106478551610891 1.1327702647605602 0.8867173650841116 1.023731933235312 
1.2436534434985542 1.339734437747202 0.7611137241738659 0.9096749844234543 0.5848329630978503 0.7682734349733898 1.4110750230040257 1.4964448525441263 1.011806767197083 1.127815326330429 0.8868418279184916 1.0172034722246142 
1.2519087892199126 1.3465434862365446 0.7735935357318258 0.9188855762966723 0.599777942680512 0.7782270390612673 1.4313679302772113 1.514832629575316 1.0392235052317031 1.1514726386788647 0.9172088725181781 1.042677255734519 
1.259592222272163 1.352317403405179 0.7856918520695796 0.9270930263746601 0.6137725363752651 0.7867061201951628 1.4427650132327599 1.5243886238595872 1.0546610846184314 1.1638297970719458 0.9336568124362004 1.0554169017750883 
1.2657860774659382 1.3558084821163372 0.7941517025774147 0.9309560531940305 0.6204119433945533 0.7879804729678308 1.4499050642530382 1.5291262019920417 1.063337777071146 1.1690549492725337 0.9407025464760933 1.0587367601149054 
1.2682498171387686 1.3554540213790065 0.7997880781010179 0.9319114632155353 0.6263426067836356 0.7881009240398847 1.452386123795088 1.5291250629011743 1.0680022583274438 1.1702251190230537 0.945131162851231 1.0592784904794963 
1.2766423563930591 1.3563936535336718 0.8126406992864821 0.9329378025069103 0.641057022531399 0.7879988219194383 1.4584871382966744 1.5287814656733716 1.075989745572337 1.1695050105862832 0.9530598787992401 1.0575023261375942 
1.2802604341955546 1.3550247994623383 0.8175219114902 0.9302513120431222 0.6451186651822985 0.7830731255495559 1.4635720342936969 1.5294013624153568 1.082274639805715 1.169762293698147 0.9587254103060951 1.056494126892313 
1.283120900155073 1.3548432206461252 0.8192544427799979 0.9275660354555706 0.6438300704493113 0.7769929650458651 1.4675231931437285 1.5306290309969837 1.0855426845660032 1.1694459492130302 0.9600740792328295 1.054012877402722 
1.2848340887971954 1.354044451797399 0.8217847526787773 0.926265578245958 0.6435163119419111 0.7724965925124323 1.470096762174286 1.5309546798855018 1.0889058885667386 1.1697665475911503 0.9615087613513039 1.052205702257557 
1.2844611689415575 1.349721916899445 0.8198359826933143 0.9187163854850485 0.6392754512091892 0.7619592252599298 1.4711861936405983 1.528495199468651 1.0893481355189956 1.1655848827085533 0.9608441207390053 1.0464846787214384 
1.2875307703186718 1.3548510119837502 0.820961824031661 0.9229648404318509 0.6359816573749529 0.7631241371319558 1.473041998341321 1.5322331771089517 1.0890801443775349 1.1678961173980296 0.957387023558076 1.0461719232675823 
1.2898809198662555 1.3587235025431104 0.821686063064853 0.9260155264157387 0.6342157874375389 0.7645694435190421 1.4728824886442968 1.5335317389226142 1.0866269020022545 1.167516506556981 0.9527957299206464 1.0441055846431517 
1.288817111440056 1.3565824201281285 0.8201599336353186 0.9229998009754337 0.6301532248117834 0.7591833787700373 1.4682317379557934 1.5280611087913631 1.0804245491197846 1.1604238545465575 0.9443240843802989 1.0348982037865802 
1.289751645860421 1.3575231411263917 0.816539593650954 0.9198623150741991 0.6245114154278246 0.7546020664520241 1.4632212682980195 1.523294538391596 1.0697168223411582 1.1505232942855461 0.9314352795549806 1.0232211152501032 
1.2844543113872662 1.3519300154509983 0.8123840887421026 0.9153468174835899 0.6164967293030323 0.7469672722933292 1.4496239483815574 1.509735566368275 1.0543029077648112 1.1355379826132352 0.911951166960894 1.0047620711180016 
1.2812612059714459 1.3489010809126827 0.8050866415035115 0.9088830224442547 0.607412744949761 0.7394958356119414 1.4361451467965918 1.4968021682331314 1.033947341535053 1.116669581043293 0.8887254061111359 0.9837360904365577 
1.2794903283132686 1.347889050881858 0.7979137172947935 0.9035351091613406 0.5968560129940852 0.7320836656333726 1.4230163356220462 1.4848181318556142 1.0121987410816098 1.0973858413006774 0.8626222182666035 0.9611589279027666 
1.273464216120706 1.345417005869899 0.7938382491036343 0.9047734388696012 0.594052810564788 0.7357544098977076 1.4160185900403723 1.4810619356677575 1.0067654659055028 1.096363312631321 0.8580770823998995 0.9616299128479334 
1.2746652223556116 1.3478641406925553 0.7972882622257026 0.9097444068335241 0.5922945526365078 0.7367354679699362 1.414876616968024 1.4811624333356825 1.006366228190752 1.0976061670402915 0.8531806662383301 0.9591056051993861 
1.2809088244335407 1.35553651774997 0.8052699240079161 0.9193538409957914 0.5908399144537503 0.7388123164604898 1.4186167069197075 1.4863462569649493 1.0100522734748507 1.1031579350182434 0.8490216423341133 0.95790896414728 
1.2843560418457627 1.3630583749354663 0.8123585123735174 0.9318176022600744 0.596772136603004 0.7513286060584372 1.4171707759002492 1.4888689328888942 1.0093210185395498 1.1077394141772305 0.8455409800037573 0.9608835726151813 
1.2920054694565701 1.3738957175257853 0.8229274978427276 0.9463197008599644 0.6102475565749464 0.7685788117270034 1.41874121575631 1.4936994164876989 1.010325774631971 1.1131349785249283 0.846138631954417 0.96657223941912 
1.3049287601070014 1.3913121707885674 0.8374813529592142 0.9665844526912255 0.6267462677626378 0.7910255190475185 1.4239615478356136 1.5035215254010819 1.0130165039694052 1.1221020118261957 0.8471353521807456 0.9749609184702719 
1.3082702986395762 1.4013171343091775 0.8447552714854675 0.9827156278947058 0.6369688242783048 0.811078183474618 1.4209133418342181 1.5070213208871617 1.0104627748722295 1.1283410636897364 0.8444837676370612 0.9824822494114008 
1.315597685373021 1.4206551927399027 0.8507920219177246 1.005639583279641 0.6423588867283225 0.8367131206446149 1.4170899045857501 1.5151262998769608 1.0005966182627493 1.135190512371756 0.8306452114343704 0.9886533134414965 
1.3148137760400742 1.4337101979705515 0.8474588792766043 1.0222407828710212 0.6362249275725984 0.8553197206686853 1.409379241740405 1.5209008886672264 0.9878264692995214 1.1413110003626348 0.8138775951264159 0.9945785066794668 
1.3176879994554371 1.4493803603295004 0.8459456211299118 1.0392428777282394 0.6318175716999901 0.8738393495997259 1.408356831391417 1.532276322836998 0.9812192897242045 1.152038653660055 0.8039656364092138 1.0053668532067646 
1.314020238735949 1.4596051608457954 0.8442476412804953 1.05667029747584 0.6349063645984973 0.8982784254159063 1.4010625352951525 1.5384324052644238 0.974207944849394 1.16313333610884 0.7996456288929991 1.0213868853513246 
1.310858317314551 1.4666753835367716 0.8385760187798936 1.0658315494827204 0.6297587081356926 0.9107047727297449 1.3971746859232514 1.5443070470553244 0.9679655542346207 1.1703608276017856 0.7939418148609735 1.0310823235730193 
1.3057952777601476 1.4715192812942346 0.829621455978991 1.0716993272465467 0.6210424566973669 0.9197616108648484 1.391127131473145 1.5477410583559192 0.958334570346234 1.174168998279507 0.7847465332963892 1.0373498972481277 
1.2990458308171808 1.4734550714438155 0.8196418462740296 1.0748779154692407 0.6109241538550427 0.9256230867710139 1.382726507868964 1.5477345937089795 0.9466917561505962 1.174638266941572 0.7730723425162097 1.039803165874917 
1.2954295575469021 1.4757262137829505 0.8121335969938459 1.0766573730050626 0.6020173919133587 0.9284692023143054 1.3755556719035993 1.5465392093271229 0.9346532230224012 1.171839053277438 0.7592368590276439 1.0373382898486696 
1.2894461664364236 1.4747453017716616 0.8043948220479723 1.0766862675346003 0.595242407207004 0.9308683109321043 1.3648693291929412 1.541126398038652 0.9204606995258346 1.1659546253313586 0.7446545460625275 1.032817835792735 
1.2853924743508667 1.4744350766506622 0.7993736409951503 1.0773686463127854 0.5929031478393783 0.934483346485021 1.3597886498385856 1.5397240513708434 0.9142152793679635 1.1651242676941562 0.7404900416817526 1.0344324453389133 
1.2825427305122883 1.472880735942295 0.7974715761642643 1.0772291870859776 0.5939507504750845 0.9366105384362895 1.3568123193829411 1.537986175734137 0.9121319691959691 1.1646658473353275 0.7408112502043392 1.0359841288114968 
1.2794195831343533 1.4706390430039868 0.7951901179640517 1.0761933138649777 0.5957836668688413 0.9385216581452356 1.3538682598276255 1.5358463432481397 0.9101495036359041 1.1637168229722739 0.7422957449485229 1.0377223607828263 
1.2779659708112425 1.4680750757612915 0.7958302825047069 1.0748922011399662 0.6005935851734695 0.9395531172166487 1.351483967315751 1.532500022653025 0.9092071985590092 1.1613376491923102 0.7443282514532964 1.0373388797454386 
1.2788541312330513 1.4657151069057868 0.7985779527208614 1.0726507503432057 0.6071668009466942 0.9388846626779257 1.3507055435000783 1.528809455387375 0.9092108241996695 1.1573751373179926 0.7467188898386342 1.034621663257561 
1.2759516783015383 1.4610080244476797 0.7982993116372533 1.069473493407159 0.6101495034501891 0.9374295593272661 1.3472547332670657 1.5236755161288484 0.9079231365652669 1.1536100658586992 0.7478803697855109 1.0323840417453731 
1.2768920223273628 1.4588658143514306 0.7980802798486268 1.0652550683677888 0.611167987940519 0.9334680161008531 1.3468202813045482 1.5204476635955815 0.9057614291485715 1.1481463295822805 0.7463229481486299 1.0270512015149307 
1.2721543219159424 1.452117393522098 0.79166064419637 1.0568797856754624 0.6067082102373526 0.9264789032511273 1.3408244726590468 1.5126396042287837 0.897864256600858 1.1386081543188646 0.7399516876671149 1.0187231252314888 
1.2630836041309788 1.4422279258510087 0.784556760868519 1.048890132523184 0.6024088570269386 0.9206180696165497 1.3306326340408545 1.5017404588857899 0.889231312299844 1.129324366979878 0.7335526203173856 1.011306405524311 
1.2508280934892484 1.4318608568928575 0.7674796952766556 1.036667582546087 0.5824523721832954 0.9082430070757208 1.3171195368173492 1.490120286522517 0.8713541400980132 1.1157565287758562 0.7137812834937239 0.9975661956511698 
1.2426708301521405 1.4241869073653957 0.7548612387127914 1.026592930382345 0.5654437790894953 0.8965512937423101 1.307664259468389 1.481237108126518 0.8576540754237748 1.1043767781382448 0.6967651617948547 0.9846619956568904 
1.2356292290449469 1.4152753004805143 0.7461000244405638 1.0163118768125314 0.5549699282575679 0.8855598261835333 1.2993151195803925 1.4712050721942913 0.8474110187920676 1.0928540704276164 0.685150939260985 0.9724486588248297 
1.230545315873954 1.408589100014383 0.7382240930905263 1.0074007593204057 0.5424652696895258 0.8741567634465399 1.2922477076239407 1.4628006070956252 0.8370407248511449 1.081905103657123 0.6707689112200489 0.9590685119006515 
1.2361332697921936 1.409219773607772 0.7387139689264987 1.0017850256053642 0.5350271722886044 0.862629111917248 1.295293358196181 1.461389678842416 0.8339410956339423 1.0739332663751224 0.6603131818971508 0.9454567191718191 
1.2284140980946328 1.3988835295612176 0.732645876530845 0.9922922519488149 0.5266467168773105 0.8516047776273041 1.2864973158143977 1.4501549146479662 0.8263438313424081 1.063352274873031 0.6507156918329617 0.9334371132956146 
1.2266870707163786 1.3952908957857963 0.7242014160872166 0.9831292923429399 0.5083559114072836 0.8369595253432092 1.2829319666072436 1.4449878703098964 0.815855963110358 1.0524715991145461 0.6321226100549877 0.917417303380926 
1.2246954968339232 1.391661422676252 0.7192762943162315 0.9768320443992867 0.49476559618195964 0.8256121671616098 1.2792090649949641 1.439867454790645 0.8086131087023571 1.044364694426851 0.617486653430898 0.9045066183092803 
1.2240337946193969 1.3895952318032616 0.716354274901993 0.9725634298339416 0.4864095434614333 0.8181139418506203 1.2769942847837494 1.436464611903252 0.8035042751413088 1.0384292455677278 0.6074947876075646 0.8954139237527861 
1.2245245466324837 1.3890351563029244 0.7123278035465764 0.9681782892863742 0.47917945918568966 0.8121399228245648 1.276043946933447 1.4346590029151491 0.7976457164089142 1.0325681522521843 0.5986992093743653 0.8879183765670637 
1.217034365689519 1.3812664192940078 0.7070922820037636 0.9626545429536444 0.4767729263174346 0.8087253532994313 1.2669162777031835 1.4254126169321255 0.7898630911172454 1.0249916958245515 0.5926353269163844 0.882009583003093 
1.2126521904781027 1.377997411307924 0.7023894742031234 0.960053386000664 0.4740281551462317 0.8081177032903931 1.2606455617545087 1.4204149967074202 0.7823380795866581 1.0200021574836693 0.5860073285986618 0.878496510904477 
1.2089453271603023 1.3757697847178976 0.6990727693614807 0.9591123152909309 0.4736905631978855 0.8096767541079155 1.2550435368873585 1.4164490728447423 0.7760722983606165 1.0166031225422878 0.5813503462480519 0.8770187692191826 
1.2062053618257258 1.3740401403805966 0.6966195453022618 0.9582973042731207 0.47495419452525095 0.8115641806888287 1.2505245544559012 1.4131053017298922 0.7708171490678772 1.013515668244517 0.5783267011794716 0.8760803078354916 
1.2051854873615926 1.3737367749852953 0.695651909899628 0.9584426157819779 0.47621110922258003 0.8133004909300129 1.2479729814170657 1.4114238308697356 0.7673956496794858 1.0117196998907356 0.57597007209316 0.8754554197370646 
1.206300920389063 1.3752892835078372 0.6955986855446896 0.9592268939784268 0.4762401412433648 0.814287034731304 1.2466803191803022 1.410840359867657 0.7634837516486517 1.009537588122156 0.5708367365819232 0.872990998024321 
1.20552573880991 1.3751353593203761 0.6951550167647356 0.9596590263490361 0.4769069172628764 0.815564318281017 1.24404215708037 1.4090230083689832 0.7599928150931295 1.0076179973150439 0.5672643029427993 0.8714893796904125 
1.207246709250056 1.377541398853439 0.6952398709762624 0.961006850524537 0.4773186141301112 0.8173180213081626 1.243703815301332 1.409600960823697 0.7567780661429676 1.0064237328059638 0.5631941251425568 0.8702662300440538 
1.2078706988428023 1.378736624277095 0.6959599944845968 0.9624569434125352 0.4763316940147904 0.8178355193576518 1.242472588077097 1.4091491000327112 0.7544182002861543 1.0055395939111498 0.5582816401450077 0.8681252465646877 
1.209390784912296 1.3810592690723955 0.6970275654741209 0.9646481540389635 0.47710533787705633 0.8199561802259802 1.242210433940554 1.4098884339729791 0.7525344633907339 1.0054883155217569 0.5550587311184106 0.8676340409704889 
1.2085548173038492 1.3815925541303196 0.6980086670152027 0.967165620991741 0.4790761234170828 0.823229719597355 1.2398482295379303 1.4090482147493535 0.7508894626297137 1.0059961353247535 0.5532927054356852 0.8685194626997945 
1.209118658269423 1.3828851434068015 0.6991787077530679 0.9691513067912821 0.4810616186885522 0.825726147736191 1.2388337001693366 1.4089401430704038 0.7493943369650253 1.005979752457896 0.551508193842349 0.8686568240422968 
1.211037793936114 1.3858034358168008 0.702729020847759 0.9734817415450843 0.4821094638582092 0.828413036788805 1.23994116161278 1.4111317120104876 0.7514450230466965 1.009211695850603 0.5507005366455074 0.8701205120221278 
1.2124265937177392 1.3886318667933557 0.7046914524485167 0.9771950979584374 0.48581873281502835 0.8332706987972156 1.2404725571627935 1.413185190056137 0.7519201839783263 1.0117826739937783 0.5520994123108627 0.8735753988031026 
1.214806047924919 1.3929153657544884 0.7091187046432778 0.98351859126046 0.4883349470137889 0.8384095076720921 1.2416366030666786 1.4163759868604664 0.7541598353631411 1.0164725964604062 0.551705302199426 0.87683420471316 
1.2162164684615235 1.3959892923289274 0.7116719034478037 0.987967866024508 0.49223711578569534 0.8437422499181964 1.241971079831177 1.4184836161468415 0.7548420782766553 1.0195048647637832 0.5528173687005683 0.8804604757040602 
1.2169468455261305 1.3987474691437336 0.7153968375915564 0.9936435441525294 0.49686292439263363 0.8499456589900322 1.2412254767108188 1.4199209631652037 0.7559587914932928 1.0232343583148484 0.5536730306200582 0.8843577796548182 
1.2204479580105863 1.4047617371683392 0.7204194149328638 1.0014322011061008 0.5027545808962958 0.8582683080553598 1.2432670897004432 1.424631663389597 0.758435212481732 1.0291191823750103 0.5558614995951869 0.8904180628964183 
1.221934270706784 1.4073521129865547 0.723551408213487 1.0055064635932083 0.5067085935009589 0.8627109636070008 1.2434933906087802 1.426110942559421 0.7593938970571992 1.0315986132637636 0.5566920596593057 0.8929852503192424 
1.2248544845902063 1.4144227647067689 0.731789331174444 1.0177616981006605 0.5203305315092897 0.8781042710981083 1.2437156100012332 1.430787114654287 0.7629388149522476 1.04038400807622 0.5632973212795707 0.9042273613758544 
1.2279402012152911 1.420507515411534 0.7386568460121723 1.0274329173920067 0.53232683058498 0.8907167440553982 1.2444329905626297 1.4347884623109604 0.7657612332840112 1.0470886925092115 0.5693401310294663 0.9133195762604949 
1.2311380742338571 1.4270643168225636 0.7461308610614159 1.0380379898386425 0.5443193601446212 0.9039331680761857 1.245226565179305 1.4392361881040407 0.7691550575977837 1.0547090163396964 0.5754752875912656 0.9230294757743382 
1.2345171959784644 1.4337680579670238 0.7539720482660681 1.0488717683523234 0.5568296974538355 0.9174516057245363 1.2460602764579771 1.443718930209939 0.7727272189890364 1.062433758804063 0.581973210179412 0.9329260175633061 
1.237023230516311 1.4380504653443182 0.7592971081447697 1.055601613525202 0.565669553747601 0.9261450815487873 1.2464141838638594 1.446136572311554 0.7745023843326825 1.066591117240815 0.5859214016717685 0.9386514565998445 
1.2425152680022489 1.4475042435442806 0.7711292195337304 1.0705440752620605 0.5865137297785107 0.9462677734545861 1.2483808268307794 1.45254226536053 0.7805451753734053 1.0773463299509125 0.598839588536613 0.9539566010352357 
1.2452863429796377 1.4529301889532065 0.7786754407399789 1.0800942088408771 0.6004121984200521 0.959563893636896 1.2490881167041819 1.4561899536982117 0.7847410332661344 1.0844752404972648 0.6082580499192757 0.9644925677534276 
1.249103111952332 1.4592909791981172 0.7880600560166718 1.091013395687239 0.6144483700759569 0.9730459275743362 1.2508415518398004 1.4607793007463516 0.7908126550637641 1.0930033088188709 0.6179747592005681 0.9752765662564645 
1.2537733347017077 1.4659117867078633 0.7965265700584255 1.1006381641616103 0.6266495502344512 0.9847027218450449 1.2537914104702743 1.465927246683491 0.79655502193448 1.1006587548232376 0.6266857146680782 0.9847257367252265 
1.2559807560759877 1.4699447192643709 0.8030004717515488 1.1081784945094404 0.6364210678734716 0.9941235303991199 1.2547024693660287 1.4688526490745115 0.8009996158758191 1.106729507464769 0.6338946305445488 0.9925080456566637 
1.2594814850600224 1.4745848534584232 0.8092468370089562 1.1148934128646557 0.6441702222308945 1.001529906717218 1.2570212621944785 1.472484068657111 0.8054124940730681 1.11211337751553 0.6393466333758238 0.9984342724731556 
1.2638587472086942 1.4799247635525024 0.8159029482088725 1.1218449062931695 0.6523375728071549 1.0091494843559747 1.2599323733819723 1.4765730453912294 0.8098075533705092 1.1174196375471168 0.6446975736699573 1.0042277303360676 
1.2678990815711833 1.4835622338375463 0.8221304914969704 1.126626542235292 0.660088637267034 1.0144485347562242 1.2624175572642555 1.478880289106948 0.8136513706060171 1.1204540925486641 0.6494975110722518 1.0075891213729187 
1.2713952879958657 1.4868748307568094 0.8262924518220471 1.130092916506466 0.6648100281569841 1.0179995862170526 1.2653265672300136 1.4816889369021051 0.8169238393743263 1.1232610308107775 0.6531291732407074 1.0104100657347443 
1.2743912098771082 1.490244177379009 0.8335551143218065 1.136472120648826 0.673961261061821 1.0251724410127496 1.26786035296165 1.484663135870235 0.8235356989299493 1.1291438348642922 0.6615290622580688 1.0170425028542514 
1.2754405084059273 1.4912617784959052 0.8357260319523199 1.1382228261648815 0.6804611895492423 1.0296313087716251 1.269166365108519 1.4858992105263298 0.8261191029886489 1.1311878596602645 0.6686271025936429 1.0218490122531654 
1.2779830475480105 1.4929319445976432 0.8417496374932989 1.1419928080334394 0.6873956027064038 1.03349786453582 1.270911475760645 1.4868830151024324 0.830973983720369 1.1340735791826295 0.6741572695003 1.0247405258894076 
1.2789015279495641 1.4922559114480767 0.8452094986402662 1.1426362866860698 0.6951594025773729 1.0365737706751652 1.2699634847473882 1.4846029232261837 0.8316232506319974 1.1326234228779353 0.6785755148778431 1.0255258731264316 
1.2822925458345649 1.4935683157803297 0.851330084222853 1.1450917225719912 0.7037962570963915 1.040096780257919 1.2720997237492389 1.4848265380046552 0.8358985861711276 1.133665994534056 0.6850494183362904 1.0275041831364435 
1.2836845869444722 1.491424121073144 0.8533900681158645 1.142267218525858 0.7092364753442959 1.0389976747417677 1.2717050199314306 1.48112573668774 0.8352617238439697 1.128787817740252 0.68731646053241 1.0241600007219576 
1.2890349655326072 1.492303505043679 0.8596620105399854 1.1420934205071185 0.717626924220134 1.0393974269573933 1.2754728015703236 1.4806044293955256 0.8391891905557709 1.1267639976257895 0.6929705098672309 1.0225295772473526 
1.2897478995757776 1.4878171588270281 0.8651655839549618 1.1395884087248913 0.7285037068266228 1.039647971430777 1.2743695356293363 1.474506007780277 0.8420686174772992 1.122154093776844 0.7009177695993518 1.0205077037338472 
1.2946570907905808 1.485732316662167 0.8730688432960657 1.137327015055182 0.7414601186404634 1.0397243103699798 1.2760993279264472 1.4695894082274579 0.84530569448829 1.116156463572348 0.7085588327967763 1.0165230708519752 
1.295795008017059 1.481299573746624 0.8754127828641355 1.13203854385879 0.7488048464065452 1.0372427017732782 1.273504399773291 1.4618403403319837 0.8420666801637089 1.1064538030220374 0.7095332630976012 1.0092577350815448 
1.2934928501457787 1.4738052751901283 0.8725404560123559 1.1226331026556495 0.7498986207336629 1.0302068613527333 1.2677751736716767 1.4512863696659768 0.8339406363634344 1.09290220092113 0.7046120059850314 0.9977255708752031 
1.2905396855347182 1.4650369917172907 0.8672373298815323 1.1103788963682846 0.7465046635755533 1.0188767932876133 1.2619763763161533 1.4399392631427375 0.8241312278879195 1.0770482755847344 0.6959604206993742 0.9824467488571835 
1.2834840765934261 1.4522322272656256 0.858310048682223 1.0946886345938192 0.74090740613715 1.00528147874557 1.2524094387974245 1.4248426121606834 0.8111067544959047 1.0580837557721412 0.6856688792623447 0.9652921210850526 
1.2809266000396278 1.4435087801496325 0.8530799075638108 1.08198427547219 0.7361628234902113 0.9924113796047885 1.2483669301327556 1.414695951761042 0.8033631596289937 1.0432339190848234 0.6779253205546169 0.9500144124849264 
1.280523793488071 1.4364882170797921 0.850767946557156 1.0712438149222052 0.7354517877394003 0.9821642144820182 1.2486902740908492 1.408184864543388 0.8020550565946704 1.0329808933030078 0.6785097987568639 0.9402833398125695 
1.2783934012693747 1.4273162918600348 0.8473458037950503 1.0587431321189669 0.733230696308522 0.9698295533799122 1.2478814114206047 1.4000536152480305 0.8005705713858585 1.0216923942014446 0.6786350879294998 0.929240383952979 
1.2829749629860592 1.4228852493750435 0.8498660320598065 1.049213967543837 0.7360326821881485 0.9593340328004005 1.2536954795200785 1.3965421700074365 0.8049843925003018 1.0132016331456832 0.6837190277951023 0.9198094292890674 
1.2877617707670468 1.4237381556624378 0.8584571627338664 1.0514982919097302 0.7465447222029501 0.962303995569529 1.260259031076183 1.3989112849101903 0.8166217896977034 1.017630141578501 0.6980340030464703 0.9251764302278133 
1.2925391193805627 1.4244843323705179 0.8668725956731359 1.053549398542413 0.7576548152879912 0.965680618615223 1.266656184009331 1.4010410866670113 0.8277853649884613 1.02162950648906 0.7126018049998751 0.9307521531154682 
1.298044943585961 1.4255240559208673 0.8750607964987804 1.0549547649113111 0.7670098562398528 0.9672136671951446 1.2736185276169156 1.403318321810515 0.8384001883880274 1.0247502302166513 0.7249052337299544 0.9341765124049523 
1.3071164065870644 1.4314206352742997 0.8845491122425482 1.0596409140312957 0.7752348312408828 0.9702580988010766 1.2843358677421883 1.4106489130499764 0.85052481020196 1.031408836247334 0.7361754983487837 0.939343440435435 
1.3125373780159864 1.4325116347901263 0.8939688421243104 1.0623161044665943 0.7857278235426565 0.9729868590115078 1.2912219593273186 1.4130072057031697 0.8623688713358572 1.0358645111061002 0.7495785430820975 0.9440355964523159 
1.313362915956241 1.4262406517446766 0.8978225667742373 1.056089773214891 0.7912586516488018 0.9671248634427098 1.2937310717800203 1.408183345225003 0.8688517126006485 1.0315733353325298 0.7582270048534805 0.9402916773900958 
1.3144893186094933 1.4260939016833531 0.8982658922270453 1.054866465870657 0.7903940394122732 0.9646680181380795 1.2949291133874663 1.4080848896208105 0.8693910817914168 1.030389489842773 0.7574179675043694 0.9378398718216506 
1.3389467711828915 1.4383027074371688 0.9227599514830984 1.0618013704177869 0.8029105803643953 0.9594798706700888 1.2671100118226082 1.3716792643402795 0.8150308301291983 0.9696450258837458 0.6763539946367509 0.8563824777639313 
1.3554877639995022 1.4525526850797428 0.942609858187559 1.0775321662634345 0.8201816452179176 0.972244905223149 1.279970579533909 1.382348331301619 0.8303559181895255 0.9808430942063924 0.6882409006099318 0.863850543700917 
1.3784377938725927 1.4772953635330817 0.9724098294321896 1.1081027551253269 0.8500806321616438 1.0024709076658234 1.295826329056614 1.4005272987758361 0.8512672905006629 1.0034773736444385 0.7083164580018878 0.8854507576462624 
1.3964861268786777 1.4993410814636576 0.9951437949184078 1.134971959373715 0.8721032751713583 1.0287926411889863 1.3081655742086358 1.4174439479374874 0.8668534129508921 1.0243461404938323 0.7222795785183256 0.9052833620168936 
1.4133319060301617 1.5201864046895202 1.0163659070447266 1.1603703225276187 0.8936484305378988 1.054545942955 1.3193021513977947 1.4331844944328869 0.8809374251800465 1.0437961369361595 0.7359745970363718 0.924726032878306 
1.4257610598030022 1.5356378357056002 1.0331571325072386 1.1801705907412623 0.9114267064611284 1.0752151431460495 1.3273019888520396 1.4446866554414421 0.8923842392213008 1.0591216139851833 0.7480873018642811 0.940756915473163 
1.4362421425088632 1.5496458811801004 1.0462816148238723 1.1972117952386074 0.9248161239502962 1.092655356577933 1.3332767932572926 1.4547294843298013 0.8997448155107368 1.0715183611018757 0.7550631620192114 0.953273960505819 
1.4419683494957474 1.559575296017313 1.055913210897321 1.2115919659470715 0.9369368692433284 1.109438182120793 1.3343771427701727 1.4606727019245243 0.9034613146933798 1.081316202665756 0.761012703670241 0.9654753845373221 
1.447547461660007 1.567831167957293 1.0636983178318606 1.2223563428142914 0.9466680986271427 1.1219988442143467 1.3350388350899496 1.4645919597820856 0.9046486327842042 1.0867796769623224 0.7636200144039769 0.9725309475067258 
1.4515767550087215 1.5735097886450056 1.0684171187704032 1.2289723833193527 0.9518773469736792 1.1291273014862628 1.334861524594087 1.4665310324441314 0.9034906495596122 1.0886474788110474 0.7621356164368976 0.9745299775387364 
