1.4180476738492611 1.5048995216788728 0.9812129068195647 1.1030150196390345 0.7993902749654264 0.9449276039725476 1.5774693331375098 1.6559809364933222 1.2001371005803043 1.3016114724560857 1.0566811739542348 1.1706572805177866 
1.4095749277911764 1.4949033556981202 0.9708655329434144 1.091061157258153 0.7890404102816916 0.9329626653181251 1.574595501040664 1.651419255585177 1.1979271254535895 1.2972524672235162 1.0559518378683284 1.1674197401609672 
1.4017526845259116 1.4857884365466034 0.9605110530210468 1.0794619829227892 0.7784753672246798 0.9212386156559005 1.5714197579818066 1.646820192181162 1.194584007165507 1.2921639368809206 1.0537900002256615 1.1632411848690707 
1.3992250366645604 1.4816510111861498 0.9579410007035611 1.0747604275134715 0.7766870273340093 0.9168978973413234 1.5815516100427898 1.6549213005303123 1.2087703474311986 1.3032976515550623 1.0708489764803162 1.1765103255598484 
1.4033070122435505 1.4835693368400145 0.964946693352498 1.0783457365854052 0.7866035795824475 0.9221998687984725 1.6104099296427354 1.6808115742378502 1.2471053250996567 1.3367793753989174 1.1148519015061686 1.214331984628553 
1.4053512686115526 1.4827541735527505 0.9685860479008047 1.0778249779941547 0.7909691246743453 0.9215095806274072 1.6301309054208193 1.6973139131604678 1.2729782059438803 1.357947445156881 1.1436549902868873 1.2375356511261 
1.4074844759711314 1.4807267518957474 0.9714888531011203 1.0748626681486944 0.795198184919791 0.9186290420946477 1.6450853469530784 1.7081700625054081 1.2919302768956729 1.371358087459191 1.1651752666271842 1.25266618284351 
1.4135420050071843 1.4876571869620132 0.9804029636428737 1.0845334836323544 0.8053604300682584 0.9293160540525113 1.658862269743854 1.7224537543805727 1.3095468686456895 1.3892213312426966 1.1841994985557671 1.271751295804227 
1.4210983463786735 1.4940620342141755 0.9928511347025798 1.0947393423460219 0.8206259569866166 0.9413436212564464 1.6653133616110214 1.7279957882935364 1.3189016104168652 1.3972123353163615 1.1946443167571679 1.280576391926776 
1.4378510577004178 1.5082035735172523 1.0093374405669344 1.1072598719226712 0.8359272658133662 0.9518596266100429 1.6745721067276291 1.7353541700961825 1.3249672242852688 1.4009998217238322 1.198144594875848 1.2817226007487774 
1.4368838482098059 1.5066183636894317 1.0154556502606207 1.1119414904599163 0.8446014693606803 0.9584442303056658 1.6656362801002567 1.7261540829677462 1.3194162353049246 1.3950350900770274 1.1929210646083084 1.2760581361937315 
1.4475223175975698 1.5162529911670544 1.0306797349046115 1.125167982668828 0.8614514333048847 0.9725229278649631 1.6708939368921774 1.7307769416140948 1.3262226073864976 1.4009170844925263 1.1994433126842803 1.2815484905469008 
1.4480476985868422 1.5146564816956518 1.0312322305778898 1.1228455074241739 0.8618907641822426 0.9696379785995649 1.6685954701912176 1.726717395320569 1.3231812495431796 1.395761705773106 1.1959198949522707 1.2757611513534381 
1.4465434831597976 1.5118854127850034 1.0300942511596112 1.120001615620299 0.8608636383725823 0.9666414312412231 1.6647645141436913 1.7218450395642693 1.3191084129638777 1.3904518898085185 1.191653910643556 1.2701765607473947 
1.4338185513959778 1.4988134506292836 1.0108376826806862 1.1010898883321287 0.837855311570715 0.9447791512238508 1.6573667065038025 1.7139050502543194 1.3087480973156218 1.379647673751259 1.1802670395411627 1.258426162350124 
1.429825815423858 1.49361124880355 1.005295182149253 1.0941165858136417 0.8313161035686125 0.9367812787158484 1.653302610925326 1.7087662869428633 1.303697075279568 1.3733531097982412 1.174774073978695 1.2516256728720854 
1.4266138682773064 1.4893666568246853 1.0011001082614763 1.088663095756047 0.8266965854297089 0.9308131679672028 1.6491048958938725 1.7036821496280168 1.298661332011214 1.3672992227603804 1.169507192308427 1.2452842977252787 
1.4271746656045996 1.4890966657888935 1.0021978941025569 1.0885687726843902 0.8283871267370105 0.9310244817745664 1.6444711566408212 1.698489546315667 1.2930036650464685 1.3610436553408565 1.163478874162999 1.2386542877427906 
1.4289791937570435 1.4897584817246485 1.0052091992170238 1.0898827147315118 0.8317015884261193 0.9322694513232374 1.6412490109275102 1.694431206496897 1.2892487401081802 1.3563042105481093 1.1590704516424055 1.2332246792659196 
1.4323102766609404 1.491296826660789 1.0118038368322884 1.093709513906019 0.8402003093480388 0.9372246563170114 1.6378453238412165 1.6896718028683972 1.286379252175866 1.3517488956934791 1.1562703559412653 1.2285823670428206 
1.4419110968508704 1.4982715411505618 1.025839366383295 1.10365592709942 0.8576365663972589 0.9493421300151385 1.6378046790205723 1.6876356734857436 1.2867179026584188 1.349575103809225 1.1570812570522782 1.2265997860841489 
1.4443197108957908 1.4991414534266272 1.0299012007382553 1.1054692005578899 0.8624729672761344 0.9514332816241505 1.632760928477314 1.6814499456308831 1.2808377358440453 1.3423527761591214 1.1505252894057132 1.2186361686992966 
1.4461433554515024 1.4993561572476801 1.03329711144304 1.1065447131844832 0.866702692113351 0.9528440786805206 1.628314169242696 1.6757521641091593 1.2758445633213045 1.3358583875233672 1.1450982428405565 1.2116056567697802 
1.454609067957453 1.505815593830815 1.0471479890560123 1.1171893183449484 0.8839668553650925 0.965914314742281 1.625004124992934 1.6709971478982395 1.273290923804945 1.3314889555246225 1.142868438204525 1.2073695909223696 
1.4604328079805693 1.509997463364098 1.053888733513178 1.1215657873553428 0.8911626892021512 0.9702573325494686 1.6270665382294636 1.671697901107138 1.2748188090179757 1.3313118900415521 1.1439634923484272 1.2065988664697187 
1.4840174005658595 1.5320280004955034 1.0844601630222523 1.1492849926377053 0.924917318024833 1.0001370877545988 1.6401932196062299 1.6837564986547937 1.2899534866196727 1.3449097169558446 1.1590505587083981 1.219918172158383 
1.4897098680085494 1.534543319988735 1.0943423044194398 1.1546310186904083 0.9366623445201852 1.0064412837925767 1.642094828998024 1.6828734763796265 1.2941503065030933 1.3455157843377572 1.163862656941123 1.2207227344086167 
1.4809255993845505 1.523218356609613 1.0784229833013066 1.1358035313875767 0.915709359410774 0.9826378589859492 1.6452182461340776 1.6833884306399667 1.2948353476069805 1.3430011572640175 1.1628095619715595 1.2162152804551052 
1.4726069844160627 1.5123898954472585 1.0601685934562342 1.1147687257233987 0.8900345850308121 0.9544178476175778 1.6471139767699654 1.6827763718839677 1.2916541984877261 1.3368329864911959 1.1561032326185106 1.2063691598225519 
1.4552722175391277 1.4923246530501497 1.0405051903480589 1.0917264740314994 0.8678461125921174 0.9286401445669092 1.6375279761583466 1.6705428805215539 1.2830945782370256 1.3249706938876988 1.1475354115238667 1.1941746788729235 
1.442582340800916 1.4767454504723048 1.0271192497420396 1.074573063449224 0.853747747517175 0.9102848630459862 1.6314350120156946 1.661720046798091 1.2788707290538204 1.317286474966873 1.1442996132266452 1.187078312635965 
1.4320886874615169 1.4624250264663998 1.0143590857064624 1.056756028624985 0.8399599399705024 0.8906972830514586 1.6336092861682838 1.6602675233634037 1.2832480842982974 1.3170173101122284 1.150362548006171 1.1879153762517136 
1.4397688941858169 1.466258640385471 1.0173486768385018 1.0545037989998187 0.8391427243711584 0.883821499911068 1.650974874098649 1.67412603072321 1.2991466031611096 1.3284433854496962 1.164879426423632 1.1974656612801262 
1.4276054126110618 1.4501746166018767 1.009733673854844 1.041398721257329 0.8364382643784298 0.8744016094658107 1.6500376528662608 1.669602785214615 1.3054229712535321 1.3300670428201729 1.176518598185511 1.203804475982873 
1.4251823809442214 1.44322313553859 1.007551764900365 1.0329127547638475 0.8361563364310769 0.8665481053893317 1.656166884801722 1.671716767372344 1.3141173807213113 1.3336613851776018 1.1878136850170737 1.2094004921091441 
1.4269527093476855 1.441400484145437 1.010776421131152 1.031072400219645 0.8417515027100931 0.8660178481386511 1.66526077270039 1.677657522283586 1.3261102442461938 1.341644401797548 1.20226660882464 1.2193794814063013 
1.4327243463894859 1.4450622776881208 1.0189814649625282 1.03625728446037 0.8516742799551833 0.8722700343340816 1.6781523337698456 1.6886980751446303 1.342318676223042 1.3554797535179859 1.220182478868296 1.2346461903708201 
1.4391875284705604 1.4497151307843896 1.027080098972422 1.0417805661583441 0.8618430467928601 0.8793103295340047 1.6910776857924654 1.700046163404159 1.3577100305238967 1.3688643998969365 1.237439467038772 1.2496678170238682 
1.441525470865794 1.4502902299797962 1.030281413961666 1.0425094052212909 0.8680380065151814 0.882516882997062 1.6976163119842038 1.7050651631931402 1.3657910716924642 1.3750386611055159 1.2479565057784867 1.2580705498241542 
1.4446121602573059 1.4505203579141106 1.0338640237300454 1.042103562379133 0.8738783356756705 0.8836109781590991 1.7011822011422761 1.7062021851595666 1.3696683567503778 1.375898405640213 1.2533075973133172 1.2601130697851206 
1.4494234953704488 1.4534179689448903 1.0367652782244832 1.0423423457060017 0.8760689101502747 0.8826619165070453 1.7122052026646484 1.7155879399062848 1.3804710896037953 1.3846644910417432 1.2642448032054117 1.2688223855023562 
1.4525066157574809 1.4556004755217862 1.0388777433457943 1.0431990419566393 0.8784311825175891 0.8835375588729943 1.717315679058236 1.719933259478184 1.385158705109003 1.3884026483190135 1.2692671173315924 1.2728064623733062 
1.4538356957460152 1.4567844832799737 1.03958138489745 1.0437012294355603 0.8795409037817968 0.884406581796687 1.7207277142433952 1.7232198545354853 1.3885226293313695 1.3916098205550649 1.273129152036548 1.2764954517213525 
1.453633337118133 1.4566741532893346 1.0375386217299092 1.0417946542679126 0.8766919780522688 0.8817247498291061 1.7200072562699262 1.7225779145516755 1.386312185051116 1.3895003362724312 1.270418792060791 1.2738970198965063 
1.4532572656282783 1.4569427679978992 1.0348608591020245 1.0400300701524836 0.8717984831951591 0.8779283253326435 1.7194192864166031 1.7225354079441677 1.3839736269529779 1.3878431284627886 1.2666801481437138 1.2709068206683685 
1.4516876747872942 1.4557181647315323 1.0305416196977881 1.0362115131233296 0.8649861471314672 0.8717335055676937 1.715962505473048 1.7193736040166898 1.3780951509200445 1.3823402312706305 1.2590993804260808 1.2637442461943558 
1.4468121600478792 1.4510876517710465 1.0240376803918938 1.030069472182537 0.8568291517347028 0.8640290168289547 1.7086866197938142 1.7123083575461548 1.3693055572305295 1.373822279526144 1.2492000374089054 1.2541493850903132 
1.445355670740296 1.4494271808204546 1.0202418774688335 1.0260017671042923 0.8510581896328419 0.8579546489769317 1.7047673129612528 1.7082206323836304 1.363111171159979 1.3674275858344858 1.2415629740537246 1.2463004277063896 
1.441042968442371 1.445056471276192 1.0140495696449952 1.0197450161570782 0.8435367819468218 0.8503750177287664 1.6980104731647563 1.7014179190478744 1.3545963456975658 1.3588651986334772 1.2321481374320213 1.2368396827629682 
1.4368569862926512 1.4409825006633497 1.0091617562402966 1.0150271023071256 0.838076477093827 0.8451300193567851 1.6912493229142767 1.6947556875308016 1.3469126636341346 1.3513128030245254 1.2239846627543989 1.2288250578573012 
1.4334346046577255 1.4375221429147622 1.0054876127681784 1.011306325981525 0.8342312826969809 0.8412353883249623 1.6861391429862038 1.6896154459078108 1.3413932246400568 1.3457603533505695 1.2183071356231359 1.2231138222791247 
1.4295449470182355 1.4334951437257712 1.000392116495012 1.0060288058924405 0.828634984746221 0.835431331400355 1.672472844032264 1.6758505260211516 1.324519175106714 1.3287816286980227 1.2000844122083123 1.204787187832511 
1.4276375661615452 1.432309276069823 0.9987733988826797 1.0054397765732466 0.8271430253079936 0.8351804752960046 1.6698828717774372 1.673878623872012 1.3220847504814737 1.3271280757544315 1.1977167317256865 1.2032814348504095 
1.4272066864189155 1.4320671264011544 1.0004521872427787 1.0073737676348635 0.8301907685338715 0.838518956803518 1.6682590376673703 1.6724190699459451 1.3217692196290771 1.3270158999495296 1.1980759588435366 1.2038618408766264 
1.4230589872131723 1.427451952224025 0.9982832168719357 1.0045355025623435 0.8303508903398491 0.8378572646389002 1.6639974814969463 1.6677559213650481 1.319227091303154 1.3239646193339836 1.1971939435313645 1.202412380694818 
1.423235657578674 1.4268953610000281 0.998939506178127 1.0041467876975956 0.8307590125923402 0.8370132443655836 1.6641744307984665 1.6673053620628107 1.3197563927192777 1.3237022211824683 1.1975129795218922 1.201860212488707 
1.424801382301828 1.4273525147801434 1.0008631975495952 1.0044915941157497 0.831838939584581 0.8362010785984435 1.6656387565523323 1.6678215401442686 1.3213707384868185 1.3241211617405713 1.1984362768746615 1.2014681569518186 
1.425580428751605 1.4274603816707523 1.00143063526118 1.0041050242079312 0.8310053884540161 0.8342263110449167 1.6660296912539134 1.6676386042963895 1.3214532494718116 1.3234811192229414 1.1974745629614059 1.1997120118343443 
1.4265177412460388 1.4279366215451232 1.0021559154591166 1.0041745903724613 0.8302810197094115 0.8327164587959698 1.6666329424650468 1.6678475631692784 1.3217522376412685 1.3232834566976572 1.1966950616216732 1.1983860811815614 
1.4298969397903822 1.4294922430646135 1.005565726952694 1.0049901719827414 0.8318480173817211 0.8311521753457065 1.6708986557065333 1.670552343448687 1.326069187652703 1.3256327941786519 1.1996950375999311 1.199212657455674 
1.4312482826892476 1.429640289436794 1.0070495760889433 1.0047629368069466 0.832252396031949 0.8294840331078833 1.6719405251446358 1.6705642250751451 1.3270502332696075 1.3253158235307234 1.1998156206771604 1.1978970047967061 
1.4345037129394682 1.4305753603767681 1.012927964288241 1.0073569477186923 0.8391665503564355 0.8324334559093117 1.683433397018462 1.6800871886533506 1.3424493139769262 1.3382507686816847 1.216695359980106 1.2120612848685168 
1.4400125974988414 1.4330999586055957 1.0188018163290444 1.0090076071840886 0.8439391452915076 0.8320892328082129 1.6883615066434556 1.6824695502490854 1.3471768395854196 1.3397852990368866 1.2203120818525723 1.2121471806325168 
1.444439875907966 1.434545374142282 1.0243896328609636 1.0103900213645323 0.8490393187085153 0.8320947302278869 1.6930044542153515 1.6845705557657773 1.3524909045139712 1.3419185974391368 1.2250409346601523 1.2133586308066628 
1.4471316974250028 1.434220706164909 1.0285506856213602 1.010304606142212 0.8536633974185435 0.831588889050455 1.6959725185545225 1.684969337404147 1.356484112288887 1.3427017655429556 1.229176077741578 1.2139492223285824 
1.4480506390729158 1.4321855099530507 1.0305075379246287 1.0080924894668544 0.8568192563892808 0.8297252073545073 1.6957292439182263 1.68220163781857 1.356684488405274 1.3397378410269225 1.2299537607078894 1.2112352930291785 
1.4520120010344166 1.4321378475928812 1.0365985236088127 1.0085714959822978 0.8639480002569424 0.8301121071927393 1.695962550597144 1.678978539585295 1.3573822678331884 1.3361012627746334 1.2305918368931146 1.207077558563645 
1.4559232492955803 1.4325171896209135 1.042489089362282 1.009542714380823 0.8706903094897749 0.8309600506398608 1.69494173332283 1.6748792404467254 1.3564285727451335 1.3312743758066554 1.2293154951270238 1.2015030492176872 
1.4669418628166728 1.4356051474775544 1.0564951551635484 1.0125343073022515 0.8866327294229839 0.8337633402015527 1.6982028562936908 1.6712081413468671 1.3594692071260936 1.325594295289494 1.2321088057164635 1.1946279001028102 
1.4767503593781754 1.438738599886571 1.069622989993937 1.0164991272025616 0.9009118589093885 0.8371495161579978 1.6954953597116007 1.6624926013921297 1.3557308846535767 1.3142234842231248 1.2270106227753572 1.1809878082705045 
1.482245412270522 1.4434377030121563 1.0760637147478813 1.021946211146658 0.9072055413174073 0.842308040135561 1.6904611971580448 1.6565385595804916 1.3485253854106751 1.3057494611819718 1.2180433042782222 1.1705086208042255 
1.4872637518100045 1.4485289858501176 1.080953560264256 1.0270069887045414 0.9113943885321931 0.8467127534459192 1.6820976540759964 1.6479488078359625 1.3363980132610085 1.293152119917827 1.2033863809466891 1.1551716483916883 
1.4985200288701417 1.4536867853925652 1.092241826211105 1.0298714483006945 0.9221591060792981 0.8473608499482201 1.6786923193262575 1.6387955626206003 1.3286977959509718 1.2779205085078533 1.1928214631557272 1.1359868115717586 
1.5173919313854218 1.462281302018726 1.1136058402476077 1.037259032370208 0.9437031638357369 0.8522699069153972 1.6802541152020967 1.630656991661208 1.3269866561701291 1.2635987964752025 1.1880030638233137 1.1167540519082884 
1.5324922902189786 1.4690909400648453 1.1312118042084827 1.0437124683458612 0.9625144946340342 0.8579800248144535 1.6809258066614987 1.6233321096130053 1.3253750766860717 1.2515249356287752 1.1846573767552415 1.1014121258187644 
1.5521144463506065 1.4801060193953168 1.1565497191950938 1.0579517130050171 0.9916038177469114 0.8746043136471773 1.6932456838126737 1.6274936312717938 1.3400108000125408 1.2558994857193986 1.2005414705666146 1.1058726855430736 
1.5747767331169997 1.4950749452407561 1.18521611901233 1.0770629422121298 1.0251797200328585 0.8979536686748654 1.718021940473011 1.6452740564011366 1.3698229365675878 1.2773966534583727 1.2339655939881995 1.130485922011703 
1.59152596157998 1.5058305122765576 1.2062142668626832 1.090652787509884 1.0501058750350272 0.915037154493237 1.736637320220627 1.6584570622428187 1.3920873367655782 1.2932431320146571 1.2592365323413548 1.1490201432973577 
1.6045485175785024 1.511842525127326 1.2229932400726384 1.0985464672845524 1.0696106699464858 0.9247479985289885 1.7517415271789871 1.6672403106821074 1.4105796319397819 1.3041574956896005 1.2798786731731138 1.1615426352757656 
1.6128270713051538 1.513431719878621 1.231341092441392 1.0979368354940826 1.0776390350830654 0.9222636817823632 1.7612580498764967 1.6707167105930198 1.42021816713305 1.3062480817420403 1.2892341316668436 1.1624926043011028 
1.6182324694978314 1.5130020637451391 1.2376321723909127 1.09646354873158 1.0845997155342841 0.9202475006741664 1.7694083635828814 1.6737099141359744 1.429637375671555 1.3093364523593813 1.2994176290619772 1.165755160519159 
1.6264294904016097 1.5155804704627331 1.2471045136828107 1.0986268444053422 1.0939984135491423 0.9211643740658015 1.7797228208145335 1.6790248938380992 1.4413223441437522 1.3149605982416508 1.3110960912641147 1.170762245602428 
1.6339546912249678 1.5185685480530933 1.2555582319335412 1.1012125026243027 1.1027526171250197 0.9232041143409621 1.7954096252098237 1.6910760551956496 1.4594910972993567 1.329043552806333 1.3303199329094038 1.1857460208898363 
1.643747632884878 1.5243424179017782 1.2674679234657733 1.1082366459446464 1.1153752343559722 0.9304705475267016 1.8121173327504596 1.7045476684606504 1.4793031751654695 1.3453815111166942 1.3512678714654027 1.203178451791188 
1.651959996354261 1.5289561074519995 1.2764621974640573 1.1126952370324814 1.1243716705586146 0.9343161148748158 1.8297804971293061 1.7195440141603735 1.4994934410242582 1.3627969506257234 1.3723470740577146 1.2215037620223568 
1.6592641288666283 1.5327688927570036 1.2838891804760761 1.1156139372576563 1.1311553943395798 0.9358074350012027 1.8450218029453014 1.7321456297331153 1.5163506955000647 1.3767870064042331 1.38941013748408 1.2355903687725676 
1.661822284152722 1.5327288262202712 1.2865628457664127 1.1148310664520298 1.1328312354921053 0.933226102681751 1.8519008950012876 1.7369920194193669 1.5241809528092687 1.3822922728303773 1.3968501096776884 1.2404815917725542 
1.6691947862688914 1.5361795867174024 1.29514560050492 1.118498374897009 1.1415187333141976 0.9363233985366648 1.858402206958238 1.7399124262350818 1.5312901928854799 1.3850942722310458 1.4037494601342684 1.2426379339804696 
1.6742805387134798 1.5383621895492297 1.3012054873519017 1.1209275731440902 1.1472028758309056 0.9377725429093666 1.8569789594270312 1.7354289843363513 1.529147230895279 1.3789975190966441 1.400439206732909 1.2347359538276592 
1.6798925754800782 1.541111721178283 1.3076346462040114 1.1237858514650778 1.1536013136058272 0.940096943273985 1.8504576428475983 1.7254505962133744 1.5205468722709898 1.3656679914141245 1.390305870509468 1.2189900268554659 
1.6799685665152668 1.5365111704375467 1.3071865301017145 1.1168298065861961 1.1518441493879978 0.930224240105234 1.8319649746431728 1.7013723462897123 1.4975105703531313 1.3345823694022638 1.3640184120162602 1.1828433627151822 
1.685321502407327 1.5396535177358865 1.3135342646754558 1.1205340925989222 1.1578217662820518 0.9331535943650916 1.8238793117792882 1.6901952940818672 1.48714472797253 1.319781735794404 1.3515836710823677 1.1649046347819594 
1.6968955760297244 1.5504825290048418 1.3282368222381318 1.1352332503715923 1.1737280076530723 0.9498309916765456 1.8344339959914748 1.6999086923859323 1.4999688482262723 1.3320840898566613 1.365038800052676 1.178079964369673 
1.7091493024976607 1.5636392014234741 1.3438465837394684 1.1531261226024845 1.1901375815544353 0.9696410042011632 1.8451980350272001 1.7112954164808132 1.5131054460506843 1.3465750275674355 1.3784019418399844 1.1932175523634572 
1.7225741495723805 1.5792970209479311 1.3596359324374339 1.1728287378705426 1.207135467449702 0.9920148266911186 1.856272634166385 1.7241419523795045 1.5254823041762922 1.3616216948752726 1.3912808589048473 1.2093716583230358 
1.7295652937649855 1.587857930986384 1.3667885064619034 1.1823736824694469 1.2132780132337189 1.0009696503872434 1.8647987929630263 1.7341773962995712 1.534336747339501 1.3726201068891422 1.3993291143388533 1.2198437087743494 
1.7303902889659 1.5909770924018645 1.3685674724132129 1.1874066207274954 1.215514220791962 1.0071903381920868 1.8714893310536105 1.7433960745187798 1.543113311020124 1.3849751792171188 1.4091474674594886 1.2339587276110535 
1.735027428041773 1.5984305727985966 1.372452817424792 1.1951095581816966 1.2182574834809141 1.0143034141997402 1.879412034642018 1.7540951273968155 1.5509662007784857 1.3964799590245647 1.4163406073248235 1.2452633600798064 
1.7304706630966038 1.597499431185501 1.3669086846742908 1.194116857362796 1.2110641884879596 1.0120040441806544 1.8805246367537969 1.7589339459564703 1.5525087909052238 1.402768428015829 1.417222869642598 1.251397770110687 
1.7285777039109378 1.5994624357133274 1.3621613518441968 1.1940614528817224 1.203043099168941 1.008767516952251 1.8835435334066504 1.7657959811478816 1.5541038936435396 1.4090912380105163 1.4167102958043363 1.2559328274386372 
1.7176440721829684 1.593835523981471 1.35123329040743 1.1898915597252089 1.191001482578964 1.0042385425312506 1.8775100452315268 1.7649516958674223 1.54937865492761 1.410880836621325 1.411817035860274 1.2582678019981637 
1.7113336484109374 1.5937633143548917 1.3420695279244998 1.188515571535977 1.1780873903847244 0.9996542129073883 1.8702699565366199 1.7633287714783903 1.5396095193014008 1.4077699094395681 1.39897703824026 1.2524198176025043 
1.7042265493661604 1.588668983635197 1.3335961369037068 1.1823534430805749 1.1672722309574959 0.9909618908739579 1.8683652790031422 1.7635957087111802 1.5378164196627924 1.4086732582769115 1.396039091639088 1.2523602330737311 
1.6946551119398572 1.5824266998581293 1.3216171055278794 1.1742615064898834 1.1526430144775484 0.980206218519292 1.8661126811325972 1.7648214784175453 1.5353150699071152 1.4104647021049093 1.3925180462327553 1.253524958301146 
1.6845389637674428 1.5749317391082986 1.3089651526494852 1.164529189522826 1.1372577285957173 0.9675193040196615 1.8620223285532025 1.7634811069106155 1.530635620397843 1.4091074710009488 1.3866545254066314 1.2512190996107317 
1.6773107908083102 1.5701406096149477 1.2979881924586216 1.1561761945144864 1.1226853194738051 0.9551923217666691 1.859068602865962 1.7629821652989006 1.525627060903811 1.4069498832446021 1.3795604038105762 1.2470593220701252 
1.6759102089393811 1.566495392788386 1.2943605990709237 1.1491745505480184 1.1170209006223835 0.9449700945676749 1.8601515041811083 1.762213496063187 1.5254041925034953 1.404311481725917 1.3781234641741067 1.2427618716822786 
1.6769484935423509 1.5639122023930756 1.2962163845569767 1.146229489410371 1.119126758322738 0.9413340682212453 1.8603960354381428 1.7591868961181925 1.5261369775593407 1.4009850823880887 1.3788987852173777 1.2389620602237825 
1.6710352913789135 1.5549596058527726 1.2902915017288963 1.1359544842262872 1.1136287773911961 0.9304351050093768 1.8552162940513999 1.7513902844636913 1.5212891612424675 1.3927889800374678 1.374640900931516 1.2309256830994346 
1.6602530892880039 1.5392965138953445 1.28229083880778 1.1212775002158744 1.1080737114878054 0.916962805838034 1.8450332606786146 1.7369919891036805 1.5139277419382868 1.3802067399525189 1.3695016475383883 1.2200525397745623 
1.6532776938805562 1.5301453542337116 1.274027031535442 1.109577644458922 1.1000486085091923 0.9045024118724119 1.8368290657715025 1.7268348759690402 1.5045792637355502 1.368128807116863 1.3604120055567763 1.207782470837779 
1.6461685856298436 1.5195263368282104 1.2646317495281225 1.0947066903579972 1.0902738332705963 0.8875732688147835 1.829050733663383 1.7159591668552487 1.494941147976923 1.3542297854923144 1.350648957173758 1.1930389270742847 
1.6362864524647909 1.507704565662587 1.2523890969342597 1.078989412793198 1.0774624010701301 0.8698648909571015 1.8177413704319463 1.702916143731044 1.4816304483169243 1.338270708107971 1.3370398501839091 1.1761867469835774 
1.6387222660233918 1.5079565756217386 1.2502126063837462 1.0731048084697226 1.0739974195317417 0.8613900544821956 1.835054965792807 1.7192873803645627 1.4983482984542813 1.354093790060659 1.3548012841302004 1.193318435406426 
1.6318130264703277 1.502969094944487 1.2415492685182696 1.0665584527620837 1.0663950013753112 0.8563297530497525 1.829692383696847 1.7157728771484442 1.4921142891073225 1.3500027402780521 1.3498736105866542 1.1909076838942008 
1.6174521806048827 1.4933967887147372 1.2259251757523744 1.056870355598779 1.0520249030053852 0.8490222662236191 1.7899546714326287 1.6786959634738774 1.4459179457298017 1.3056650097875373 1.3017459682224832 1.143951475274843 
1.6114510656458048 1.493520691510834 1.2182336710873658 1.05731868250353 1.046775285231267 0.8541475380582678 1.7799153693282723 1.6738961260995258 1.4336727180116808 1.2997103451811869 1.2911478160036518 1.1405666143505164 
1.6056421249322157 1.492814944980402 1.2107288303153767 1.056538748535443 1.0403402749854684 0.8559893190670314 1.7697706117790635 1.6680820857850012 1.4212197878994086 1.2923913927742015 1.2791830489483669 1.1343364136431662 
1.5940861148300647 1.487433101653318 1.1986738651918671 1.0526945072023557 1.0308456764686023 0.8567318711790815 1.753936963130092 1.6576011465470244 1.4042803723736974 1.281932156798483 1.264051873078795 1.1265761528782732 
1.5895029343091538 1.491677995472686 1.1927400798905896 1.0588732512333143 1.0269690054609293 0.8678991889484688 1.7450442259660384 1.6564308058525747 1.3933013566983312 1.280575001543217 1.2543225703850704 1.1277893307605857 
1.5786787875376962 1.4851822002102941 1.1812838943376356 1.0530769642440623 1.017850796443904 0.8657711576516567 1.7286168732201739 1.6436714233634075 1.3752531473083383 1.2668309566716034 1.2377034475113535 1.1159969881596858 
1.5671742198519623 1.4719555004716027 1.1663008537116855 1.0348312139516311 1.0031163079965386 0.8466760226725489 1.7128908888147565 1.6262266622413393 1.355808925691451 1.24452231919906 1.2182784940171136 1.0930784276457963 
1.5588597390629484 1.461300859806564 1.1571440826757071 1.0219290312303508 0.994828211336713 0.8336904022905648 1.7001741565402655 1.6111947987029387 1.341465953562521 1.2267385301552258 1.2042556400396902 1.074982866545976 
1.5500981331726724 1.4519587597674406 1.147172500744942 1.010635821681284 0.9853767150006154 0.8224033609278382 1.6873022029053966 1.597613451849165 1.3267212397219712 1.2106069822735221 1.189601518126723 1.0585517415456858 
1.5449826118758865 1.4450714275075942 1.1431944946503356 1.0040686292275227 0.982678845909912 0.8166503987624302 1.6774339016887778 1.585889231357233 1.3167030326291636 1.1979010959736351 1.1800300579793874 1.0458159959260693 
1.5403130417253084 1.4381473639752889 1.1376155688584224 0.9949234927918188 0.9777909891735922 0.8073281814163755 1.668193652103098 1.5743486383000025 1.3055554285119695 1.1832914057479975 1.1689230141104554 1.0305748817611808 
1.5372683139141 1.432018441838058 1.1346997249335613 0.9874342583505495 0.9750562766139704 0.7988852804779292 1.6614665353729816 1.5645938760471674 1.298006411757777 1.1714536242482243 1.1610391559996156 1.0175926840166942 
1.528959145330603 1.4199623558707772 1.1251666540073468 0.9718935246672283 0.9667393911960391 0.7830466617578344 1.648149789041666 1.5475705964892483 1.2824514253249861 1.1503298145827954 1.1459784943523539 0.995913517087748 
1.5299658971537076 1.4157687273892403 1.1264881707560666 0.9657023567607924 0.967469498874951 0.7743401541011217 1.6452035675658343 1.5395779362316637 1.2786222003122536 1.1395087424549883 1.1410067324653912 0.9825995148234853 
1.5273262607760827 1.4077283860376797 1.1257126486169773 0.9571847623401921 0.9683282231021928 0.7659198715637623 1.638824487563586 1.5279788621044632 1.272890082229432 1.12659791560168 1.136080869409414 0.9693572323132738 
1.526499201204741 1.4006528632315403 1.1250233203266105 0.9472624257716081 0.9680300880028013 0.7541292218703048 1.6346101063394145 1.5177545360653522 1.2678437836527618 1.1131291442357223 1.1308548269990057 0.9541809428755907 
1.52644882002892 1.3954397178551576 1.1246718322104816 0.9391979217224032 0.9672923964177954 0.743545954307924 1.6309542504264434 1.5090453183997097 1.2628746956781112 1.1009352855568222 1.1249979319910244 0.9395883955137386 
1.522644239503569 1.3850372128189923 1.122820771491783 0.9276901884214378 0.9667334532814114 0.7310650931985486 1.6245155795200619 1.4963066092560717 1.2575101879918917 1.0868369121921664 1.1203476950051723 0.9246953868725649 
1.5176877449950474 1.374059815331251 1.11954008419 0.9154421253733915 0.9639167126407511 0.7167982377964892 1.6174391169995093 1.4835004489383048 1.2514404524387697 1.072738314222137 1.1143915984967547 0.9091385590767518 
1.5143569319567989 1.364865841892751 1.11716312280956 0.9042318795340099 0.9621397240347205 0.7037717652517811 1.6119955410600888 1.4724508390427193 1.2463170343045176 1.0596640972485611 1.1094888713266158 0.8947331471436654 
1.5104734893753866 1.357007384690981 1.1128666632197481 0.8935385218925127 0.9582782153977291 0.6915461069992778 1.6063933228477563 1.4630237139875266 1.2399361095192996 1.0475592755018 1.1032980031205788 0.8815925156725507 
1.5049086428177378 1.3459292876030027 1.1084419800907608 0.8805789273128936 0.9552681420562116 0.677726233244314 1.5996584843858161 1.451097133436465 1.2340181792289473 1.0342033120559644 1.098496457284923 0.8680265495176552 
1.502899147145411 1.3411095689355153 1.1074012465635046 0.8753322513711028 0.9545114327709248 0.6715363762972216 1.5957125001560912 1.4443570931575072 1.230418651335554 1.0265471674279774 1.0948445606360766 0.859391436630831 
1.5029812493369166 1.3373502868203073 1.1086866245510312 0.8710563617001822 0.9566116803898845 0.6668276095501434 1.5932293722933804 1.4380309407444467 1.2282561737432296 1.0189045009903326 1.092946981302551 0.8509325811945142 
1.5011743721072934 1.3327532066634566 1.1070856506484612 0.8650695071910272 0.9534876508228759 0.6571493853544463 1.5895444977350357 1.4315580060478608 1.2242409291800886 1.0106792107685438 1.0873205208583743 0.8396264225712091 
1.4975015449915585 1.3253696616612682 1.103586377612602 0.8555680894307038 0.9503947540112501 0.646021711130597 1.584873178598245 1.4233470606426615 1.219514250773686 1.0006542213172862 1.0828491600588257 0.8286471904496536 
1.4978448194245833 1.3250735891553578 1.1037371422023734 0.8547026340646566 0.9494515970164369 0.6432256592184911 1.583879015306113 1.4216024932192057 1.2179364971652102 0.9978227421376314 1.0800888700135107 0.8239374252496741 
1.4980093544067636 1.3254696594378041 1.1054154666414653 0.8571937622790825 0.9515916571146303 0.646811003377469 1.5829163442065308 1.4207258514422016 1.2180047129449738 0.9981849893462476 1.0803327305770978 0.824594810168102 
1.5006890527606138 1.32849721937065 1.1093731292381066 0.8622911159669621 0.9558226648680961 0.6530192918096286 1.5843300761557073 1.4223006078222524 1.2201405234691407 1.000789751052412 1.0824191072831026 0.8273260255857716 
1.5011946040332371 1.3301627704828112 1.1114600458759227 0.8666551738601163 0.9576443744827765 0.6578985520416566 1.583451285927833 1.4223451521014538 1.22027708710215 1.0024090612651646 1.0820422744544262 0.8285911178057054 
1.5026020927089845 1.3321290050942587 1.1132688673511981 0.8695528783308234 0.9588973318418504 0.6604837092717879 1.5837879467294287 1.4230737498125035 1.2206304855300887 1.0033411281341056 1.0816909467151048 0.8287399721296298 
1.5043791849578765 1.334519388744324 1.1150738890918954 0.8724534629047699 0.9603045475965033 0.6633024128815791 1.584772617936253 1.4245313325302904 1.2213669786597823 1.0047500004282284 1.081911430090525 0.8296490880851523 
1.5063093884619332 1.3359937257968553 1.1171935836588764 0.8740896778755385 0.9614672916790059 0.6635741213825043 1.5864765628015318 1.4257696679052205 1.2231358934797731 1.0059685261073343 1.0827554033661355 0.829620711601731 
1.5256587537357507 1.3588512843024891 1.13527992180366 0.8987228053468567 0.9776289525431028 0.6889125843316581 1.6621560816711902 1.5104982687300652 1.3130075048667942 1.1148232540795533 1.1793585442250056 0.9537970202493422 
1.526166407379405 1.3613465187134979 1.1353762420507838 0.9017536537288662 0.9770601409398297 0.6919009755834717 1.6604455431881409 1.5103509005834903 1.3103338162061453 1.114026548558588 1.1758154693204883 0.9521672431318775 
1.525801430311261 1.3633946869266764 1.134102714016632 0.9038606272760698 0.9739379072301736 0.6923367061913518 1.6574231711545155 1.5092470426937699 1.3058217832001004 1.111730901378517 1.1694172098442412 0.9477930566742353 
1.510148973752156 1.3468244647780534 1.1172660018655762 0.8841207694227582 0.9563360888958912 0.669301823488245 1.5866137048584605 1.4320367538735483 1.2186371258273276 1.0091891103478525 1.0730199627428607 0.8275010915066455 
1.5067389141608973 1.3463025613311295 1.1114732231802797 0.8818396436125788 0.9489280353360627 0.6653817306229258 1.5820675090294851 1.4301070010061345 1.2116303782617701 1.0051450665086905 1.064490424535026 0.8218322791949462 
1.503850965454054 1.3488794033185805 1.1060284798761242 0.8838591045506575 0.9415051514979034 0.6665882302419462 1.578363456912599 1.431481442603113 1.2053889306431722 1.0054205053195853 1.056454176061172 0.8209770669860943 
1.5010153958006194 1.3522281420050724 1.1018453869897036 0.8885589380736035 0.9369647673367926 0.6733325365898265 1.5742520087427203 1.4330886632133024 1.1997022236498898 1.0073525475375986 1.0502976453513022 0.8237711292771129 
1.496422912162899 1.3550478211657662 1.0944157583140377 0.891413999018464 0.9276083721302273 0.6762620480598406 1.5678076433115418 1.4334901018235495 1.1901618068254796 1.0066569385973008 1.0388438604651278 0.8222345358996361 
1.48641707259606 1.3508002424137482 1.079268470078247 0.883202135247102 0.9103467621214677 0.6663008393398886 1.556054874875896 1.4270712507877947 1.1733249722157286 0.9959503359229517 1.0200991555849068 0.8098320001241245 
1.476863332081205 1.3459001824229015 1.0653258791778224 0.8747806743670097 0.8944825744786759 0.6560648408854113 1.5438208999900214 1.4190507287077512 1.156363653201708 0.9836152183887763 1.0011776793586642 0.7954110541386762 
1.4708276238314402 1.342024418192769 1.0562076666194202 0.8679114442301358 0.8851563991892282 0.6489972966242927 1.5348228052989181 1.4118699244851276 1.1436440791022529 0.9724286193164206 0.9878506950271585 0.7832909010486717 
1.4647346163653536 1.3385150908297447 1.0471675588839449 0.8618207750912947 0.876169102616019 0.6433097608298508 1.5258038938405418 1.4050810206030682 1.1310127861606871 0.9619589775343645 0.9748345102933933 0.7723195416788052 
1.4727792194977358 1.3402778881203554 1.0583415485486527 0.8644958191826957 0.8910543852001179 0.6490332082292555 1.530678345500569 1.4036532283239902 1.1375343517381618 0.9598179980519016 0.9838066300774558 0.7714542587764748 
1.4815466273554267 1.3421091946739059 1.0707055801798364 0.8675754265931234 0.9075307101295471 0.6556589595424134 1.5353545002468454 1.4012816001176351 1.1440032656545347 0.9565668576885988 0.9929476432462289 0.7695594217656231 
1.4858907820608351 1.3397790597756634 1.076866384939822 0.8641630192350055 0.917347418273666 0.654723452011122 1.534271104470576 1.3932423819326487 1.1426975176368244 0.9449307538721344 0.9938021390666053 0.7581419421278314 
1.492122605015717 1.3400228039846522 1.08647513731281 0.8658287768369043 0.9313672205950185 0.660814759519557 1.5353165630575636 1.38795828309027 1.14507436631814 0.9383104769738477 0.9991055900148341 0.7532882760264425 
1.4953619879389104 1.3377192819020776 1.0925669933567508 0.8643425462006427 0.941153438591503 0.6626878580241305 1.5332989025081216 1.3799967125441315 1.143940857051889 0.9284320581672145 1.000333866482891 0.7443475308164932 
1.4938677799712565 1.3234817425398244 1.0895929662200698 0.8409374595273125 0.9397264708606703 0.6348612595175815 1.5293253285799757 1.3633777684252633 1.1377204615529468 0.9024249705300992 0.9951285628682609 0.7143135414061882 
1.4903549502638624 1.309459040434637 1.086880766678664 0.8214833545337363 0.9390222809795304 0.6126074966697682 1.5278115494314082 1.3519368444479942 1.1376994567002308 0.8876289509564231 0.9974031767424847 0.6988119902920957 
1.4876320799314762 1.2996395254997632 1.0839572285110008 0.8068314348370731 0.9357986007903892 0.5930705794770553 1.5265697618979783 1.3440345713341044 1.1368066264502728 0.8765517651235722 0.9965365291554797 0.6849078368227729 
1.4860436742287926 1.2925787185759365 1.080407512800337 0.79354542133101 0.9308792111307513 0.5735591056860748 1.524610025952673 1.3367384460826321 1.1328681844042625 0.8636111771135261 0.9912850423744978 0.6671431459854849 
1.48072317277402 1.2846851446910872 1.0723221538278318 0.7795829706900735 0.919809854692784 0.5512939101694848 1.517636597736744 1.3270627902966612 1.1227441961506461 0.8476021098309984 0.9781257062310347 0.6438980538796185 
1.4783766251926334 1.2822301963828333 1.0659661729698369 0.7712332413193559 0.9095446321736828 0.5345916839195686 1.5134019558055156 1.3224607027945894 1.114034073013909 0.8364142194128218 0.9654322720087412 0.6249610407345085 
1.4724772997052313 1.2783237925295803 1.0579341573780523 0.7649490190510803 0.8986899601905041 0.5230353381438102 1.5055826162476802 1.3163211366331582 1.1035462371587381 0.8268836786073419 0.9519628463060992 0.6100455566162333 
1.4719947666035909 1.2825415778478138 1.0521071708283143 0.764901173295191 0.8865281072297482 0.5138836355716729 1.502529094489807 1.3174740930236009 1.0944197484458875 0.8221307023754556 0.9363531234466833 0.5957360806501147 
1.4656303687395433 1.2803677876968047 1.042688843218153 0.7605717045562569 0.8747395896903318 0.5063977130394745 1.4937246676451488 1.3124338751844262 1.0818230117406498 0.8133943217970051 0.9210376510933795 0.5827346297686538 
1.4576900389786713 1.2785251854138973 1.0320730641469336 0.7582487782632031 0.861900835211128 0.5026325195783099 1.4828401044676534 1.3071270693462211 1.0673000212768855 0.8055406478990618 0.9037851378605648 0.571484011515318 
1.4517955073890398 1.2803151378762183 1.0237474558088044 0.7612854328535388 0.8510785106410572 0.505797675236848 1.4743823168618784 1.3058713080832276 1.0555339285285907 0.8035225767052224 0.8890599823830786 0.5673837407566418 
1.4441637417146334 1.2818490750018934 1.0136879267719479 0.7649126427790365 0.8390408290918924 0.5113879653288783 1.4612842515278162 1.3011071446899405 1.037933506426693 0.7967647720395334 0.8681775531325433 0.557907162494989 
1.4401826592288351 1.2896437289202936 1.0060724635648466 0.775394517354514 0.8283505489485957 0.5246136555060685 1.4514222744272045 1.3021833489579873 1.0220970250927452 0.7960761171542831 0.8477412097470783 0.5547251700648168 
1.4374031954969488 1.297350089229904 1.0007515663864035 0.7864432625592517 0.8202478703567844 0.5383269233698422 1.441856931663069 1.3022828874652541 1.0071381050207764 0.7945542588047968 0.8280277977126372 0.5501084814696462 
1.4413566181994135 1.3088595970642727 1.0046196219600978 0.803034948696039 0.8218785000395437 0.5577533620044348 1.4392471401143203 1.3065362124056303 1.0015907419336754 0.7992424903164559 0.8181733913586106 0.5522791344304527 
1.4461115950086425 1.3187587301771466 1.0106670777355122 0.8181282205244115 0.8265731781387781 0.5754207695403775 1.4401803735152205 1.3122520152236155 1.0021620153739814 0.8075980115493352 0.8161519355233069 0.5603479499903967 
1.4499993099753565 1.3283106771117252 1.0154888299380798 0.8325435842819343 0.8306939319201808 0.5932652564654448 1.4362967626744167 1.3133391208933853 0.9958252634217563 0.8084424600854474 0.8065375379168721 0.5589401185001932 
1.4456238287934522 1.3276199924584746 1.0091313177061945 0.8313197978969588 0.8227873713028415 0.5913760634109568 1.4302013934322118 1.3108099083297473 0.9869112360164111 0.8042017021714393 0.7953784192291364 0.5526060258225928 
1.4402651336500514 1.3269691297117654 1.0021376380557714 0.8311216888085645 0.8141633472516435 0.5910544577346492 1.420744349982783 1.3057556907813959 0.973874067016881 0.7968149812898854 0.7791102674256066 0.5417529185966609 
1.4407240595378563 1.3304202581632771 1.0033758815774076 0.8373144017221013 0.8146238541383624 0.5982844401547144 1.4158419304043939 1.3034341638499585 0.9673084905505793 0.7937367091745475 0.7697626776424276 0.5355995028855423 
1.43645701262547 1.3307775295371087 1.0008192845468609 0.8421397296891354 0.8132099676718739 0.607347129342759 1.4041721562119405 1.2958624650328021 0.9539024769235532 0.7858053317971888 0.7547192502387164 0.5264610438397984 
1.4281917265727175 1.3332129920049385 0.9912067432431844 0.8486554554415826 0.8032745532199809 0.6188499673190263 1.3889111332589856 1.291045859096709 0.9337201594111375 0.7807423456498053 0.7311583522676602 0.5218407901752794 
1.4304681075540586 1.3391851559546537 0.9963679797792029 0.8601901105739882 0.811061043035165 0.6363944458661546 1.3851473459633419 1.2906630254366513 0.9301308050103975 0.7825095460307753 0.7281580726938965 0.5266802198956118 
1.4364855739594602 1.3471948189455152 1.0058399643052764 0.8735886387732156 0.8237098903094705 0.6556989090990163 1.3834853838742351 1.2905327905146926 0.9285768880354711 0.7833888644815166 0.727350662743659 0.5296055726610512 
1.4401643629875167 1.3514041576150488 1.0141306813321644 0.8835614543534818 0.8349252692422479 0.6703133670301078 1.3825723560447893 1.2898550788748477 0.930534236930184 0.786202118350771 0.7311177282074618 0.5354931720379261 
1.4532996182175548 1.3670278465017784 1.0329571558933555 0.9075713959305295 0.8580050766232623 0.7020385062881452 1.3857832330026547 1.2950214367612956 0.9355831734652404 0.794985048457699 0.7378943691825343 0.5487927230487757 
1.4648571394666068 1.3759590237526296 1.0480749235843256 0.9197379199784524 0.8748526572207974 0.7161172863758353 1.389395325379458 1.2953285939043768 0.9397201586569749 0.7940596782272036 0.7416064340243348 0.54537775805976 
1.4757579090987654 1.385882256350647 1.0607653949236657 0.9316820515967668 0.8878465632459024 0.7287521815182169 1.3934907770730167 1.2979309565564572 0.9429625456971026 0.7949758391218945 0.7431195458252731 0.543171134714981 
1.4882949786228838 1.3992590167635477 1.0769209689638743 0.9500855887729748 0.9040539825663564 0.748476757150207 1.4004221322351667 1.3054064505180332 0.9517977613201716 0.8054953948062585 0.7506489249003757 0.5535139212830062 
1.4999072511974234 1.4106232625313573 1.0891744406634827 0.9625160719669102 0.9180850517215766 0.76355509872871 1.4089059168711764 1.3134504593606149 0.9599974388479431 0.8134686897444856 0.7603777236312292 0.564190135676449 
1.5109798485371173 1.4226322080162708 1.1073172161062295 0.9833482158855276 0.9376555932138676 0.787413682942613 1.4148098642875127 1.3200413814291012 0.9719970506566623 0.8280100018026656 0.7731913481701992 0.5819339803493606 
1.523449798389379 1.4362347608286885 1.122648016170981 1.0011041745056504 0.9560488315000651 0.8098767611264321 1.4242392765166394 1.3305369280003618 0.9838174611037557 0.84247717878447 0.7884082678236193 0.602875274640319 
1.5394120552775985 1.4532040682347405 1.1405333296024278 1.0211899254957426 0.9756244543542357 0.8329799901162093 1.4381144241450332 1.3454314121998194 0.9995998684143571 0.8609369808145078 0.8063663540438676 0.6262900964680824 
1.5435937318230113 1.4565444833314531 1.149590339957365 1.0297563657114674 0.9872617740616164 0.8447047019658941 1.4379374429658927 1.3440626149414654 1.0032648856026458 0.8633543036802966 0.812199662326506 0.6312753079942935 
1.550717196510663 1.4656179328712822 1.1602571818152605 1.0437953964038595 0.9959501756382647 0.8574548699225459 1.4415377218074767 1.3495714523484446 1.009704861726381 0.8733933875373056 0.8156126115956583 0.6391682359081138 
1.5605941081533663 1.477215106273626 1.1722386379927086 1.0587038888201934 1.0028623028128039 0.8674348956567288 1.4484321219867364 1.3581848592157846 1.0181576822884557 0.8850737629164024 0.8174560783326527 0.6441621999178468 
1.5600370830919372 1.4778861729585266 1.1741216760719477 1.0625410814749705 1.004620545192064 0.8716044282941661 1.4461374794334043 1.357109225162809 1.017919259579069 0.8868999146589202 0.8166151778053112 0.6459815695683586 
1.555267184038164 1.4754308472937658 1.1679124950722979 1.059273226106466 0.998220445866543 0.868610516829033 1.4420855931414058 1.3555998780414522 1.0123114344637227 0.884768111849653 0.8106780512299565 0.6443904671439514 
1.5518855316594713 1.4734407060937336 1.1604838076311104 1.053281291381367 0.9889370820097707 0.8606249840517065 1.441523697541598 1.3567127115104363 1.0081490638660535 0.8826343217743122 0.8047598519893994 0.6405600911499247 
1.5450214015378556 1.467109052732618 1.154395694556247 1.0478297862773323 0.9839945264126219 0.856482965043672 1.4347040298298461 1.3504419626959168 1.001955059675832 0.8770585972499214 0.7997060397483566 0.6362763483031567 
1.5463917627127999 1.4623171755081046 1.154277660957709 1.0389422296672708 0.9844360991887691 0.8462614675063493 1.4426335853521504 1.3521226644006823 1.0110495024409043 0.8770776102409638 0.81177497570817 0.637199065587827 
1.5492688167871322 1.4562827814916308 1.1588257247183462 1.0312142033879286 0.9912943931390916 0.8385643963757345 1.4495655959869496 1.3497281541366026 1.0217062252276827 0.8743050289624327 0.8268440749433957 0.6357647342130578 
1.552154459928267 1.4508099672166614 1.160070852265158 1.0205050101666382 0.993273586216411 0.8259894131132736 1.4560853988949995 1.3475350764915954 1.027991052332271 0.8674282086577598 0.8352207124318757 0.6271042433082477 
1.5421844810216578 1.4327875038344102 1.1518802774177705 1.0006873793268505 0.989732536347088 0.8087753403412099 1.4499748871977198 1.3330319692880739 1.0251450499827035 0.8517449331484396 0.8388472408633408 0.6149892284780604 
1.539874103783436 1.4239945788319703 1.1496820038179427 0.9890990925801317 0.9903793436369924 0.7983730640138356 1.4487943692266476 1.3249729919295865 1.0244811265722957 0.8403034474181574 0.841810021978142 0.6043115240857484 
1.5404453277228765 1.4196768672424158 1.1512879165974252 0.9838569340017074 0.9960961028451222 0.7966919390725878 1.4481386700531274 1.318945111588515 1.0244987393370673 0.8319304457604854 0.8463694501240224 0.5990424407195536 
1.5417284838745635 1.4167293329320743 1.153448515881901 0.9801218105879289 1.0005414132309367 0.7945303042616814 1.4490708636882328 1.3152952720929854 1.0263153164550163 0.8267517242740774 0.8508600176234397 0.5951117999083534 
1.5453500802957236 1.4176207772426304 1.1573843570180131 0.9803470545016186 1.0061863391390284 0.7962114960674707 1.4534827858182566 1.3168728131714162 1.031525030171348 0.8280010176744953 0.8584382837863186 0.5987136915671798 
1.5467620797992463 1.417818558626205 1.160575560101491 0.9821772571103904 1.0120677891845438 0.801260097337244 1.456036070262303 1.3182479173451747 1.0365827208211074 0.8320097780584613 0.8670924496873964 0.6079357284984079 
1.5485918952162347 1.4186024530041565 1.1623467628592639 0.9825202587577571 1.0147584226452175 0.80251524475826 1.457580623269056 1.3186498151781654 1.0380050156571548 0.8317153805656174 0.8695625749360478 0.6086338254397383 
1.5498563665399483 1.4210956350451613 1.1633356565086495 0.9852958422445567 1.0150943121229723 0.8049065222399495 1.4577329644020576 1.320016455406678 1.0374393901835472 0.8329096801841183 0.8679557022708072 0.6089377210720404 
1.5515240640883916 1.4257961937546895 1.1639676410645443 0.9901962099126416 1.0147080454226034 0.8095061964712563 1.4570985019707348 1.3224234984018393 1.0347607416428977 0.834504438050128 0.8634474740511782 0.6092695668793576 
1.5517452362677353 1.4303262925079752 1.1621385650083256 0.9942263671013808 1.0101667240013452 0.8113919121112866 1.4567180685635812 1.3266301504336504 1.031833463927009 0.8382125756868659 0.8570595447689793 0.6103040947262356 
1.551428944813445 1.435960501380508 1.1581930656004464 0.9982294164794783 1.0022756624826126 0.8121621108651645 1.4565929390206998 1.3329342747206105 1.027687888614515 0.8433227063971181 0.848108320207366 0.6118320958604249 
1.551741407881033 1.4416030508404905 1.1574490779868503 1.0049907101026407 0.9986224808868513 0.8170463992899117 1.45499691853028 1.3369121108706472 1.0241108358632918 0.8480100019413745 0.8404531488028407 0.6137421727342923 
1.5567747259210918 1.4517194453360092 1.1590809944377012 1.0136126244116586 0.9967473280960877 0.8230717081559115 1.4590519316551724 1.3463930852342827 1.0240867852221753 0.8559763690468856 0.8359367368806625 0.6186533995434681 
1.5621128013783125 1.460712889047673 1.1636675311402307 1.023527167704893 1.0005329389030628 0.8333978052706883 1.4624647878940538 1.3536206986560155 1.0260258157717086 0.8638372037774247 0.8364645918567027 0.627023726369266 
1.5591491079412514 1.4597345260676682 1.1623551181949516 1.0251577276663333 0.9992051344914116 0.8356373894184007 1.459071487554328 1.3523196928219303 1.024213398562038 0.865385481501741 0.8344786191353257 0.6294708186993263 
1.5695656923777515 1.4686682003738114 1.1747240916441828 1.0360629863040423 1.0110333527086286 0.8459540533558841 1.4693481919168276 1.3610414869463936 1.0370266813777023 0.8768546960524589 0.8471340429290103 0.6411598137666226 
1.578433391719144 1.4773524032856886 1.1847407350530326 1.0462928656423114 1.0198508354136893 0.8551104477750229 1.4775088217990442 1.3689961540829836 1.046513715005207 0.8867407214592098 0.8553806596445819 0.6502262869909213 
1.5809365237272621 1.4831407923777298 1.1884607088393122 1.054886332461863 1.0232097247655734 0.8644677315058324 1.4783399723523816 1.3732572198298614 1.048125774062846 0.8938198678787801 0.8562049536500241 0.6583564692587444 
1.5849257106948702 1.490407329511513 1.192992940306706 1.0642164512267418 1.0261751910963548 0.8731323051300072 1.4815635741410627 1.3799837403613275 1.0517952611709374 0.9031045182378615 0.8579490885953782 0.6673838011681434 
1.5921126700239403 1.5040119521236393 1.1964563211629415 1.0764464345850007 1.0252197729515171 0.8822158357968644 1.488142377278048 1.3934837398157038 1.054159717239641 0.9156865771271085 0.8548804383367069 0.6767937366219934 
1.5885791537987304 1.5064144929613132 1.1968756426145075 1.0854548358194782 1.0267701202722497 0.894403587092477 1.480781426100385 1.3922695603236788 1.0495909717046399 0.920511870973911 0.8505214776146985 0.6848997595297358 
1.596110288766099 1.5171660884375844 1.2048685808439856 1.0981498910007685 1.0344564081221597 0.9079234253531518 1.485597034833134 1.4004368732309929 1.0541056840303065 0.930249256438832 0.8541256092080368 0.6955252995434459 
1.5996751834340122 1.525230428785972 1.2105506793582168 1.1103153226424647 1.0401252242372743 0.9215354852064245 1.4860748577695002 1.4056264266492147 1.0558838656285265 0.9392858489802985 0.8551714871852546 0.7061766357609405 
1.6018042393417649 1.5330125487657464 1.213458903619422 1.121085707817761 1.0429354152454744 0.9338441700162025 1.4855713823890286 1.4111247236418365 1.0552857536104854 0.9476173675451764 0.8537328571475096 0.7163870775448493 
1.6069050086657921 1.5435348885254294 1.2171500100132318 1.1321706550230006 1.0464301729571879 0.9462411701544221 1.48833880392712 1.4196861063260462 1.0556812185859943 0.9564617506702555 0.85324369043973 0.7268982325574949 
1.6064333277945275 1.5495967640160457 1.2189756663071663 1.143032707077536 1.048666483420253 0.9593349195400946 1.4854862056071072 1.4238298218006955 1.054487034272589 0.9656940508509929 0.8519052904220047 0.7391648789336517 
1.6109679441018805 1.5605439130136132 1.2224166498063742 1.1551545581626035 1.0497205792609001 0.9705631777704323 1.4888759239519724 1.4341656474911955 1.0563315131737006 0.9777094932769345 0.8505569319709527 0.7506841426617722 
1.6142421186464595 1.5697221505260763 1.2255113355706713 1.1662452768831306 1.0519051904103385 0.9822191923660473 1.491452162428353 1.4431491832281962 1.058550881541464 0.9893330991391173 0.8515611926410283 0.7638104981290912 
1.6149800259769282 1.574280316279296 1.2252292539375804 1.171061379529032 1.05079410214582 0.9870999316302479 1.4928796081079143 1.448753793515116 1.0591108368364663 0.9959486907589367 0.8512915394296129 0.7712945708511373 
1.6221324369793269 1.5879917228942 1.232638878139291 1.1873511160480248 1.0577662713002762 1.0046260764983606 1.4995344380508537 1.4625346490871558 1.0661559415491197 1.0134557516638258 0.8579973033177261 0.7915576045876194 
1.6265241193670046 1.596634350702317 1.2368394685174828 1.1972603767947094 1.0621744446570955 1.0158125269175458 1.504688035069931 1.4723269412201252 1.0715769887799056 1.0256401814684377 0.8641295752852172 0.8064616927310372 
1.628629781611352 1.602586631502784 1.240412072478916 1.2060145336899717 1.0672679014902677 1.0270879803947859 1.5074441290314675 1.479268991114003 1.0763711934790152 1.0365442065206094 0.8712138716477372 0.8215001862881347 
1.6336363915401246 1.6108448088267968 1.2455597645092105 1.2155131695396146 1.0736065918967896 1.038597252318838 1.5138680335366883 1.4892446277641023 1.0837193779591834 1.0490475816302327 0.8807154349528796 0.8376830043186025 
1.636460595910152 1.6154481663509386 1.2494034366715219 1.2217522022761447 1.0775608999804187 1.0453740906329225 1.5185992817615217 1.4959322427057349 1.0904812901497256 1.0586873666794225 0.8884131863984293 0.8490862653267983 
1.6434420149815476 1.6259910123941674 1.257478598866243 1.2345839551794806 1.0863534952337612 1.0597683861988947 1.5269692431108788 1.508171139223467 1.1009022842226326 1.0746771399758208 0.9004983783475737 0.8682410063954651 
1.6449492579025047 1.6297246644369103 1.2609419434192837 1.2410153123446945 1.0907692644523863 1.067671301981092 1.53028705564479 1.5139098036124874 1.1072014253395812 1.0844535107942619 0.9086792612764969 0.8808191759231857 
1.648622758316359 1.635347344987798 1.266099014626676 1.2487636503192427 1.097152181986911 1.0771011326512658 1.5352556970220435 1.5209911225114499 1.1144773532192747 1.0947436733585811 0.9180391965698633 0.8939798129480553 
1.6522368342870704 1.640384189430927 1.2718483286048536 1.2564123142244985 1.1030393036401558 1.085204790689278 1.5387871563588513 1.526053617975122 1.1205255583764968 1.1029738253172467 0.9244863770629397 0.903132766394266 
1.6537057747138575 1.6432458569678368 1.2741444209044592 1.2605388381331055 1.1067805660210879 1.0910899955741322 1.5407954109880908 1.5295635507039125 1.1237222586217468 1.1082715694458465 0.9296617290831972 0.9109254017986105 
1.6574639009943957 1.6481196969818546 1.2799676086134213 1.267844245788717 1.112642644832365 1.098674477531703 1.5450898042183696 1.5350617106747078 1.1306781147168101 1.1169355180938425 0.937064338826081 0.9204355097341476 
1.6596576305364912 1.6512312836177736 1.2833804116465237 1.272464766662716 1.117225667176511 1.1046694043006715 1.5473364237934812 1.5382949358942841 1.1343949218847906 1.1220308107168895 0.9423267741065199 0.9274055480737649 
1.6599561614001859 1.6523128461191723 1.285876132203425 1.2759940090182398 1.1206014086063072 1.1092478535703552 1.5487950958633747 1.5406003805823365 1.1387665338296697 1.1275958949244362 0.9481873803054122 0.9347419921296144 
1.661253758981559 1.6538042458919857 1.2873604285243352 1.2777328769857805 1.1220859210106684 1.1110271131391707 1.5510861869446066 1.5431049190934358 1.1416659671420355 1.1307986613585812 0.9514100702275332 0.9383419172830124 
1.6634794157286739 1.6572783998329945 1.2922439875476344 1.2842517087210787 1.1293577644630644 1.120203949356103 1.5535888990827047 1.546947444276311 1.1473313488931653 1.1383220775127796 0.960168558615106 0.9493848476529475 
1.662332749385742 1.6570311561948254 1.293309854319668 1.2864884228784805 1.132224230830784 1.1244259832467232 1.553588805855771 1.5479148105113407 1.1501905873725278 1.1425149759195108 0.9655152597863798 0.9563586146422064 
1.6671389754981436 1.663018624557464 1.2999559483401735 1.2946675440532986 1.140350688001283 1.1343184180929973 1.5566193589394295 1.5522056598998084 1.1548146745798653 1.1488583527245646 0.9716538255083442 0.9645671249970112 
1.6696955238684805 1.6663381057715867 1.3039011774005116 1.2995991000098608 1.1449870822094195 1.1400855050154968 1.559331161243961 1.5557355851000003 1.159219051097091 1.1543779055172705 0.9770496130834094 0.9713009249179371 
1.6718405162839427 1.6688345362942847 1.3071198830591477 1.3032729515832666 1.1485723248836182 1.1441924589545938 1.5612091838983526 1.557989766824083 1.162276125836094 1.157948094833512 0.9805823726177011 0.9754485056262888 
1.6778512223372963 1.6763606346304962 1.315094432920602 1.3131921491307965 1.1579750993431421 1.155814251399748 1.5659152813287058 1.5643180371455032 1.1689222863384716 1.1667817124632869 0.9888439081567727 0.9863125912907935 
1.6818782791319946 1.681444331821901 1.320350899502098 1.3197980879725504 1.1646889927426975 1.1640622599397334 1.56827020102277 1.5678048088381409 1.1722130247595783 1.17159031688385 0.9936082363869575 0.9928735179346864 
1.68363481541723 1.6839600999504147 1.3230353387891838 1.3234492563846225 1.1682383419854916 1.1687070848698617 1.5696916829380891 1.570040574642901 1.174618361632837 1.1750845595211479 0.9970389217503046 0.9975881104068002 
1.6852910706613295 1.6863332716253956 1.3255243116785185 1.3268491289482802 1.1702783809208859 1.1717787329486784 1.5706288154910473 1.571747049047909 1.1763008050880566 1.177793485374584 0.998108396944345 0.999867132268488 
1.68902415154202 1.6914893215070086 1.3291327532237855 1.3322640188687227 1.1730785339832281 1.1766251685104478 1.5742180017050498 1.5768626627491185 1.179810835724202 1.1833372927328203 1.0007362186371793 1.0048912973910364 
1.6890274045394438 1.6928862578405113 1.3297953766220012 1.3346932428034728 1.1733702885642068 1.178918208691871 1.5757869340381172 1.579922393722315 1.1826439159295792 1.1881485347317688 1.003538102059533 1.0100193220851024 
1.69067841855577 1.6959590048849174 1.331311549927454 1.33801116372407 1.1738293619475701 1.181422364038467 1.5779831390006167 1.5836395480822774 1.1849167544474337 1.1924391583012695 1.0047450636705015 1.0136054825474456 
1.6946111838991147 1.7019006969138828 1.3353000563903081 1.344539013251739 1.177214261124949 1.1876836001881812 1.5817021649463465 1.5895095646632518 1.1887392121890992 1.1991079318209683 1.0079226610191678 1.0201308779543732 
1.6986887904852848 1.7080989200981187 1.3398665063805275 1.3517768191681496 1.1817059291212684 1.1951933805206418 1.5848728672421517 1.5949546448850385 1.1922754100124517 1.2056446272597743 1.0112899195188094 1.0270178261551062 
1.7008565764692918 1.7126877934167803 1.3413044774840797 1.356275814618413 1.182447558633718 1.1994034404314673 1.5852693226448433 1.5979565730390923 1.1913284320114415 1.2081596818793614 1.0091322809814578 1.0289481738740975 
1.698084005611195 1.7130422452095455 1.3388296978004934 1.35775159858958 1.179028884002661 1.2004722208666723 1.576285837693329 1.592388610193052 1.180530690711834 1.2019472348953426 0.9956389211519204 1.0209413818004245 
1.6956322693244574 1.7137631999942144 1.3352458223018 1.358196200427026 1.1762201916199235 1.2022102362126226 1.5670378922586428 1.5866389849787537 1.1676131075722 1.1937905519203986 0.9818008464930196 1.012792384970587 
1.69711412310073 1.7186197232628164 1.3377800789471939 1.3649589539572098 1.1780421097855374 1.2088178600550044 1.5609922411171557 1.5843466108108921 1.1602396173325407 1.19147529390582 0.9717425803307994 1.0088315264641368 
1.6996218683223514 1.7246771064751687 1.340871867882819 1.3724918915605877 1.182048119527949 1.217798991295181 1.557446864351898 1.5847515141496347 1.1553629758995916 1.1919145239485758 0.9665215966958834 1.009930999226957 
1.7029376883562855 1.7316490829334474 1.3452020505575548 1.3813690067553457 1.187104824025347 1.2279371479128116 1.5541198673282088 1.5855284097184288 1.1510257809555136 1.193093510343699 0.961514250973042 1.0114946519009629 
1.7069339104640344 1.7391260244076736 1.3491571079351876 1.3896621373456355 1.192115644177208 1.237770440417786 1.5493711210333179 1.5847671200438378 1.1433076567101437 1.1908351489488542 0.9529256031254695 1.0094568634528371 
1.7123559361278717 1.748076672343739 1.3543554555552835 1.3992454753874888 1.1978967184162246 1.248425307494349 1.5461826170256734 1.5856512496738873 1.13701210775979 1.19012845255979 0.9452377379222436 1.0085056180271679 
1.713500180403212 1.7524198437822598 1.3586524304036849 1.407419222293713 1.205377245944953 1.2600899752326578 1.5402581810338942 1.5834417276558808 1.1323642623475187 1.190437425185314 0.9429987810394244 1.0119975996423312 
1.7207573548564479 1.7627192492885981 1.367719961795016 1.4201518128047297 1.2172557633844088 1.2758859161431948 1.5421431432563448 1.5888293652285508 1.134838091488191 1.1975102385418506 0.9481092729704523 1.0222937303009147 
1.7282989833078912 1.7725962644446396 1.377038695063828 1.432241498045316 1.2298585608528692 1.2913683520681039 1.5436663342520272 1.5931057380234028 1.1367162986000905 1.202997956990406 0.9531214274703357 1.0312713496083803 
1.7347272120993549 1.7806759116689372 1.3845266947220627 1.4416803981458581 1.239906382110359 1.3034170623396026 1.5432665940782881 1.5947413528212029 1.1354767493867939 1.2045063928423128 0.9538139841698694 1.035031071223468 
1.7395041012121817 1.7864440202631595 1.389058820113101 1.4474087622831362 1.245654451817999 1.3104055604025802 1.5401637535450572 1.5929884202761802 1.129475221212931 1.2005090564981173 0.9475678777449138 1.0312092912372346 
1.7389948923276601 1.7866561605697078 1.388800682726535 1.4480346463057054 1.2475232731863921 1.3131455813053212 1.529719188982635 1.5836911939206109 1.1156634339897 1.1885881955083055 0.9339442589050431 1.019945527614926 
1.7402386673517196 1.7884630323632886 1.3891896318883499 1.4491436202564911 1.2483921849106911 1.3147822808853522 1.52221009152682 1.5771153925854917 1.1038753447496188 1.1784354778816233 0.9204216374825668 1.0086354096154317 
1.7389719999414077 1.7872564513063645 1.3861173900432169 1.4462307648284278 1.2456474386359166 1.3122117007313336 1.5144638885031956 1.56966967089774 1.0912830393533197 1.1666879094840312 0.9062090235592556 0.9957292807466391 
1.7365090098757665 1.7844469663735358 1.3824937513709477 1.4422469993034186 1.242192224971528 1.308368815815982 1.5072573733041466 1.5622458909530585 1.0805786508069255 1.1560439675893455 0.8940932679422854 0.9839665676229632 
1.739011824592255 1.7859946505456517 1.3822559130897885 1.4409185178134414 1.2410983089472343 1.306116295808947 1.5065881272171517 1.5605840415619034 1.0753032447973385 1.149735549584201 0.8865498697037211 0.975492407544869 
1.7370533345198997 1.7849040030928003 1.3806139702924576 1.4403551465720887 1.2395957336836485 1.3058045781267207 1.5027493211333365 1.5578137037068018 1.0709790708350482 1.1469630261942636 0.8817589342709847 0.97263910648128 
1.7367822159959003 1.7865683188831123 1.3809764023326503 1.4430903353694908 1.2407824877067009 1.3095629324461002 1.501448830230198 1.5587695410280602 1.0700616560739056 1.149106539898207 0.8817467356331008 0.9761614610487496 
1.7384405177734852 1.7884254036390066 1.382873791723794 1.4452092977770878 1.2426851627972966 1.3116998148895744 1.5022590449841011 1.5598308333858975 1.0709559880016282 1.1503202679173063 0.8825379415280362 0.9773245155941518 
1.7428519166948568 1.7936476660813114 1.3855421140935906 1.4489189406032819 1.2436274266543565 1.3138676960938405 1.507668679626574 1.5661111052664614 1.0748297511359355 1.1553779210452901 0.8843874831356089 0.9807040159186342 
1.744115942293787 1.795014833925153 1.3880559881227215 1.451494836370886 1.2462826453751752 1.316570646038922 1.510703463808614 1.5691917631097052 1.080270318745889 1.1606557609435042 0.8907889579262557 0.9867333993593935 
1.7423567838532965 1.7914735620040845 1.3879304460381299 1.4491105148192123 1.2472916113882921 1.3150310737619861 1.5108209894754583 1.567211033447507 1.0831084077965616 1.160471535264697 0.8958288139145797 0.9879674210011192 
1.7440008925530408 1.7938501292376137 1.3898998237375968 1.4519575382792027 1.249378088020517 1.3180685793105769 1.5146418811144116 1.5717821735106308 1.0883117360507526 1.1665254423996945 0.9019681378107558 0.9949400457142141 
1.7434375367405672 1.794481361502542 1.3913995445291825 1.4548476225295954 1.25175194847702 1.3219197603410038 1.5166999981921332 1.5751088206152668 1.0939822359234253 1.1736209118706162 0.9097732577494333 1.004129619511354 
1.747202222205286 1.798691201351441 1.3975273828011705 1.4613887977602298 1.2595508271122249 1.3300536525340207 1.5211975457773688 1.5800684813700607 1.1020023383274147 1.1819406018151206 0.9207576521968688 1.0150709761485104 
1.7585015161473387 1.8125110279903096 1.4136076960360993 1.4802551680661307 1.2789886372804447 1.3522871657257156 1.5282232936624442 1.590073922679851 1.1141927891045107 1.1976202301174146 0.9375237529217534 1.0352871251911175 
1.7657714681188226 1.823583344356518 1.4240926051428335 1.4951745999094896 1.2916059377466884 1.3695814085385731 1.5329994451474869 1.5992481467910171 1.1225765761062818 1.2114807078177112 0.9488858306574625 1.0525643238370292 
1.7735643906480263 1.8346165395974998 1.435742941119581 1.5105115003086553 1.3066369879100717 1.3883758200734788 1.5366929014525659 1.6067707593072216 1.130155838181047 1.2237399307715284 0.9608301846708943 1.0693371046422662 
1.777599749195685 1.8412644990170648 1.4440014555188518 1.5216879741065719 1.3187438942950835 1.4033814683615293 1.5381552314186506 1.6113086615979455 1.136310191426867 1.2335294638315546 0.9721862508493745 1.0842233134094483 
1.782806790616796 1.849217415511048 1.452110631553037 1.5329156152343677 1.3294797628656707 1.417293701753225 1.5408470197489952 1.6172243305829157 1.142118545453737 1.2432376156750404 0.9814916838513509 1.0975112403202802 
1.7860615557025155 1.8552871305699532 1.4584003924706308 1.5424027233049382 1.3383069635769254 1.4293844776191218 1.5414535441454245 1.6211580690538756 1.1458598748357018 1.251027301404126 0.9884981925924246 1.1086943369831426 
1.7924962701470288 1.8637155657103393 1.4677519831671186 1.553926869408921 1.350634965374068 1.4438170386413265 1.5437557871927186 1.625907365710301 1.1508409690704489 1.2588994270675515 0.9971729346963895 1.1201547629997428 
1.7996967959714327 1.8725693517917676 1.4764948973260423 1.5644949989277182 1.3606179060374886 1.4556402392314662 1.5485839637003351 1.632703191786505 1.157255769927219 1.2676152164082917 1.0052287408494844 1.1305274173012525 
