1.8670195320579803 1.7092554501554178 1.5657743369611088 1.3738418886778783 1.4635105382217104 1.2560475135463627 1.7346368709000741 1.5635719793747904 1.4052944229185569 1.1877056352000692 1.2903744558406294 1.0492180407741758 
1.8711505028302773 1.7121761709713168 1.569952018324764 1.376623541874103 1.4671812960374053 1.2581589691457913 1.7347067799031628 1.5619060946298917 1.4045471682510347 1.1845234417444006 1.2886521499000418 1.0444938485419626 
1.8765560934749592 1.717306624909483 1.5746512093660616 1.3810161849732248 1.4708370441207959 1.2613646904674318 1.7365173146150892 1.5630648278168122 1.4048331015312818 1.1837378574490216 1.287397072529684 1.0416671706250515 
1.8750983242019603 1.7170717286779256 1.5718930617013993 1.3795613046997948 1.466790165437783 1.2584971137928762 1.7272733927855775 1.5542892167884972 1.392238286151117 1.1707557565201205 1.2723808539211046 1.0253265984187672 
1.8684101381262628 1.7113218242788233 1.5619796708833955 1.3701994140463643 1.454089426497903 1.2458097777160846 1.7088815209525208 1.5355591797951 1.3671503577342912 1.143138680411524 1.242455499667091 0.9906369721815353 
1.863434567796251 1.708348312978943 1.5553092412951195 1.3656692154610501 1.445652711980993 1.239345526339608 1.6957891583737643 1.523734373064413 1.3499256710122969 1.126217069333439 1.2219755500246312 0.9691696522580554 
1.8587161036721023 1.7037706292955048 1.5477259955334473 1.357742449969802 1.435916947615704 1.228766163128689 1.687840928242351 1.5155249263044142 1.337698472096758 1.1124055040541647 1.2065815038570749 0.950709066250028 
1.8533314108353638 1.6972894209264962 1.5404102462620142 1.3486355277794664 1.426610183332854 1.2170335554901515 1.6815127207336256 1.507792787484076 1.3287254939937745 1.1006659340549247 1.1949327708239488 0.9347825344907764 
1.8423056941482323 1.685525140925225 1.5275354675721937 1.3342673400375955 1.412118854307597 1.2004100918815204 1.6757266261807147 1.5016539067611419 1.3218676407609804 1.0928123304991577 1.1866124530321602 0.9246371416350309 
1.8366837190678749 1.6804954426266676 1.5147777919843557 1.3210638167359665 1.3944039422954166 1.1811097337203684 1.6792517022438895 1.5068324818270278 1.3194813203259075 1.0916449988384502 1.1793394549021923 0.9173327633356393 
1.8238598216069128 1.666781086307377 1.5036227644166607 1.3086542547487476 1.3823836900339934 1.1673385144301545 1.6735856971401257 1.5008609617389614 1.317310082885575 1.0894954773985985 1.1770340280858496 0.9149336828819891 
1.81305016703372 1.6553378355432466 1.4903827831067427 1.293921667559903 1.3668023895870975 1.149409071558512 1.669865317437607 1.4971448226477624 1.312455755589879 1.0842197895173287 1.1702341827091705 0.9068850445238361 
1.8097412669732655 1.6522475620759742 1.485257615158394 1.2887004059850373 1.3600128357431043 1.1421004624751712 1.669699743243078 1.4975499275770408 1.3110011298950128 1.0832739799265927 1.1672055057212505 0.903950908836315 
1.8052506149310683 1.6476159602009808 1.4803885696360264 1.2834558374595522 1.3548272109420447 1.1363385679932718 1.6672670522471797 1.4951548391751939 1.308587008153833 1.0807906955137059 1.164648621820762 0.9011742239483994 
1.8129248206676967 1.6565804501420993 1.4881755763998412 1.293146909130204 1.362676853473706 1.1464949146825727 1.6685884910285698 1.497247452758895 1.3084944375858079 1.081535979795864 1.1637780518608347 0.901078096722476 
1.8134413545491348 1.657976033719728 1.4881756646273316 1.2942108757034148 1.3619895708811431 1.1468786218205482 1.6689990921474465 1.4986236857827253 1.3083024237495702 1.0825757312950441 1.1627570745383577 0.9012874105350634 
1.8109414328138833 1.655500176708538 1.484732318864919 1.2905820472492247 1.3577933437316596 1.1422673619963062 1.6675773721425942 1.4973263685923655 1.306038084315308 1.0802349002332778 1.1597017648007613 0.897819661893189 
1.8055513287206764 1.6489224458551712 1.4777945201701757 1.2817200457373676 1.349810804166643 1.1317768502867516 1.6667593181515439 1.4956658237871854 1.3045871637590951 1.0774401605866564 1.1576097058356931 0.8938623287984565 
1.7994146659049992 1.64185052811576 1.4699513882690136 1.2722173952096394 1.3403130335388074 1.1199192134587208 1.6656326977079912 1.4940255354156433 1.3027648397443032 1.0746982108824783 1.1545034307761932 0.8891896245874666 
1.790126624565983 1.6320660949789991 1.4592035295941412 1.260302085684222 1.3281384828322684 1.1059105913137823 1.6630492500163665 1.4915827883091168 1.3001747639375254 1.0721664158049347 1.151143477408442 0.8855606766224435 
1.7784630757836948 1.6196205583179042 1.4445902675589366 1.2438170613583013 1.311757008872451 1.0867135277183217 1.6612729528665662 1.4899891492645172 1.2975892852231787 1.0695689758617721 1.1478690527782338 0.8819541957074641 
1.7724831939380976 1.6127390950779978 1.4370559707934132 1.234649982461831 1.3027237364817605 1.0753231372908332 1.6614731936426177 1.4898737829739133 1.2976618833860383 1.0691852410097138 1.147120583893864 0.8804069229583555 
1.76627139922748 1.6061877627877135 1.4294032790395441 1.2260987756820412 1.2937430705240514 1.0648453437607737 1.660557352797247 1.489152509157138 1.2965067683313498 1.0682014201118628 1.14521054777233 0.8784256783183196 
1.753655056713549 1.592447754853201 1.4147132086529057 1.2091307856212248 1.2774067431859752 1.0451563431070972 1.6578918457296907 1.486334136773088 1.2941069418471567 1.0655029661793534 1.142395422669839 0.8750149117226518 
1.7485357700790682 1.586674040200444 1.406491498462042 1.1993229364295508 1.2667799063949507 1.0319343495814064 1.6573075371957977 1.4855387721113174 1.2913207459210125 1.061916399461841 1.1375509943936581 0.8684350496415953 
1.7334281507997384 1.5695191922321308 1.386114565966681 1.1747046142690512 1.2423872286791267 1.001071109754447 1.6532138403682086 1.4804503851142732 1.2843895195714579 1.0527458281964361 1.127771640885246 0.854684862850045 
1.7205599972971009 1.5548102954055198 1.3720509788994724 1.1574248308633266 1.2272419293273027 0.981443377632658 1.6460775098697509 1.4719645100677532 1.2774068861952326 1.0434925506677086 1.120431710234497 0.8440826782365577 
1.727134956680861 1.5633469201648749 1.376800908842306 1.1647485465923535 1.2303813744481829 0.9873686043160376 1.6469559188360203 1.4742870252393188 1.274774247696038 1.0421649662068861 1.1150367557121155 0.8392647977777931 
1.734763992352562 1.5747871672588014 1.380784854770286 1.1735055722760757 1.2314810275286419 0.993526061139314 1.649256890227535 1.480066485994126 1.27169532355946 1.042956139520258 1.1077850432114524 0.8353060606526209 
1.7358540926696575 1.5769613869204282 1.3850172544188755 1.179784124252399 1.2365387818576494 1.0013220979475084 1.6459328282278107 1.4774006429665583 1.270503144048845 1.0429746036399927 1.1067671855625283 0.8357938668344007 
1.7360284924611693 1.5798348162504205 1.3878785797889526 1.1867139808045577 1.240403199704435 1.0102886804458417 1.6426378976624765 1.4765982469300851 1.269122251178743 1.0453489409938674 1.1059224358141035 0.8397306437405986 
1.734847964636671 1.5819300023717864 1.3871590119391506 1.1903844741947873 1.2398728920353086 1.0149334265871826 1.6368777994719093 1.4738297060393375 1.2624902353697633 1.0424426441795251 1.0986156099400737 0.8365173820094834 
1.7409323392633613 1.593989535314771 1.3882003215289211 1.198773273598056 1.2371148594584902 1.020005100130877 1.6411652787860826 1.4843788940472713 1.2608244108887645 1.0486350289271287 1.0922596934305504 0.8384440748750034 
1.7324192972179109 1.5888904765190708 1.3832687292688288 1.1986361843249187 1.2345647546293392 1.0234483173922366 1.6310871252551165 1.4777488065205806 1.2540338776017976 1.0468511313329132 1.0878045422652916 0.8406039776095521 
1.7319249160113726 1.5934388983268233 1.3813801062347033 1.2032018142859493 1.2316002602715703 1.0277756608817898 1.6307750390231635 1.4828724948224647 1.252227739311424 1.0524057768280257 1.084759196458366 0.8462778044478066 
1.7285472586232637 1.5952227153892964 1.3764575329787696 1.2047801569141154 1.2258861019254603 1.029396241150122 1.6287771338934005 1.4865311427259102 1.2488693553346564 1.0566619862065638 1.0806646387728251 0.8512907540282582 
1.723624809477109 1.5921773841017213 1.370833860044681 1.2013874522588457 1.2202008604508523 1.026175656720135 1.625735418770533 1.485652042183835 1.2455194257196474 1.0561557548226492 1.077507915444244 0.8515689322920371 
1.7186455135626426 1.5897682748403932 1.3641368383300114 1.1977019997015117 1.2133603529409553 1.022674978910211 1.6230593072617523 1.4859146278602278 1.2415508154276247 1.0559683677501899 1.0736957016254651 0.8523163884902133 
1.7139820943478377 1.5877479209701393 1.3578738164295678 1.1945836689596088 1.207656434150458 1.0206090846866884 1.6207962952650774 1.4866705995428173 1.2381709544101736 1.056539707320553 1.0712983123038138 0.8549204142755045 
1.7203255463237184 1.5911971909647151 1.3655828818984221 1.1988349021170512 1.2177566379757492 1.0272875666209536 1.6299273717359313 1.4930009217458642 1.249783924978234 1.065057920647511 1.086312331299797 0.8674462498241605 
1.7183449089111882 1.5919443069344479 1.361836567133149 1.1984057267807926 1.2145160209651416 1.0279234483078006 1.6297737065559132 1.4959076792974224 1.248219509613994 1.0675342592071693 1.085588445858282 0.8718255124627863 
1.7130688275250354 1.591398220885646 1.354780294157691 1.1972356221888822 1.2079475829016753 1.0281443734408122 1.6262083861049295 1.4974969798426974 1.2431325563422428 1.069262382316894 1.0812429284106324 0.8758023520395455 
1.7061827663052398 1.5879349851417093 1.3465851827630513 1.193218144111545 1.2005395440538393 1.025559887006605 1.6206014289877078 1.4956025129147785 1.2363579635514144 1.0672670233062578 1.0754462127121933 0.875821009931253 
1.6994365345066582 1.5859393311271401 1.3377539578024056 1.190254039613393 1.1915337546272033 1.0231674914773243 1.6150736151692902 1.4951862123548358 1.2288058834559672 1.0663409053468784 1.067769139849996 0.8759280582422282 
1.6910757766253408 1.5821654322759677 1.326966492979005 1.1850528453571174 1.1798551371626094 1.0176287719443669 1.6074497722445327 1.4924493100567937 1.2186047601618006 1.062312446641288 1.0565110660513688 0.8716225131838897 
1.6864552038776481 1.5798058448701853 1.3208573068602074 1.1816595862963242 1.1733554344213009 1.014109623406661 1.603625049781276 1.4910629272723537 1.213320308362965 1.060095053986198 1.0508306814544388 0.8694253699346483 
1.6834133968648344 1.5771390109765213 1.3180534568612916 1.179301365361713 1.170796500483325 1.0120529831703475 1.6015824697916745 1.4894808500762944 1.2117964589583519 1.0592154894751116 1.049738152276081 0.8691587792480727 
1.686482008374237 1.5782507694818335 1.3209904271303408 1.179690482868282 1.1736166037382054 1.0119436048367516 1.6062987052755786 1.4922631997640363 1.2169591918260858 1.061905646171071 1.0551539691296241 0.8717819827055385 
1.689352007294513 1.578048925588177 1.3247643943547096 1.1795460599527263 1.1779886572246783 1.0119216785650955 1.6104059878024548 1.4932299396107755 1.222496601856218 1.0634030978655273 1.0616753352838146 0.8737749850791108 
1.6898497980249605 1.5776847590963792 1.3256804403343214 1.1793750417424476 1.178719729148961 1.0113738473408338 1.6123840249410188 1.4944159739125515 1.225405456934561 1.065417942914892 1.0646924926404808 0.8758235913042078 
1.6904497318586553 1.577455616599402 1.3265649279025131 1.1792033049228616 1.1792347687975453 1.0106139551485522 1.6143992690598568 1.4956707279147372 1.2281853328960575 1.067326163054668 1.0673609248707767 0.8774994417895661 
1.690664637783023 1.5774965948140744 1.3269324823253066 1.1793635579625141 1.179753630149109 1.0109239422676666 1.616178280837235 1.4973913398474028 1.2306238786282346 1.0698521953288689 1.0702821804785878 0.8807113801070134 
1.6884305311936885 1.5718278552904579 1.3243719872705706 1.1720948377443698 1.1765809205775013 1.0020917176920485 1.6148731028991103 1.4925348526808346 1.2292187114045248 1.0634019881808574 1.0683445803985718 0.8724707963404852 
1.6843980010098563 1.5666915723926007 1.3204174174123877 1.1665453327693698 1.172234689217991 0.9957208563678878 1.6125054740390805 1.4891271809372093 1.2273872388965106 1.0600968311460985 1.0663542772484198 0.8685835030703726 
1.6829874572004389 1.5645336341843212 1.3197123416464662 1.1648859927452127 1.171441534304636 0.9937776309084441 1.612088678545321 1.4880015520469057 1.2280162014786287 1.0598785319526005 1.0670793760044281 0.8683185510479434 
1.6828408925893739 1.5652696412985847 1.319688247189843 1.166058596285367 1.1709827794510899 0.9946437804415207 1.6125450424626904 1.4894351594383022 1.2287901016735936 1.06209260150469 1.0674964702381924 0.870439138694372 
1.6839946578329754 1.5671544565262225 1.3213064315328218 1.1687539386072674 1.1723583430035374 0.9972758732717842 1.6143511451385042 1.4920672581388548 1.2313173020022092 1.0659631237571026 1.0699138734543074 0.8745574764473745 
1.6843486639927019 1.5670433950258045 1.3216547619911942 1.1684887204821448 1.172021790707835 0.9961072522042995 1.614892752257561 1.492137118797733 1.231916997729149 1.06593342629547 1.0698052426932672 0.8735432658397637 
1.6845876069376744 1.5679528841926345 1.3218430124065415 1.1695767572280156 1.1714900654499807 0.9965088133318241 1.6148344964881078 1.4927596231972518 1.2317158743184242 1.0666606004948342 1.0687581667748791 0.8734328025944528 
1.6871444974962875 1.5719759087950427 1.324796576773959 1.1746223530275592 1.1738683504686547 1.0013084472988332 1.616924982128732 1.4963616208096224 1.2341295767592642 1.071320453754151 1.0704936929435878 0.8778430662891858 
1.686940474974147 1.5730579297997898 1.3245645586780588 1.1761013368353936 1.1730270133743725 1.002364932799427 1.6159644432678588 1.4966910724347895 1.2329007202147304 1.0718149421919814 1.0684405879158656 0.8776721337185089 
1.6904299685719018 1.573401601704409 1.3298196698221907 1.1774801381959699 1.1786613210952501 1.0036342119746617 1.6193648606926112 1.4967904574943012 1.2382283422882874 1.0729625106433123 1.0742586202800517 0.8786755401432318 
1.6987518896722382 1.5775668336603048 1.3394339011183047 1.1819654425849344 1.188429067409999 1.0076322644025448 1.6277853517171728 1.5008811689354356 1.2482028457205985 1.0774829353938744 1.0845694154202397 0.8827513516642158 
1.7043982871048657 1.5797219105545128 1.3466287023103287 1.184886769056858 1.195980887257819 1.01040490709715 1.6330522650197086 1.502467135709131 1.2551075814789743 1.079742022284027 1.0919049692560245 0.8847622593024639 
1.7084816168288144 1.5820343473016 1.351795941938723 1.1879711737420229 1.2012049876028652 1.0133196254104624 1.6366305142096063 1.5041551386216783 1.2597627846709871 1.0820931173619024 1.0966054109122387 0.8868295598602924 
1.7112737508633737 1.5821804936207502 1.3553353760578966 1.1881798035625752 1.2052005778267783 1.013580631619409 1.6388026143480492 1.5034996750229115 1.2625965864020068 1.0811972086506698 1.0998748070548758 0.8857549634035364 
1.7162463302093323 1.5827396891330552 1.3615129767861194 1.1888149744838346 1.2114477726905937 1.0134935439148096 1.6439675960179385 1.5040588134634232 1.269190914227249 1.0818544423151388 1.1066768709777033 0.8856055297687566 
1.7221258123670873 1.583911630369889 1.3690028103773197 1.1904736175241348 1.2193716398297116 1.0148526667556232 1.6505740640216664 1.505806587852836 1.2778286747529966 1.0843914704667315 1.1160397050378628 0.8880334241575595 
1.7346871280553737 1.5894784091773628 1.3838553335666992 1.1968114994605459 1.2355742536331031 1.0217367162048157 1.6643959709879739 1.5124536783786142 1.294654432750686 1.0924432622525528 1.1347767411438252 0.8972293091740818 
1.7445868592572285 1.5935128238872132 1.3963923179010262 1.2023357750200234 1.2491944690451526 1.0277094102386142 1.6761749142297175 1.5183089782692456 1.3099200506492756 1.1007226487598953 1.151722994080174 0.9067335140453341 
1.732430053365792 1.5852959224084948 1.3812214282311872 1.1914788733355706 1.2322655954805362 1.0150506241587167 1.6659672333527453 1.5123809356127842 1.296883019630144 1.0925908833616544 1.1369307061580316 0.8969173330943049 
1.7155895124723166 1.5710318473235991 1.3597827353312735 1.1721359892542333 1.2084878151247533 0.9926411684516214 1.6517252547881565 1.5010296490426165 1.2782636775348817 1.076499753509029 1.115971209890739 0.8776590632500756 
1.7220504255349203 1.5641808210961419 1.366739691998809 1.1615426633081543 1.2167384202387133 0.9806407886096723 1.6614322706884563 1.4971844118494557 1.2895258460709502 1.0696171654779107 1.1293147945922783 0.8698022064153437 
1.7298056792908851 1.5579074093497984 1.3762404695789905 1.152773021070063 1.228277644552322 0.9713463749389298 1.6735133188316729 1.4951570607488032 1.3047823459516152 1.0664449251166233 1.1476432861769377 0.8671406577407151 
1.7352463130495337 1.551069208949749 1.3827905833321255 1.14317353072576 1.2364571596913498 0.9610214522850153 1.6830398801430702 1.4924339724597535 1.3166826757241092 1.062256650980355 1.1620541204918127 0.8631950549858357 
1.7384942479899093 1.542348268288975 1.3874541127885995 1.1320357085772517 1.2429072611800125 0.9493652565235365 1.6901983418800293 1.487698344858258 1.3264377481412386 1.0563678479081047 1.1744048043558064 0.8577310621016359 
1.73936304334949 1.5328061941321869 1.388147132896942 1.1185094969511882 1.2449746377215885 0.9349186492791766 1.6938373905927333 1.4809443399297624 1.3306591493579414 1.0463100897774043 1.180535115009291 0.8472155510671413 
1.7418447846699774 1.5265156709585397 1.3905840468961235 1.1090314834494106 1.248677800348032 0.9248908524155702 1.6985562574969368 1.4769293143823776 1.3359618622857465 1.0397215671909477 1.1875463591296131 0.8405314954729538 
1.7449997726527071 1.5228454501222373 1.3948570409034755 1.1043822811680746 1.2543708074401283 0.9205868676871293 1.7022863996866096 1.4737072453367392 1.341037264418107 1.0355747210887296 1.1942365354309001 0.8368004307826329 
1.753553046750796 1.5269377144366434 1.4037797440371478 1.1077852074156795 1.2634722520771875 0.9235543447837815 1.7098044710928206 1.4764896970073986 1.3487329651821374 1.0371456538832915 1.2020171269033566 0.8375175636182205 
1.7569903835949132 1.5264393620596266 1.4083694066703523 1.107477450625971 1.2694721908119926 0.9244249895178084 1.7118620345825186 1.4742705123026099 1.3516511395493291 1.0343900236588712 1.2062404655146504 0.8354747025763258 
1.7641087471519437 1.5313635247641233 1.4158057080609612 1.112429942143774 1.2761261748659496 0.9281662498593665 1.7179380573169687 1.4779396949733774 1.3578428848648136 1.037656914966599 1.2114988696560967 0.837092637871102 
1.767390196702754 1.533207511265517 1.419068139661024 1.1139172097606715 1.2793978984666967 0.92947089669392 1.7192048374178686 1.4774039522760862 1.358584392152729 1.0357647975293425 1.2119637569667667 0.8342141891630709 
1.7699974437456119 1.5350614220499452 1.421834683662626 1.1158568395031685 1.2819341264144581 0.9310626848209522 1.720754372147867 1.47801157907034 1.3600435750614757 1.035973525079671 1.2130374119811804 0.8336560330651963 
1.771964478090066 1.5367583496480508 1.42322547883777 1.1168432643898607 1.2828699917033681 0.9314094315675573 1.7210536181110105 1.4777664463686406 1.359315345463664 1.0341693874859188 1.2115786645583522 0.8304763536748052 
1.7737477761006497 1.5381934521450806 1.4250368101989506 1.1182968449486033 1.2849925165626452 0.9333079291541458 1.7208970315570888 1.4769375464866483 1.3586888276651135 1.0324210640150657 1.2109959486397963 0.8284739649632934 
1.7760275304242894 1.540615022263836 1.4285062172860852 1.122430786652344 1.2889756540854447 0.938445040918753 1.7208541242141937 1.4766718575313205 1.3592995037242528 1.032916259347775 1.2118264582129736 0.8293034564168896 
1.7745165914665322 1.5398539104700808 1.427631513167876 1.1226632039886228 1.2891184357497956 0.9402485169304976 1.7172287853952366 1.4734706083224054 1.3557644726832163 1.0297272636917019 1.2090458673640134 0.8270627797150589 
1.775903635270788 1.5422631355796583 1.429929982400537 1.1266949951819258 1.2917368568590122 0.9451592273093461 1.7174330520192047 1.4745569320199206 1.3566290284996854 1.0320776029776055 1.2100936632211574 0.8301015187120189 
1.776583799001612 1.5446851795997139 1.4317174654501492 1.1312016664039175 1.2947579414218704 0.9519456056282837 1.7172644685880507 1.4760757312126638 1.35741009318297 1.035550322425231 1.2120830776291698 0.8360309182530271 
1.7747276149798312 1.5388877781605779 1.4298998259220819 1.1238910083153082 1.292723867255494 0.943213911778235 1.7159875508208096 1.4707585665132126 1.3563070004139917 1.0286331541283316 1.2108221026112795 0.8274102069542048 
1.7730522934028203 1.5399868692755145 1.42865597466325 1.126455954017289 1.2917107388037774 0.9467638328226318 1.7149254398780724 1.4726895079211368 1.3558439154788433 1.032549197637091 1.2106904897375714 0.8328364691468549 
1.7716001818057032 1.543190138438553 1.427426100705042 1.1315537425036428 1.2904221254202055 0.9529207002547485 1.7132357678889385 1.475820245007501 1.3543097375320021 1.0377974100825267 1.2090487392880407 0.8394447290763104 
1.7700993074545281 1.5486437011304441 1.4263308670329617 1.1399410059520625 1.2889373321659203 0.9624994550912743 1.7117578123820556 1.4816074254170706 1.3532490503418062 1.047057184231597 1.2075689198762116 0.8504519098990843 
1.7662341772655743 1.5532960060918846 1.4217669559182335 1.1465455030398926 1.2847090662640317 0.9714024390236007 1.7078683353060329 1.486593274685783 1.3485741947482905 1.054418167683486 1.2032075742535036 0.8607286333920815 
1.7664903835702024 1.5605184323313839 1.4208664769238524 1.1548121265582554 1.2823622012699847 0.9793785364433919 1.7058908007976363 1.4915739762566254 1.3447812811925963 1.0597953560220956 1.1975090664567014 0.8653077294500496 
1.7611789459149232 1.5636149983720418 1.4159649643737657 1.1610759509756456 1.2782542005149053 0.9884707303375249 1.6955966084343292 1.4893583994908681 1.333511664491166 1.0589588957716913 1.1862674151025139 0.8662395533188264 
1.762288653330095 1.5729769793789101 1.4160604865809936 1.1721017795635327 1.2775019787288002 1.0003032468486743 1.6933454743955823 1.4953307913822949 1.3292798424921668 1.0656360446493918 1.1805799014281075 0.8731346881529791 
1.7602237547587523 1.58126695216747 1.4152150491063187 1.1852641656681433 1.2773433695044571 1.0166728042084139 1.684013855886287 1.495967972256425 1.3192227390463676 1.0688152985511574 1.170094476363768 0.8781449714124656 
1.7641917046143256 1.5948276800425807 1.419676420678318 1.2027402453688827 1.2817630000237956 1.0363490467164045 1.6812825281998265 1.5026023752243973 1.3152261054396694 1.0774612136081745 1.1650128571093112 0.8878952165824525 
1.760567775404571 1.6027353179464787 1.4194853151029778 1.2182364989578174 1.2835112417867638 1.0566753121905517 1.6691008182230935 1.501685436099385 1.30431484289377 1.0818497201520183 1.1548591937517751 0.8960253149286576 
1.7652138063557627 1.61996500516184 1.4257490875146999 1.241397316071289 1.289880870060875 1.0826354394481088 1.667223770628586 1.5125944390843833 1.302465270074024 1.0975985675778737 1.1521492863986855 0.9141962666457351 
1.7613635711201137 1.6220220385891801 1.4223615267817815 1.2456589328018326 1.2859931088730607 1.087350973728814 1.6559131917069203 1.5068518050787212 1.289480198246177 1.0914728790350223 1.1372885055556483 0.9066305801532398 
1.7571611850214541 1.6257913258921026 1.417500314266632 1.2509552934241897 1.2798817022467353 1.092556258023357 1.6415215785197588 1.5000583648465151 1.2713319014112723 1.0825279713457756 1.1158292137894583 0.8947943001304827 
1.7547509701843738 1.6304200850587558 1.4142042114783142 1.2566193688476237 1.2747718447483065 1.0973431289086382 1.629073402386461 1.4943221997825638 1.254871600907041 1.0741607985599735 1.0953412432493355 0.8825480868275678 
1.7523955981298858 1.6332266215516449 1.4096225515878356 1.2584016063820802 1.2678439428987307 1.097254359091364 1.6199103689849632 1.490184038481489 1.2410701064585352 1.0662053620879046 1.0773335299455784 0.8701645819872238 
1.7538971366362965 1.6355946934069576 1.4100043609510575 1.2598123404305104 1.2671785311869044 1.0976138961861772 1.6143318105956408 1.484951861139276 1.2320812987384395 1.0569007341756367 1.0656704268679882 0.8571279332170899 
1.754222836803523 1.634059400806164 1.4104970060099382 1.2579165982540337 1.2672619961014375 1.0948996899090802 1.6128225212226546 1.4812322063616494 1.230203449744391 1.0517855731863792 1.0629448200932163 0.8501200237395894 
1.754461772199668 1.6346840506073337 1.4111225850754427 1.2590960190986231 1.2677623870860029 1.0960279673940807 1.606989393651993 1.4752866658754833 1.222925080006948 1.0438398279956558 1.0542771321194444 0.8399738725162826 
1.7527661766878662 1.6308088270980752 1.4130023809396075 1.2585403803378736 1.27149135543306 1.0972868482493536 1.6003134283448976 1.4657254959033088 1.2187655752198616 1.0357305092257347 1.051429534367853 0.8323774541282338 
1.7556828687271513 1.63541274959626 1.414840715113189 1.26250812874294 1.272112606156389 1.1001922598991505 1.598172047416047 1.4650277878395344 1.2138804746522618 1.0323072860064488 1.044031628037197 0.8259264896720531 
1.7574033388900794 1.6364003682296089 1.4154928454577225 1.2621250592322457 1.2723028788547166 1.0991334246314228 1.5959108404112055 1.4615988095719015 1.2091670316966139 1.0253899649118865 1.0378918684246445 0.8164307687379254 
1.756829310904164 1.6378009095283832 1.413932657396384 1.262991746311907 1.270182495412372 1.0996845744357788 1.5901072341361133 1.4575265375464008 1.2004987913579923 1.0184006773623042 1.0273049012109308 0.8070303288303359 
1.7547382297508083 1.6351733919523643 1.4054468033152303 1.2529830341026171 1.258679140587068 1.0857987593237524 1.5794955396420087 1.4455074979220968 1.1793984151884385 0.9928073270020724 0.9999865417839382 0.7711412649761391 
1.7540634833676918 1.6390648735434483 1.4041395211602017 1.2575383695474267 1.2584116043981795 1.0924260716789949 1.5731656471217519 1.443830013985026 1.1703500521143237 0.9897040974372089 0.9908134111345083 0.7690943841194006 
1.7631917789786793 1.655472818096993 1.4171914786146578 1.2806938311157745 1.2748101837756083 1.1211092750744684 1.588970777660181 1.4685275394959403 1.1934884037383857 1.0276962449371896 1.0203547850909507 0.82028585837987 
1.7664691855297108 1.6657459414406508 1.4208136271256693 1.2934479197192286 1.2811462924373627 1.1382583101502048 1.5904206608397666 1.4777462692986234 1.1948790139700338 1.0402076792765953 1.0248708785139717 0.8394381904738433 
1.7709975312427741 1.676830539341409 1.4258460538459263 1.307044517707029 1.2877529277264332 1.1548315915612977 1.5921103709441757 1.486655250980536 1.196419720193545 1.0520211732032774 1.0279546587607842 0.855581195719027 
1.7714873471865384 1.6846266321775873 1.4280174930448155 1.3187241671562708 1.2924456582936088 1.1705619369525049 1.5893992220464936 1.4919749849250152 1.1946783777410555 1.0616288875317965 1.0288042794632999 0.8707684617864841 
1.7754082361902008 1.6967046249515558 1.4320214186708242 1.3331982308464108 1.2981615469316596 1.1882573715874856 1.5925704546838737 1.5043313572255284 1.19786960539618 1.0777865144507979 1.0341323174197778 0.8922790085685082 
1.7756523532845614 1.7021024682800387 1.4320370038951509 1.3397542734863734 1.298423028648599 1.1958736948879676 1.5922240846454372 1.5097645738740197 1.1970656776154767 1.0849782344936696 1.0335079183658924 0.901304693278028 
1.7764737112285112 1.7028712008504931 1.4317570480657673 1.339343019799633 1.298368069033585 1.195688555889869 1.5916763262315614 1.5090874750941377 1.1947815388120122 1.082318994329306 1.0311810333234412 0.8984685879239186 
1.7801520653188592 1.7063718597243098 1.4357052433069262 1.3431355455273304 1.3020444368987565 1.1992010939200313 1.5938038370072398 1.5109514283586352 1.1968787912144654 1.0841044178763408 1.032757963348141 0.8996402385726197 
1.785022532468428 1.7118780348552871 1.4415256103933776 1.3498951997173707 1.308223501325366 1.2065113734316804 1.5967388945660463 1.5145283299496248 1.2005272764164918 1.0888005814748631 1.0366862521611828 0.9049526784423592 
1.787247804263863 1.7138783314593833 1.4449001971921798 1.3530930496628826 1.3115106274239643 1.2096215718339351 1.5992990895532955 1.5168657814869448 1.2046739989914286 1.0928694638638232 1.0409433173069513 0.9092234109645441 
1.7903186053088427 1.7159789120251447 1.4477820113936353 1.3547751365134364 1.3142320634176445 1.211011492313347 1.6032626431483394 1.519800651702387 1.2088354507189967 1.0957308359788913 1.0451872133330944 0.9120083491476378 
1.7917182145423984 1.7159496818738598 1.4495509144293623 1.3547793192704856 1.315668357422569 1.2104595726925376 1.6054303349329737 1.5204064294533224 1.2117550303270874 1.096621814447898 1.0479196661591004 0.9123402748552758 
1.7906741604306466 1.7127028902976724 1.4482052815930484 1.3506057082783267 1.3146802829714912 1.2063256144316925 1.606493112725355 1.5190975488210097 1.2130971560571728 1.094733735496445 1.0500906717203045 0.9107840910084015 
1.7909281581283487 1.7096682349441368 1.4479976265094496 1.346194240210899 1.3133210822860493 1.2001475205894483 1.6099061602394718 1.5189929725897353 1.2169927294676004 1.093898125776345 1.0531792071518502 0.9081454995632583 
1.79288268599231 1.708213129188217 1.45172346062568 1.345758067087469 1.3177635624538266 1.2000269061696076 1.6131525403169409 1.5184942829431396 1.2228384188971984 1.0949418102031725 1.0603459808623787 0.909888656996558 
1.7956912659547017 1.7069522723925235 1.454438444976617 1.3433428928706177 1.3199251409932307 1.1964034918981137 1.617765622958406 1.5186653839559259 1.2280267417389574 1.0941794258831594 1.0652984868223554 0.9077663816346143 
1.797990764360596 1.706162038004011 1.4555755382411453 1.3404917973363357 1.3193015676205346 1.1911233091187494 1.622521068068455 1.5201291811967823 1.2322759330304232 1.0939479358388131 1.067876609878688 0.9047533172782513 
1.7941148425195639 1.698437163909516 1.4522709359306893 1.3322655902443026 1.3156366346940176 1.1818377579638417 1.6208334265892346 1.5142462574987596 1.2318050981989805 1.0877428609506017 1.0673109589754055 0.8972142524219061 
1.7946562452129935 1.6955848845994117 1.4545517412873288 1.330390104624204 1.317733667203658 1.1792536114347925 1.6215425121414486 1.511164180716973 1.2346375372075806 1.085609004514056 1.070061258938945 0.8940068010267036 
1.793257079297054 1.6911950111826253 1.453960043621901 1.3260352264736408 1.3172363282452395 1.1745131578015635 1.6207825765502912 1.5070851913043934 1.2349757149227674 1.081450243815683 1.0706431489758856 0.8891829765852471 
1.796699577640625 1.6930158710106646 1.457988949853187 1.3281209075584948 1.3214450663928483 1.1766012199101272 1.6230680164102795 1.507489022545106 1.2377205627660872 1.0817234206089834 1.0735164074638075 0.8891630020946665 
1.7968935257972296 1.6913160281425819 1.459911758652556 1.3278049205557265 1.3243331692032785 1.1771074322473711 1.621170661914408 1.5033023245681487 1.2372187822095166 1.0781622693509543 1.073883753044062 0.8859739719946629 
1.7931366560039421 1.6864567184203096 1.455754956544885 1.3221269566516674 1.3191773193566512 1.1700538431649201 1.6205090076593218 1.5016146775737775 1.236904551816752 1.076443248065127 1.0728183335052586 0.8830268244538215 
1.7842943114110967 1.6761071909439442 1.4452161238147048 1.3093046896479064 1.3073941943170775 1.1553824930013437 1.6179037442734348 1.4977455229557521 1.2339189521739262 1.0715339968167132 1.0691987258381859 0.876820985796987 
1.7855436989096627 1.6768374191662112 1.447360693647579 1.3109044233337535 1.3087878263171615 1.156089531098695 1.6190686280439135 1.4983326239243409 1.2361512444341105 1.0731669621806292 1.070580448128958 0.8773596329419312 
1.785279483033119 1.676842105846284 1.4479625139274153 1.3119344713586119 1.3099325673251276 1.1577996140692914 1.616920478792634 1.4963316644845155 1.2344247421122927 1.0716254286545277 1.069173668371514 0.8761900185113959 
1.7877577606068447 1.6803278271248145 1.4505877559837599 1.315913611833999 1.311814752550832 1.1611553474923157 1.6185272842958194 1.4990178004313357 1.2360249177140403 1.0747936514559433 1.0697713327669611 0.878541120500344 
1.7875381178520362 1.6826204361572459 1.4521634242653267 1.3208700239516376 1.3145100603548074 1.1678423301858858 1.6164305919444857 1.499588899656836 1.2354488846463862 1.0780783626314 1.070276615914783 0.8839745720177703 
1.7896622580199315 1.6861503827894475 1.4556682117093167 1.3263416068950713 1.3188237211170415 1.1745246370259756 1.6170757471995554 1.5017143828907682 1.2373410673621885 1.082231506000911 1.0730046513324163 0.8896915743003302 
1.7891554121646334 1.6878056099201708 1.4568027918966933 1.330370272697793 1.320398720113739 1.1794335369481403 1.6154181385876536 1.5023935737608836 1.2372441343881972 1.0855338484257413 1.0732900137791277 0.8941823872555308 
1.7904774451935996 1.692496448784162 1.459556143403535 1.3375495815658573 1.3241453053751315 1.1883162614165472 1.6133883333367078 1.5039137812876775 1.2359274121674786 1.0891516494717346 1.0726477623838127 0.8996154564851585 
1.7915564082654498 1.6969693453910708 1.461954032108055 1.3443735296401071 1.3279709409459983 1.197304228338395 1.610579436413181 1.5046583386925416 1.2335320624114317 1.0916189555870675 1.0713536190245496 0.9043390803216456 
1.7936950610650073 1.7006675943549348 1.4648546120653068 1.349343295417812 1.3309396743988813 1.2026340720639008 1.6095192690642135 1.5051513451772882 1.2324809693820835 1.092674532644099 1.0698648149598156 0.9052839425776865 
1.7648672485253274 1.6746463028464729 1.424467811120125 1.3110272230725648 1.2841856115520685 1.1570723917012973 1.529996009379554 1.424981271258454 1.120374905430035 0.9720718921136233 0.9355554867122313 0.7516301640017914 
1.7667472946293847 1.6794647404992609 1.4270283315618684 1.3174276718591613 1.287282298130542 1.1646035920347533 1.5287423929100186 1.4269755132377886 1.118958068865965 0.9753322364098553 0.9342125110916948 0.756279596035917 
1.7703778215570258 1.6864036232352564 1.431378686393297 1.3261087788190682 1.2913943536584787 1.1736349202631116 1.5289014540711905 1.4308246593000138 1.1189937305726962 0.9807479382904662 0.9332745586701696 0.7620504912805975 
1.8038787601633348 1.7255095842122727 1.477110733617629 1.3803118717190004 1.344728841576773 1.2376188432665407 1.6018170741281321 1.5130177404143055 1.2221683505018488 1.103222652418092 1.0583643110802678 0.9184442056044614 
1.8056151855339386 1.7307029449304001 1.4791256367972128 1.3866863866032435 1.3473530423132463 1.245169348318035 1.5995993112747828 1.514531096409301 1.2191326457079066 1.105156501673297 1.0553823852191015 0.9213677139941252 
1.811003078233886 1.7416187138442818 1.4856891202982576 1.4002770287384603 1.355069686389822 1.2608399779562076 1.5981627489003147 1.5190878075386591 1.2172362896219497 1.1113810236874708 1.0538528728302687 0.9295748881142446 
1.8154871261361922 1.7501349932408785 1.4917664244667292 1.4115048900256244 1.3629249081171897 1.274575731200877 1.5967743043919045 1.5220601724525382 1.2161668220956574 1.1162619444226567 1.054162691033149 0.9371435154586785 
1.821958232202377 1.7624147877131564 1.4992543402271712 1.4263020930889816 1.37121933821326 1.2910524999201274 1.5964026018176025 1.5280953344441606 1.215209053574738 1.123969362549536 1.0531913124831644 0.946459732239048 
1.8237575505046963 1.7686736823345595 1.5009789039899561 1.433545486471528 1.3741578575341664 1.3001633778040704 1.592584734205025 1.529196235668559 1.2096165519795479 1.1248498541507173 1.0481146645395674 0.9490307379547249 
1.8281361420831574 1.7777189224426595 1.5052908746121763 1.443642417778963 1.3788057877709574 1.3112239372474443 1.5925210701245651 1.5343813645931346 1.2082806884125434 1.130550766312902 1.0464927162626074 0.9556933704963585 
1.829946315250502 1.7813896701336545 1.507062983786308 1.4477169879706773 1.381832347826208 1.3168546911709318 1.5929211712758702 1.5368941076270968 1.2082769460264025 1.133392614436361 1.0479288996391358 0.9606251187944702 
1.8304448033489593 1.7845449289124693 1.5072854335218695 1.4512001251747502 1.3832174731788238 1.3218785887165319 1.5928314641879755 1.5398650910086928 1.2076809484740623 1.1369105938934734 1.0487490039600562 0.9664092810539489 
1.8334919323977648 1.7844537831974494 1.5108697637346806 1.4509686699469737 1.3880364187468892 1.3225837357111607 1.598537965194349 1.5420461291309315 1.215054897100411 1.1397109463226585 1.058430942370682 0.9710091132258698 
1.8338732652646013 1.7821718767706582 1.5114773671650694 1.4483125618291963 1.389894970798963 1.3209290197252272 1.6073000606769885 1.548050041294612 1.2267380174480003 1.148012024654903 1.0733733562243148 0.982433614628617 
1.8296198880510017 1.774340680509738 1.5055219504051611 1.4378359638400204 1.3841239220357981 1.3101812650590605 1.615538306494699 1.5526557685178515 1.2365481907923201 1.153181401129831 1.0854741436587794 0.9894594647138204 
1.8240798705338097 1.765203998751034 1.4987957284722426 1.426557541358441 1.3778709000797718 1.298924940251222 1.6251844677102474 1.5588144011416627 1.2491380290771072 1.1614747516871127 1.10112914650673 1.0005814211780268 
1.8172384723223007 1.755597686210679 1.490991728108607 1.4152116109714088 1.370484951135287 1.2876321570341005 1.6341751686059516 1.565342151808444 1.2614393166887934 1.170895691438093 1.1164236730239512 1.0130001916230273 
1.8053863661103127 1.7399181428265527 1.474956171463071 1.3940555657996563 1.353466883428257 1.2648192824814932 1.6342699896091222 1.5616445215659678 1.2597278181166756 1.1639627951687286 1.1150296285467036 1.0055775879249695 
1.7865676208497794 1.7171833409711499 1.4529946724846723 1.366780260652326 1.330738250997859 1.2360255075478177 1.618733776217955 1.541815099455457 1.2408338698910666 1.138667403287211 1.0951435828551614 0.9778722972396957 
1.7700078760035534 1.6982038107408104 1.4338266536491118 1.3441827161567768 1.3105844285335493 1.2118580139664092 1.6045005268664172 1.5249230283573694 1.2236637333494076 1.117282969535744 1.076626956709988 0.9539884200631631 
1.7564145143478402 1.6821541186382893 1.4167595758673242 1.323577813523542 1.2921782250958107 1.1892750304499626 1.5965316707825623 1.5144516857436425 1.2129011193876278 1.1026239876094481 1.0647281319716129 0.9371747583304623 
1.7601971084416115 1.6855548723866007 1.4223996862226207 1.3289176929464857 1.2988416201239512 1.19573865097111 1.5936539262230711 1.510805812745705 1.2102313181231967 1.0988453988738407 1.0622751668782482 0.9333969666900627 
1.763852236299787 1.6890454361620233 1.4265364949764727 1.3329314106208767 1.3035103189080475 1.2003495013618992 1.5921074761145242 1.50880946093924 1.2077408147031214 1.0955992193406128 1.0596087275498254 0.9297690193912463 
1.7593095587263317 1.6848012442617202 1.4243951070632894 1.3312725229140125 1.3038467696113067 1.2014164589624365 1.5837417161348755 1.5005408800382083 1.2008201867997723 1.0887397440462252 1.0550280084556238 0.9254562160717491 
1.7580068796664705 1.684372071887515 1.4219718944320383 1.329859073794904 1.3008695661574377 1.1994926909967563 1.5821382680267362 1.4998941918530924 1.197738443381793 1.0867835416285252 1.051111287331004 0.9226895609871395 
1.7516023779296601 1.6790747821252154 1.4161392547235034 1.3253798030635746 1.296777377643842 1.1970015876216873 1.5749747027710763 1.49389643147336 1.1907496851852786 1.0812335762307976 1.0459760949318297 0.919373278254725 
1.751746452633771 1.6814246442570657 1.418652391784189 1.3308447725843162 1.3015057676072743 1.205193122746309 1.5685363583656582 1.4895903824592183 1.1850169964667174 1.0783498884476228 1.0419251107037397 0.9187933044569928 
1.755556851595026 1.688325752567389 1.4246264080039508 1.3409043179818014 1.3088422615358353 1.2171820131690412 1.5639081907779115 1.4880432845795315 1.180419151141763 1.0778930188020703 1.037736496217725 0.9194351652956505 
1.7562484535278489 1.6922103095298056 1.4272442350624366 1.347662126676772 1.3130558185084744 1.226084288978111 1.5584737847390826 1.4859366200746789 1.1753544204702513 1.0773231246376178 1.033705707500428 0.9207141743662688 
1.764709602331276 1.705084457351075 1.4374532305992465 1.3635926137597731 1.3244888522596971 1.2439388031170222 1.5558240630483289 1.4878513169333187 1.1716058743281421 1.0797098456993945 1.0298831265537902 0.9239979872814714 
1.7724427440325992 1.7168464353324704 1.4473510096979967 1.3787071287673136 1.3356735116314202 1.2609647621221658 1.5533746059704368 1.4896244721787468 1.1688645477016617 1.0827062078485605 1.02734761170395 0.9281441250763859 
1.7784738804700648 1.7248357739258109 1.4554669750682254 1.3894147037563156 1.3447196315642345 1.27293361610661 1.553389615168793 1.491679724342411 1.1698008670343216 1.0865188318728076 1.0287472189582094 0.9329576324861972 
1.7821047008652466 1.729474809705539 1.4606609506815778 1.3959643138010407 1.3500850865208498 1.2798108037542153 1.5518107280354811 1.4910742732023814 1.1686529782814103 1.0867086712665959 1.0271071568468455 0.9328103045132007 
1.7827781849812976 1.7313795341418385 1.4622202304869159 1.3990943630953596 1.3520329981347383 1.2834992257283249 1.5506502874746484 1.4912723924371463 1.168035213358403 1.0879721016851536 1.0267480144832077 0.934659574200794 
1.7710374128398982 1.7210288750275633 1.4484819412331797 1.3868910573937092 1.337812255317853 1.270869191332704 1.530666456703955 1.4725171213533106 1.1421323119843165 1.0629360700807176 0.9980520600042064 0.906352462058023 
1.7606390137949604 1.7126019038226281 1.4366143800257918 1.3773221921456469 1.325344459714866 1.2608304727348916 1.5194299190475649 1.4634967792847682 1.1281304972816266 1.0515864030011466 0.9825250525543305 0.8935944398757694 
1.7547819364309174 1.7074445963322618 1.429876667557115 1.3713696400111242 1.3174241702747982 1.2536801224970588 1.515560338232774 1.4604898301406417 1.1234815436064094 1.0480067671271214 0.9763554367259089 0.8884691012884129 
1.750596693546906 1.7052061763485844 1.4266742523285965 1.3705979507708888 1.3144013013754057 1.2533116537626865 1.511782361802571 1.4589808874201744 1.1208463535459978 1.0485398746148664 0.9739342416494863 0.8897680750944933 
1.7429316529759964 1.7023461608690635 1.4179592190700125 1.367764618428785 1.3051459485228614 1.2504309862705898 1.5072920956289926 1.460171622113524 1.1156733668711647 1.051141648887361 0.968258571635511 0.8931384920747958 
1.7369126250603653 1.6971118437316055 1.411970147380634 1.3627115762824098 1.2996209628557436 1.2459284851604002 1.5029351576478904 1.4567557211605828 1.1115792000996105 1.048299318484034 0.9648643780833086 0.8912274744048738 
1.737467842116003 1.6978919546270428 1.412827038383411 1.3638631997334778 1.3007408267549843 1.2473849789007563 1.5035144729556946 1.45760020499012 1.1125832590809732 1.0497066712121248 0.9662753056904848 0.893157630873319 
1.7351314058278842 1.6951352845393344 1.4119144626677107 1.3624628755640464 1.3002212981989836 1.246345883649579 1.5024473427345966 1.456073712107409 1.1136289651810651 1.0502247899808164 0.9681128273554948 0.894452393305675 
1.736259105780586 1.696097544366479 1.4140673339010417 1.364455064267783 1.3033912256901226 1.249391805962405 1.5032333322561737 1.4566611303958106 1.1156617738391865 1.0520705257757201 0.9715675251911212 0.8978277416108282 
1.740036823901957 1.6981119153032318 1.4186657527884468 1.3669193269885425 1.3083380326715304 1.2520400696841976 1.5082221712780948 1.4596540844648127 1.1223272640076112 1.0561602226437095 0.9791600365286617 0.9025576466325075 
1.74158477716992 1.698318497417372 1.4203572134044309 1.3669611538994075 1.3104953915485549 1.2524241908674552 1.5123624076490398 1.4623297284367847 1.127624551732535 1.0595778934415347 0.9856574898360994 0.9070219787138569 
1.7428753928552552 1.6988435926654224 1.4235089838214439 1.3692453192691074 1.3145185502762446 1.2555532391501205 1.5170575355669147 1.4662600327160118 1.1358814895139195 1.0670902846246706 0.9958955518629251 0.9166585337738149 
1.7478059623343662 1.7029053976224162 1.4282617694146826 1.372950397229106 1.3209987441218707 1.2609911947557604 1.5263993979203345 1.4747732819832204 1.1467349833207148 1.0770618521011501 1.0100035257223412 0.9301442002461552 
1.749876341513094 1.7041810540219164 1.4345689634824985 1.378460723157265 1.3281055272030344 1.2672924467885263 1.5350446143963536 1.4827433434304298 1.1628769791285964 1.0929083780844806 1.0286685807330027 0.9488545216666515 
1.7561484865901973 1.710067859516996 1.442765245961047 1.3863066515576705 1.3391553767031816 1.2781282017673503 1.548262218861211 1.495790919732113 1.1809445145107538 1.1112625808300396 1.0518533711278584 0.9729697279736097 
1.766213166879989 1.7197894073578428 1.4538858795862348 1.3971223302417866 1.3520574510205696 1.2908237701794307 1.566046328771994 1.5134952126320849 1.2028201460984262 1.1335532447398489 1.077520999266483 0.9996090028907502 
1.7646544387035101 1.717117150935253 1.456125566575905 1.3981372206031852 1.3567791136496758 1.2943475519488574 1.5629867802499162 1.5091102336264242 1.2038372202403447 1.1330093004190211 1.081559961553681 1.0021267247389423 
1.7657152706273571 1.7184415079968944 1.4596842726174177 1.4021301563002775 1.359357588909791 1.2973603408485401 1.5636267332476252 1.5100395227962213 1.207417210299174 1.1371662671776015 1.0839885601456503 1.0051477493416778 
1.7706366285831319 1.7235888179610122 1.465479988836504 1.4082740999536416 1.3612527483462575 1.299466578177461 1.5686205507005955 1.5153134246749878 1.2136918716380365 1.1439634182089216 1.0855530417626953 1.0069904415634936 
1.7669236845339868 1.7198341191659037 1.4637245986069782 1.4065204552537298 1.3597112980949888 1.2979310092016292 1.566824605042683 1.5135221945670831 1.2146644543112142 1.1450850741526413 1.0870762853485307 1.0087343260973922 
1.7598850005650626 1.713623525233559 1.4556579150383822 1.3993749807088482 1.3520153830537174 1.2912226636153386 1.564957806911704 1.5127469413070682 1.2127809727291612 1.1446169922003997 1.0862059280881735 1.0095314206273573 
1.7550173419890331 1.7093727347135999 1.4477522907881204 1.3920689533863795 1.3434237753896758 1.2832212263605407 1.5672986334078933 1.5160126258650521 1.2133943427765972 1.1463834901908916 1.086796473992371 1.0114325738190608 
1.750337178077344 1.7043801359203172 1.444337342922269 1.3882873517106462 1.3411256478644198 1.2805660522283728 1.5676476878303238 1.5161631455485785 1.2165317079138382 1.149426294774815 1.0919968129805875 1.01670470163158 
1.7489659873315462 1.6985869689664437 1.4411811260360754 1.3796081705841736 1.338227234531793 1.2716791252287702 1.5786757385994787 1.5226728978814228 1.228958136326299 1.156137434366092 1.1064299318269595 1.0249404179476043 
1.7495943136889307 1.6922995914709191 1.4424737463443278 1.3724169022904957 1.3407181192527533 1.2650386239528975 1.5876252570719074 1.524254441257312 1.241049637723101 1.1588795658275455 1.1211595647777528 1.0294641394884234 
1.7508457841627885 1.6867794456954381 1.4415790550367364 1.3630532309563739 1.3398083832849421 1.2549304532206595 1.5954050971839753 1.5248217478186128 1.248201360406489 1.1566203243158966 1.129133724640536 1.0269892436732773 
1.74123112028559 1.6702672322329173 1.433243496217935 1.3461403092809494 1.3344418850781814 1.2404200729877803 1.591983578511729 1.5140404641458598 1.2476829803483775 1.1465686339120786 1.1328111248796113 1.0203763312969436 
1.741069701428754 1.6638098847864833 1.433102058484744 1.3381782906299184 1.3359511199266276 1.2335740846472134 1.59387800274463 1.5091012938544617 1.2501619464826188 1.1401072405318766 1.1374923196370208 1.015297200189782 
1.747242548361987 1.6646553353852231 1.4404138615017872 1.3390343368362476 1.345726265630009 1.2366082826936304 1.5991042094893284 1.5084280346196466 1.256610457702183 1.1389867010753416 1.1468465163248698 1.0166010991664773 
1.7520819213726966 1.6640580283154311 1.4470758429332722 1.33915143191539 1.3547652236461638 1.238824795360926 1.6041615907386138 1.5075252805843886 1.2639508871791816 1.138801961537229 1.1571223622422306 1.0189358289907366 
1.7582212494015763 1.6660266825015857 1.453806847915926 1.3408420100844245 1.3627939903915192 1.2415757750565368 1.6128361028471678 1.5118013227958362 1.2741478265284762 1.1435714358129272 1.1692329934821546 1.0253822399511512 
1.7620376012032208 1.6667385851578527 1.4593989645240948 1.3427905051995266 1.3703273503998963 1.2454067811177199 1.6205148708524708 1.5163474040779705 1.2849658657933292 1.150816353487384 1.1828309202307827 1.0355336735490546 
1.762012608648349 1.6639243371006267 1.459401323637799 1.3393311726364618 1.3714180740517312 1.2428770254517378 1.6209872437609616 1.5137884300640427 1.2855984734106367 1.1474838567037706 1.1847779307683612 1.0332736867818515 
1.7601621217961714 1.660842436056473 1.4575344789767413 1.3359018151817896 1.3698227402864944 1.2396133438318582 1.618484316329942 1.5098736319990491 1.282859128901533 1.1427836396300046 1.1822584856984535 1.028572811912701 
1.7586819524902193 1.659505764676583 1.4558385020375062 1.3343398806131854 1.3686443212225776 1.238621996815336 1.6149148488433716 1.5063024736070807 1.2784574701626996 1.1381786661130184 1.17820840135131 1.0242910767915583 
1.7535415212287846 1.655768479115773 1.4497618358452398 1.329838625711165 1.362324812470712 1.2339328524815927 1.610060180140283 1.502982093517205 1.2724760499409646 1.1339562105449046 1.171885152936652 1.0197922344445265 
1.747178196273305 1.6521210237064474 1.4414038365193982 1.324581914180033 1.3532643165076215 1.2280865351321297 1.6051332157590037 1.5011078801248232 1.2654904230111108 1.1306362094736044 1.1641070831898757 1.0158826352354096 
1.7418211841255578 1.6490369965008547 1.4359233502762463 1.3218388124989218 1.3474354226709937 1.2251384397808107 1.5986204851272738 1.4969867847875478 1.2583808190959365 1.126456507916999 1.1563860238988362 1.01124211474234 
1.7397827785108146 1.6488979475100363 1.43117435877073 1.3191968655598034 1.3415629892043124 1.221397387791054 1.5970154277284896 1.4974907683531176 1.2537440748425535 1.1242306391941157 1.1503935909082639 1.0076833524985962 
1.7394646474546385 1.6493760823852421 1.4298516987941405 1.3187797700694721 1.3402361065664847 1.2210393207200536 1.5963061738101778 1.497630662728461 1.2517715531775315 1.1232258111103437 1.1483418315747669 1.0066743085747694 
1.7331967276184808 1.6431010533401196 1.4248024349457753 1.3137245348578255 1.3354291672070857 1.2162159493640141 1.5907961423851298 1.4921268516742838 1.2476872399072656 1.1191664860454902 1.1445665252083037 1.0029170980132955 
1.7355630733920937 1.6402387925732673 1.4277050645431675 1.3101701669104706 1.338011898647471 1.2118085475281193 1.595890221450777 1.491666756974295 1.2542041972989129 1.1185849469138274 1.1510700491812869 1.0015819352715034 
1.7390503593654814 1.640236446208049 1.4312473675815827 1.3094076806973487 1.3405104930619567 1.2095651404819874 1.6007309254866073 1.4927889813597937 1.2595683270903606 1.1191924846375665 1.1554270748988054 1.0005454374835807 
1.7382530815209534 1.6388520472809895 1.4310912082103957 1.3085619219880618 1.3401347085338438 1.208417682126958 1.600193451997942 1.4916203743838745 1.259808459495764 1.1186731480093235 1.1554463836185087 0.9996842515900158 
1.7381156598272625 1.637738667265556 1.4311155003481584 1.3073765603898364 1.3392900446642466 1.2061673677631806 1.6015445655793534 1.4920076711789252 1.2617410684989057 1.119433972709762 1.156545188194893 0.9993691348329505 
1.7398948457451358 1.6414721562702457 1.4291483012796433 1.3075402986564084 1.3343832057735474 1.203235349136024 1.6050002035048128 1.4977391023841535 1.2614501361728452 1.1218080101383168 1.1529831390139622 0.9982819663854947 
1.7339692831531819 1.6370446929631333 1.4270663982165508 1.3075872272084794 1.3338686348058266 1.2051852084882055 1.5967422142972107 1.4909230532655802 1.2567635930909042 1.119250008156694 1.149844232458797 0.9977011630537271 
1.7387012366304484 1.6402401328038068 1.431928304301668 1.3106198425402575 1.3386586073604614 1.2080201033344808 1.6005890362801596 1.4930475431345949 1.260643463260033 1.1209494388509458 1.1536074461705983 0.9990574772555632 
1.7403718849545373 1.6415619148055942 1.4349020224183286 1.313306908586188 1.341248899324883 1.2102808897690693 1.6010629182952836 1.493061850875646 1.2623200799877223 1.122177885426464 1.154753991264031 0.9996439378799884 
1.7406859789903406 1.6423300570024164 1.4353582534871079 1.3143491372285983 1.3412848445626904 1.2109109682109418 1.600753477101818 1.4932086368399964 1.2620132062912655 1.1224694523832532 1.1538929981820498 0.999364493032227 
1.7441435985333205 1.6459121950410234 1.4368520339634 1.315877588905883 1.3421259861521049 1.2117310857549046 1.603880016929184 1.4964695687466416 1.2629085413856223 1.123355707416293 1.1539914987142497 0.9993430044708174 
1.7409827865610534 1.643872208616561 1.4355316163365717 1.3160721092181424 1.3412706885270735 1.2125600335908693 1.6002752325465424 1.4940467178311023 1.2611941873882428 1.123345696329447 1.1527648575064606 1.0000807926672175 
1.740375051018685 1.6434412545108787 1.4345659156024484 1.3152844578372735 1.339992348563338 1.2114344113604707 1.6002108896043328 1.4942117420326646 1.2608524652822353 1.1232732428168537 1.1521063610658044 0.9996713990248446 
1.7388364317640232 1.642003404658419 1.4326079320001828 1.3133881875933864 1.3377985338719132 1.2092675310740135 1.5998251641444576 1.494009237022931 1.2602594598850827 1.1228877729808266 1.1513441434383729 0.9991077925378424 
1.7364683006684603 1.6397914226713133 1.4294260975742712 1.3102872658567701 1.334597713779853 1.206128023166036 1.5992610391135056 1.4937301034211 1.259195251113349 1.122125853488106 1.1504193885824465 0.998528177001736 
1.7350081748370638 1.638466607786512 1.427434029141606 1.3083911363317315 1.3327671846018116 1.2044035147870666 1.5994985653483533 1.4942272647196075 1.2592498566017152 1.1225104273152389 1.1508304228475368 0.9993648584133025 
1.7339378481398464 1.6376191479375908 1.4250188715984924 1.3061143889000841 1.3300633923282905 1.201800582497712 1.6008009311628477 1.4959343681097244 1.2596435783235829 1.1233690207994165 1.1511263126224853 1.000173884927936 
1.7312325143891245 1.6349515969587876 1.421931360818127 1.3029925173991177 1.3269751658859672 1.1986508233835615 1.6004153318054941 1.4957372562713311 1.2593855685524151 1.1233666880400583 1.151097869982431 1.0004633985299463 
1.7307868759688465 1.634330993962361 1.420091670571305 1.3007978092793666 1.325238927750766 1.1965253041310908 1.6028861620296058 1.498218487479713 1.2610635159364496 1.1250314569050945 1.1532038215450033 1.0026433273233306 
1.730707837882469 1.633616040661884 1.419670707209179 1.299544791497319 1.3238969346999072 1.1941753815532332 1.6058073197329155 1.50065615525603 1.2644099196494032 1.1278670990448343 1.155841953602572 1.004650371974156 
1.7312831745854402 1.6335787151657675 1.419285800606291 1.2983105067134904 1.3228619190991326 1.1921416212189893 1.60940230700799 1.5037997785086419 1.2677564983081886 1.1306832125058903 1.1587916172473118 1.006993545283504 
1.7290868576584608 1.6305637434602827 1.4171563246611893 1.2951172953393875 1.3200792460027582 1.1881102540956416 1.6102491350493593 1.5039611155502692 1.2694459280045014 1.1315872588038494 1.1600733301508186 1.0073563875248968 
1.7288829118287017 1.629638969813035 1.4166034738109639 1.2936199021093058 1.31915926302069 1.1861147542853052 1.612507894186348 1.505612419559991 1.2719712999959119 1.1334010927881135 1.1624658047500969 1.0089666973360865 
1.729071663042712 1.6286599629503054 1.4167327708277557 1.292275590931474 1.3175585724882555 1.182710890673325 1.6137204109563992 1.5056354219123864 1.2733956544363148 1.1333053214898845 1.1620522108482432 1.0065832303974123 
1.7279291355872324 1.6262581145227961 1.4146787436062083 1.2885233040388675 1.3151847009493534 1.1784257104507012 1.6141811402724418 1.504844547138089 1.2732468745735213 1.1314300513293962 1.161702394596499 1.004255351517352 
1.7293062635736216 1.626014003419085 1.4160534112931475 1.2878775755928666 1.3147016597064751 1.175526197119809 1.6171486985540198 1.506184351039062 1.2766663713104374 1.132827616945738 1.1632326568812277 1.0032604846773145 
1.7301385643288256 1.6251681820408033 1.4164857592569755 1.2861664255911092 1.3145381092147197 1.1729461235358638 1.6190453355535817 1.5063532011841743 1.2784209998970646 1.1323216950662962 1.1644478465684112 1.0018637409936593 
1.7297891617683496 1.623047961574534 1.416556263821261 1.2840349644660187 1.313521934712645 1.1693818941523124 1.6208277268640396 1.5063852965198676 1.2812273898770858 1.1329862161435371 1.1662983533261333 1.001182296273386 
1.730982907976922 1.6224397442457579 1.4167275964377344 1.2818447560091821 1.3123183521189667 1.1654133830140445 1.6237379434219799 1.5074925555067396 1.283487500409817 1.1328499722859333 1.1672200043300491 0.9992054015607801 
1.7320972828884755 1.6223119223471298 1.417707071220864 1.281260440265616 1.3124211832295454 1.1636942631935763 1.6263334759481647 1.5088722778915515 1.2863486764441592 1.134208046784028 1.169294205830868 0.9994918287758234 
1.7310617160480586 1.6196924720042536 1.4169829511914567 1.2785420302310166 1.3111398945830492 1.1601365705240265 1.6273330717979186 1.5083242243189128 1.2882076485439953 1.1341551855311731 1.170780118112385 0.9987768139415583 
1.7343070771326397 1.6221799323356088 1.4205186002979193 1.2812180879430168 1.3144984860365416 1.162563101458308 1.6296182670160395 1.5097358680485669 1.2906230093223816 1.1354974448550557 1.1729198302494335 0.9996937647461647 
1.735815503923974 1.62237485796065 1.4219220012584517 1.28097888106824 1.3150022401740766 1.1611527064701008 1.6320328188069135 1.5108195913949618 1.2931890177630028 1.136390140639578 1.1746091050485008 0.9993754378324693 
1.7379906715224598 1.6232782388361802 1.4243420240585092 1.281862265564866 1.3168269243522819 1.1612294411868356 1.634479304946713 1.5119336178149787 1.296017447991766 1.1375772026016917 1.1768365106076077 0.9996823690948491 
1.741841054155987 1.6264656191334756 1.4285117173979498 1.285311588301934 1.3207670178889386 1.1643906852183419 1.6378455412960162 1.5145686413706183 1.2996820711017136 1.140418185677184 1.1802344151664277 1.0021643712601442 
1.744078811630782 1.6279281853507668 1.4305649496543107 1.286411812235662 1.3227937288857399 1.1653851400543256 1.6392309117325234 1.5150634499780662 1.3006856484098839 1.1402291135817575 1.181122487288867 1.001693368980468 
1.745434963102424 1.6280511485148002 1.4317615347607158 1.2860592615351596 1.3235939613115346 1.164434758232663 1.640981575283635 1.5155289050956302 1.3023895010404376 1.1402744161737384 1.1824458949230447 1.0010922166216059 
1.7471861442094716 1.629018558567569 1.433700644527148 1.2870662685959724 1.3244107118705888 1.1640901062020756 1.6425010550126171 1.5161964771617036 1.3040888893467193 1.1409162427442077 1.1828837757436528 1.000128026083441 
1.7491179707516844 1.6302435099783377 1.4347837704708293 1.2872003318157161 1.3242066834170902 1.1626708763130218 1.6448395153346997 1.5178199028298747 1.30563694172863 1.1414762589850436 1.183049743673735 0.9989429023855618 
1.7474258806427128 1.627697027944685 1.4334153276493036 1.2847489669114198 1.322407544874106 1.1595956714217075 1.6450138182215854 1.5172247258003542 1.306618825572309 1.1415573405571706 1.183779949374021 0.9986167307731031 
1.7480499476223241 1.6273363337191271 1.4335751879069374 1.283620949907881 1.3213951034351574 1.1569917644661134 1.6466246856470999 1.51786619273321 1.3079877886977425 1.141655367894537 1.1839675905118392 0.9971580511846706 
1.7490941347994509 1.628065858468213 1.4343551737243605 1.2839949032258033 1.3217061838358175 1.1567953075241273 1.6478150279657724 1.5187371443109698 1.30894569726549 1.1421939351571782 1.1844286852275405 0.9970654228834936 
1.7508855400517076 1.6302189546444856 1.4359577731821227 1.2860748003448945 1.32281415110444 1.158382900461743 1.6491330253081953 1.5204122470179462 1.309967284767891 1.1436904969799129 1.184853087586035 0.9979431370985826 
1.7518228884178217 1.6313214840688393 1.4356950389217622 1.2859030277530885 1.3215358402951318 1.1570580491853295 1.648821635345849 1.5201773374131584 1.3080327203799453 1.1416111201212784 1.181603287903584 0.9942397507566071 
1.7472994096818124 1.6274782101872853 1.4308483396483396 1.28177886885157 1.3153962122016356 1.1514761363720962 1.6391435968439159 1.5107686218062677 1.2965583191952492 1.1299086567658512 1.1679056892893407 0.9796090019157694 
1.7436353297757419 1.6246460624893535 1.4256196666860905 1.2773418098387606 1.3105031952811714 1.1474446783885315 1.6297842058512408 1.501801325995606 1.2838706431888534 1.1169308365168185 1.1547081965770225 0.9656923342152821 
1.7436900104477402 1.626249380585659 1.4256895330103396 1.2793837734844224 1.3089671182024551 1.1478793977832515 1.6233751090044595 1.4965222817770674 1.2757282377274717 1.1098264422220443 1.1438036582102893 0.955258605747805 
1.744527412210943 1.6292024826200733 1.4261596479901575 1.2825194653397702 1.309413728030759 1.151298896279941 1.6188671508049723 1.4938727152523437 1.2693645266649805 1.1055365841867966 1.1366262671412313 0.9501810925162686 
1.746059922172077 1.6333518867334007 1.427612589680954 1.287319245679004 1.3105371725424502 1.1561231831840237 1.6143903732417262 1.491767210825992 1.2631740701960121 1.102144212748749 1.129176118245316 0.9455960237308318 
1.7480439294392034 1.6380547271227694 1.428621206075722 1.2917136912835019 1.311706065263575 1.1610936704027157 1.6085138996133204 1.488248190003687 1.2540406438585832 1.0955289344646495 1.1190318081490134 0.9379754247576266 
1.750318690628367 1.644071731027269 1.4291659346496475 1.2968699266938841 1.3114789433166665 1.1659045230047784 1.6029079418865577 1.4861595500359308 1.2442723255634194 1.089756834419037 1.1071022401580624 0.9300708081447348 
1.7482124411924314 1.646037348889751 1.4286339277575624 1.3016094321800222 1.3125880463953647 1.173064190033947 1.5941401384884581 1.4813760479837657 1.2353262488670758 1.0859204186034999 1.0990556951947432 0.9279631649693861 
1.750205530796669 1.6532267706008303 1.430447846665949 1.3100077851032987 1.3155015636749543 1.1834203475651626 1.5906233998125547 1.4832471658598407 1.230058714871469 1.0876505859104064 1.0942612869106034 0.9313147260895481 
1.7555527068967882 1.6618193720776757 1.4362855018040948 1.320073619694235 1.3232403782732145 1.1960950703905773 1.5900119672168005 1.4858722605300363 1.2284497514724158 1.0903059710983152 1.0941379473780444 0.936384625361096 
1.7625766088996673 1.6705221474857046 1.4438550392058929 1.329919289746656 1.332507578304998 1.2081160495748122 1.5906408514307213 1.4879873189111021 1.2280795537098768 1.0918549964350808 1.0950061471244124 0.9396842050605353 
1.7697390496953387 1.6788195480088264 1.4510019645805308 1.3386057940919573 1.340670659937242 1.2181365232093484 1.5905416689972507 1.4887180967451696 1.2260722645980375 1.0907391845792285 1.0932722969217505 0.9389904610679279 
1.7728880543412238 1.682701459304594 1.454810101843471 1.34343759823291 1.3463638778672764 1.2251725754136884 1.5848190575664498 1.4832409086678435 1.218602406212055 1.0832100315016522 1.0868371927873144 0.9325058882097261 
1.7768371976904804 1.6879137501829173 1.4582008315374668 1.3484257732840024 1.350098849379763 1.230719019133352 1.580851759178121 1.4802008936142959 1.211730796215298 1.0771229843692687 1.0792167347185457 0.9255329067389014 
1.7780203496802982 1.6913427769016103 1.458229175636412 1.3511907170260051 1.350750389034647 1.2344272512291885 1.575758994287277 1.477261125589261 1.2033670981364124 1.0711565702441683 1.0706010730786935 0.9194947975803072 
1.7782698331260078 1.6939821605926078 1.4576605936245928 1.353553237669653 1.350271207204686 1.2371597689894382 1.5714601842254865 1.4754047145125977 1.1966695105190905 1.0674033344551628 1.0632383760032367 0.9153184173859936 
1.779099520611267 1.6991472054178356 1.4555858411784721 1.3567005058152077 1.3474010159708358 1.2399175856802904 1.5686164295452345 1.4773163589696148 1.1891562302066285 1.0658323795415674 1.0539695899973776 0.9125557616273321 
1.7716844065260071 1.6956423314801414 1.4466491089159839 1.352453668081613 1.3373420102305207 1.2348363990049085 1.5583521258455708 1.471325466410274 1.1757505501284746 1.057698745440974 1.038306006978391 0.9024503554807933 
1.7644508801377836 1.6922902022463522 1.437746091081106 1.3482110526987234 1.3276681574923006 1.230147128037537 1.5486492359533839 1.4659037063255553 1.1628161376670862 1.0500955148075817 1.023586969445684 0.8934704831268909 
1.759505084779436 1.6910171754375205 1.4307487541020925 1.3456310570229457 1.3190859908909236 1.2262417362105604 1.541952855363837 1.4633179942940255 1.1527369440443427 1.0452193102046528 1.0108156687372283 0.8862444698979451 
1.7570882730033797 1.6915659672404146 1.4244572143542957 1.3428010194835271 1.3097654721078884 1.2204596733714719 1.5392962259181953 1.46405911544787 1.1450554691917767 1.0417236917369213 0.9987788864037926 0.878405080999649 
1.7498539226992635 1.688023675303756 1.4156747665993061 1.3384955070473714 1.2992472200416672 1.214692766252438 1.5325312593829858 1.4615359176517013 1.136133070985085 1.038380244701333 0.9872723276715498 0.8730073462382777 
1.7424208250085884 1.684529252955736 1.4075215268775145 1.3351873730917359 1.2903662448404367 1.2110547132411524 1.5262833425100366 1.459845647410578 1.1289939587188278 1.0374178673338965 0.9790585049033639 0.8718738605231895 
1.7410516024139808 1.6838997052759082 1.4045233398802208 1.3330203852260814 1.2856720508233388 1.2071496002684547 1.5269474633622107 1.4614465748115084 1.1282702184620004 1.0379071350695541 0.9763506008951344 0.8703551177699193 
1.7362034258085228 1.6802590612727701 1.398577308477887 1.3284903706799123 1.2775392908984249 1.2004061050283152 1.52430578880658 1.4602658370958523 1.124777440113932 1.0363360782049664 0.9701610391008547 0.866071947928837 
1.732724469042926 1.679136606461812 1.3935692716259531 1.3263487370824047 1.270730051592426 1.1966288152806992 1.5210214814459688 1.459682158745557 1.1194675413874624 1.034588436896571 0.9622510719246251 0.8620282959161434 
1.7355537845979911 1.6832960024940387 1.39661614656011 1.3311180088979377 1.2729856489499047 1.2007626556536517 1.518911119596012 1.4589138021186896 1.1160110711065596 1.032869402980072 0.9567844649827933 0.8583559897923532 
1.7400519301372273 1.687413401171832 1.4017630862504158 1.335860403206222 1.277581332195446 1.2049055262775958 1.5198551103885825 1.4592953174235468 1.11674463821157 1.032812593772118 0.9562389332035641 0.8567240887557034 
1.744225084977134 1.691072027195616 1.4066015634370275 1.3401236556241705 1.2825170757005497 1.20923674421657 1.5201288292324076 1.4588334762965545 1.1166908563534896 1.0316985619663768 0.9556780628765578 0.8548239666524857 
1.746294104878743 1.6928910427828043 1.4093334659810823 1.3425936840065391 1.2851320772334065 1.211569823796487 1.5201379814787375 1.4584774474547935 1.1169141418812147 1.0314233768604677 0.9554270447994708 0.8539190944897825 
1.751144977224527 1.696768732938785 1.4141519027525613 1.3462321515543632 1.2891114757299658 1.214217360557281 1.5234455474544175 1.4606169031880638 1.1199121433660275 1.0328207059691872 0.9571760557278322 0.8536400901308995 
1.7543269750234247 1.6985818451563763 1.418450470511692 1.3488954320831694 1.2936608285384699 1.2169944489170195 1.5248783116350104 1.4604009773671203 1.1223156718565594 1.0330099789909293 0.9597651115220015 0.8536194812062574 
1.7609590052303432 1.7039943262058825 1.4254060877174055 1.3544011815344226 1.3004823457863008 1.2222415380528677 1.5290664468563295 1.4631009003284223 1.126432463888466 1.0351184189945806 0.9634946354297155 0.854951436130638 
1.7660642849174433 1.7081736669264516 1.4298239195302895 1.3576710421825162 1.3038117591358653 1.22425459818657 1.5332514661532073 1.466197216059613 1.129722727425168 1.036893272608594 0.965298970920906 0.8547960699377133 
