2.0044266100378456 2.2057294221521846 1.6866676984598388 1.9215525425415279 1.5479975113118916 1.8010587285671196 1.8829088015694788 2.0959155049161238 1.5402816122475167 1.7944313009273467 1.3870529243788103 1.664761863975689 
2.0050952320678963 2.2074538884609596 1.6882591109368876 1.9242309127756498 1.550598994473236 1.8046614701049641 1.8786477757316327 2.0932661668506016 1.5359457676823782 1.7920868230310187 1.383209245653531 1.6630434742607934 
2.0083127325641392 2.210687645367215 1.6927151277693597 1.9284979485027303 1.5566054399812561 1.8102044993257638 1.8771180809366363 2.0922218150519414 1.5347758017962232 1.7914677209984107 1.383211030096001 1.6634580209248562 
2.0099564812089836 2.210834211865286 1.6961147108477068 1.92993988723846 1.5618760156792213 1.8130966726443463 1.8698521722195047 2.0842768534803624 1.5274904916083765 1.783561060898673 1.376909139324015 1.6564243520167166 
2.006849142112683 2.20665233806742 1.693131234369743 1.9257633392238025 1.5593956503717745 1.8093053518680617 1.854350098767331 2.0689333847899527 1.5092594827922765 1.7662772286077888 1.3575292276774045 1.6385227083865546 
2.005467633492139 2.202197838747591 1.692923705246211 1.9219171584083847 1.5602587588552612 1.8061512358007454 1.8431688230828343 2.0554917179070706 1.4971177486038163 1.7518951010789887 1.345279999102254 1.6240545458772497 
2.001676181004622 2.197487897486867 1.688825280010117 1.916866284434376 1.5567034525564751 1.801546881211047 1.8340446022387924 2.0459631299222503 1.4863185714379168 1.7410882866188178 1.3342929620594008 1.6132523778383996 
1.9970782224490455 2.193967504449471 1.68495685801751 1.9142234972385643 1.5537581150810573 1.7998156194955748 1.8257992580730884 2.0392927486705386 1.4779381304981072 1.734783301043747 1.3264184047201095 1.607655985707216 
1.9901043612743654 2.1876986706955894 1.6777039931892783 1.90793102437254 1.5460616833630052 1.7932698719833693 1.8226638607717138 2.0365690890228225 1.475221633980213 1.7325671630165596 1.3235916701774946 1.6054298534545974 
1.99269439497918 2.1888873391432093 1.675884690001505 1.9049898492804205 1.5411080288485424 1.7875711980957403 1.8316107482162909 2.0433293333825167 1.4807283597545635 1.7357860775629697 1.326265787005546 1.6060441368348006 
1.9858214835536048 2.1828982778093535 1.6723485069037014 1.9021849161590574 1.538082758678167 1.785288911986808 1.8306675412381792 2.0427681153922097 1.4847916387638502 1.7395873468334497 1.3317489457638179 1.6109354987903894 
1.9810908205756645 2.1783518753427233 1.6663076502762508 1.8965962245056693 1.5301174894004577 1.7781326117050886 1.831432455912355 2.043193797467377 1.4852626658504415 1.7396842357189881 1.3306703320391418 1.6097141317666188 
1.9812153624453577 2.1778134651915186 1.6661845037058438 1.895739427550498 1.529687970923969 1.7769643961457104 1.8332570657683254 2.0441351828999688 1.4872081082314907 1.740530130152733 1.3325023246469365 1.6103476711472866 
1.9805637555591489 2.1766959749111865 1.6660219545475865 1.8949938602524707 1.5297095921234722 1.7763400613605944 1.8330927564732125 2.043428890662594 1.487691304348641 1.7402867563693523 1.3332695527291396 1.6102733549290817 
1.9939406603242762 2.188513053475901 1.680896244773725 1.9076693146440267 1.5457284801977385 1.7897113071203439 1.8382215434746734 2.0476446154629495 1.4928734948730285 1.7442652608002058 1.3388560865509072 1.6144118584903946 
1.9953572567279299 2.187672038509614 1.6823224550533735 1.906480319561891 1.5470031103966178 1.7882049629941223 1.8377047379752847 2.0449002592001424 1.4919507246477044 1.7407973261918832 1.3375076618759274 1.610399053550644 
1.9961172985637017 2.1876691381754347 1.6829337634099717 1.9062208792596018 1.5473523691859106 1.7876552640051295 1.8377780199537839 2.0442211326383575 1.4917137235492774 1.7397188915239294 1.33687813035641 1.608929807022435 
1.9926484525863462 2.1848643245187467 1.678466554803747 1.902691314048277 1.5421101178562961 1.7835604493693955 1.8374050718322186 2.0442704466275394 1.4908586512459052 1.7394377766838225 1.3354823690317892 1.6082591268059883 
1.9886387340798253 2.1810011693079416 1.673413539649602 1.8979976186820178 1.5358254245462308 1.7778756482168854 1.8368188947423776 2.0435228743330986 1.489809555642133 1.7382792059742906 1.333408929054628 1.6062569713226493 
1.9802722133384212 2.171892047874445 1.663886788132008 1.887897315115483 1.5249641728644807 1.7666784532620103 1.8340121368519484 2.0394208851583944 1.4868226938408795 1.733862379665771 1.3295255573776121 1.6010231842232172 
1.9664307779266372 2.156924827382067 1.6466881575991126 1.8700418698460097 1.5054132497016093 1.7469240850641337 1.8292026192790014 2.032598565624103 1.4801061132152518 1.725163416310803 1.3211363557094173 1.5908727092313704 
1.9596759215492774 2.149737349166174 1.6378343757230187 1.8610594819080903 1.4943892555489047 1.7361567325561391 1.8279552703225563 2.0303845505716422 1.4776982760699189 1.721811008211996 1.3169244473013666 1.5859794931839473 
1.9534422339617852 2.1426323699938843 1.62983675802996 1.852378138865175 1.4845529543352807 1.72593000603895 1.8265012429302123 2.0275708870334497 1.475309488488978 1.7179857386909851 1.313037586372001 1.5808240302910408 
1.9388795041454456 2.128198131418992 1.6129712669465908 1.8362052888975378 1.4657237135269696 1.7083089765540922 1.822278694874988 2.0225412719584464 1.4707556623026443 1.712628323126559 1.3075901171985393 1.574727109557491 
1.9325058755826359 2.1216263680727128 1.603431062179291 1.8269402446991554 1.4536421097235075 1.6969958366776892 1.8197350020157907 2.0194442215870705 1.4655537143214539 1.7072103491079855 1.2999738080289964 1.5673708521283052 
1.9145959520227134 2.1051906539745424 1.5801708425046197 1.8064024805069772 1.4261395876637601 1.6733272703155708 1.8129681436533187 2.013207271987105 1.4553747702573931 1.6983126190374256 1.286487448015627 1.5560205602696129 
1.8978556853535753 2.0889343290464852 1.5614163248886859 1.7888016570511358 1.4055558889026398 1.654502277263132 1.8010654239724024 2.0014062781126896 1.442220995072839 1.6857614977418631 1.2718363950716656 1.5425168538686667 
1.9060407753472248 2.0938531348655403 1.5679639272911383 1.791574835273774 1.4105680831800533 1.6555759814597002 1.8005864925868598 1.9983346142191125 1.4379259915886666 1.6789462976480962 1.2644455691275327 1.5329879681152914 
1.9173794200986956 2.100212190545996 1.5767898181488902 1.794662512930498 1.417394236131222 1.6563676600676585 1.8037140267287413 1.9969806446027487 1.4364214493727145 1.6726786854976092 1.259383527849245 1.523349688980836 
1.9173765649883723 2.097355752228651 1.5796106583480023 1.7938054775829542 1.4211540282343114 1.6559731372841198 1.7965926080129044 1.9875394986280424 1.4305879697406272 1.6640763800398737 1.2534316412021078 1.5144831258903515 
1.916186153515884 2.091104244155704 1.5807561027957473 1.7887809931699297 1.4233030099476356 1.651284058884479 1.7894548771975223 1.975625557266862 1.4244891151307544 1.6523065163963977 1.247465767356363 1.502370934798061 
1.9137531022227527 2.0833305183304955 1.5788313007624373 1.7805963575743973 1.4218043523168753 1.6429676590265587 1.7786945781294803 1.9599922230986557 1.4120948064018966 1.634572376680583 1.234030421937486 1.4834575135834562 
1.9160503577208636 2.0769641889359214 1.576458990307788 1.768545791581957 1.4164375181850593 1.6275215856394194 1.7756012435573054 1.948150673054384 1.402402849013881 1.6153219554386828 1.2197565518259166 1.4595675094089517 
1.9004573527272952 2.054833283800717 1.5636609586272976 1.7480381197832155 1.406020994699311 1.608569772255851 1.7541048641216521 1.9202826742475283 1.382093093223188 1.587697387103487 1.2008500165862679 1.4327045881881022 
1.8917204264954823 2.0378427417296576 1.5527092747904385 1.727745050642672 1.39398247192002 1.5866266101450113 1.74135886250372 1.8990859791015913 1.3655147776645442 1.5616745743016531 1.1819101691838723 1.4039617217076288 
1.8814883737039383 2.0196893444792665 1.5406212171663383 1.706651775437242 1.381459608234381 1.564473456790843 1.7283234262669385 1.8778307734199826 1.3493024494838397 1.5361522216248915 1.164274028991066 1.3764739599436997 
1.8701896883538016 2.004422063529757 1.527830400805302 1.6894863337609125 1.3683287897376455 1.546745620703317 1.7145925447245156 1.860087614271137 1.332848024954417 1.5154478532647997 1.1465346923773785 1.3544888848436114 
1.8607746165130397 1.9905171609557275 1.5162959859668725 1.6729703857687528 1.356492528788585 1.52962360574726 1.7030830988120487 1.843954564532231 1.3180149411365751 1.4956068265621314 1.1305228209369547 1.3333260078687619 
1.852405875362103 1.9776472388057582 1.5056883887033332 1.657340821302619 1.3458505120094282 1.5136032091522664 1.6932743865883166 1.829442325506885 1.304939900944116 1.4773453283359446 1.1167292518224998 1.314064418495547 
1.8378180883503243 1.9620716733666077 1.4875076725407639 1.6385447816363277 1.326876341588635 1.4942391881581878 1.6772443902030618 1.812539287857684 1.2838428620620361 1.4561601629036693 1.0936975104971394 1.2916362375017356 
1.8303202038776958 1.9498884876327902 1.4771362018185357 1.622936974809216 1.3161882041421318 1.4779527916015753 1.6665587391156935 1.7970562307292697 1.268572954513413 1.4357125082699842 1.0768924602405245 1.2695237045454841 
1.8258640059178037 1.939052864536243 1.471345980286829 1.609660099855311 1.3110383286945542 1.4645709756328678 1.6594493494247449 1.783232678779247 1.2589089597370453 1.4180967570184375 1.0671524139063782 1.250983979859938 
1.8213070452312976 1.9303428104896707 1.4667075441986246 1.6000921952216254 1.3080803520461426 1.4560694421658467 1.6527368127470146 1.7721746486193624 1.2512436371103592 1.405231174009871 1.0608740861238717 1.2387565699560024 
1.8199506436497228 1.924545196944213 1.4654546204236556 1.5934902303688716 1.3082660523460203 1.4502461630637193 1.6514192389339055 1.7660236047349536 1.250008960736298 1.3979185497306486 1.0613789243814105 1.2321441031312204 
1.8199028774340789 1.920463259636289 1.466659702893906 1.5897242944651881 1.3115830758639881 1.4478890887125437 1.650096686649858 1.7603839705055373 1.2497452844851387 1.3921192206175592 1.063495536846695 1.2276625779149741 
1.8193723976163345 1.917942704339264 1.4662571183827924 1.5869146899339641 1.3119718111332308 1.4455650553082038 1.649741215829989 1.7578493607611005 1.2495759661614054 1.3891826341875317 1.0643308654775592 1.2252299731594105 
1.8155503297061306 1.9130603040092697 1.4629545930397292 1.5823441055522784 1.3093374518801635 1.4415066042082636 1.6451910874108333 1.7522073054225178 1.2452577466918404 1.3835619186635777 1.0605636601807737 1.2199885263296701 
1.8100890164812915 1.9084105008373353 1.455414946599838 1.576020640380769 1.3006187627380323 1.4343003723440253 1.6402923338802173 1.7481897301798253 1.2378890741040613 1.3776711334372256 1.0515445111768738 1.212993920473722 
1.8031103439019367 1.9028714029608413 1.446793723060119 1.569370810549935 1.291039628317489 1.4270585081930454 1.6330176187923267 1.7425438896068473 1.2283125449518784 1.3705708197704196 1.0403475154419124 1.205004405305707 
1.798627186927644 1.8984338600950128 1.4413768531356572 1.5641478818689907 1.2845972084491113 1.4209790116519139 1.6295686470827948 1.7391047522088052 1.2239286951269874 1.3663794547471981 1.0347097206247025 1.199839809956 
1.7932872370799415 1.8928885687577623 1.434852205446195 1.5575457844101437 1.2768666759978546 1.4133423248929502 1.6246641591029853 1.7339785606903593 1.2175612373403688 1.3600012447545076 1.0266659746352804 1.1921371743779363 
1.7911207304964816 1.8903514712651321 1.4322051037523398 1.5545181481456722 1.2739605045739253 1.4100675802649496 1.6265305059586956 1.735199325874192 1.220122729406452 1.3616220799158076 1.0297880280981373 1.1940597122900722 
1.7892057050870813 1.8916123854310534 1.4298198037221892 1.5560607419751196 1.2707203811681624 1.4112656194764188 1.6249084770276017 1.7370284742387385 1.2179717462717106 1.3639631726392616 1.0265479972783347 1.1961359255185675 
1.7850809142310302 1.8885222179449968 1.4256483801947413 1.5532146024525684 1.266001270754453 1.4081056476244564 1.6224105806952476 1.7355743688104783 1.215802420606198 1.3631499636033777 1.023944060753267 1.1951835578152379 
1.780855293232395 1.8843618637389794 1.421263828792473 1.5489883566747171 1.2609428562126992 1.4033356493418956 1.6183566962922111 1.7316040120402356 1.211455196048884 1.3590429537412865 1.0186312913089997 1.1903712722146147 
1.7791253693318776 1.8813946422429002 1.4191364556660118 1.5454148309953188 1.2580180761023627 1.3989167951884378 1.6167277118303782 1.7286316016607732 1.2093261322737925 1.3552964304019584 1.0154461552442307 1.1855334724335242 
1.7750986948926641 1.8758536012305542 1.4142954684964666 1.5388577025994443 1.2522175081868325 1.3913662510100062 1.6126589290391318 1.72293940057381 1.204128364008439 1.3482494107729621 1.0088320636308306 1.1771123520079296 
1.7743506766265935 1.8754500594911212 1.4134992093543066 1.5384968692997885 1.2509047070201829 1.3905952639230619 1.611891478184946 1.722552390914497 1.2032679787334366 1.3479044590197222 1.0072916160900227 1.1762776040736516 
1.7737788900090365 1.8740996782726604 1.4128450779337733 1.536908997859564 1.2496628976814868 1.388385901434356 1.6110591605653997 1.720892115241885 1.2022276333713553 1.3458489275924284 1.005424003115944 1.173386330030178 
1.7738375456741269 1.8723537321038486 1.4129974743230116 1.5348520196172692 1.249350073615562 1.3856711248067524 1.6099823638919806 1.7179208572350504 1.2008769445880831 1.3421305062188291 1.0032044557532676 1.1686008898350242 
1.776362632669287 1.8737341159363459 1.4157819926612147 1.5361816250768525 1.251491549609409 1.3862346241613501 1.6120897940697223 1.7187928434292945 1.2032489152888357 1.3428414972079763 1.0047887340848125 1.1683388783327207 
1.7710958726425399 1.870352941573178 1.4099677575361218 1.532791118597521 1.2446657561335253 1.3822562643921856 1.6030188122075923 1.7120481442562998 1.1920141775547135 1.3350420725398282 0.9910002859189496 1.1591035771886133 
1.7678859469564914 1.8694777509364078 1.4048186006194003 1.5306997224949934 1.237564204332951 1.3788007468979153 1.5993495069703338 1.7109778447561061 1.1857543694400836 1.332493814036767 0.9818672434938697 1.1548115100076937 
1.7661126290788736 1.8698790807193633 1.402527542756965 1.5311360050994458 1.2343173326952392 1.3787070884389803 1.5965833914305543 1.7106643398726387 1.1819510207245858 1.3320293440130702 0.976454804377494 1.1535848225908185 
1.765236650382322 1.8699174398494176 1.401503059380535 1.5312549185073658 1.2326635952493283 1.3784013708107663 1.594790326924828 1.709937714319735 1.1796213716498187 1.3311789438137156 0.9730135117525346 1.152079031166265 
1.765016958716434 1.8718303142530335 1.4014440116382139 1.5337891571388194 1.2328439037269114 1.3814369155906505 1.5942658460108243 1.711767346503785 1.1791709125299055 1.3337570624954942 0.9727809692611231 1.155321026795847 
1.7627933241530729 1.8728789311000966 1.3989753320479386 1.5353719961490246 1.2298356214058204 1.3830151273788152 1.5931114900340906 1.7141293435906872 1.178005049088772 1.337135401729623 0.9711125432608931 1.1590059355148448 
1.7580738493930679 1.8713197561720338 1.3934582599847616 1.533864365659415 1.223468554855318 1.381263651385846 1.590505452213151 1.714853219211417 1.1749935556928641 1.3385155306681205 0.9673464934136887 1.1605055830282593 
1.7505355726386596 1.8673820298571364 1.383372964559218 1.528548858700094 1.2119153134907403 1.3753107217764862 1.5856194843257194 1.7137473569442376 1.1677050642492564 1.3365163565902813 0.9584117513226557 1.1581424521333115 
1.741634726486596 1.8615039406737874 1.3728815673990382 1.522073979392605 1.2002346419363341 1.3683817436461363 1.5825937597829836 1.7136243489003185 1.164523630547719 1.3371689073352102 0.9549212971256008 1.1592152881773257 
1.744416538676497 1.8640244981619987 1.376648969638989 1.5253723004394992 1.2048165133364044 1.372290457646664 1.5931559838911225 1.7232945941852456 1.17911802386703 1.3497842729666434 0.9730055289709766 1.1740264173978752 
1.7509280300824162 1.8728418055800364 1.384819542947127 1.5360705155455234 1.214649482990171 1.3846157693484102 1.6092841003155067 1.741144100219247 1.2007379045937918 1.3724281320813452 0.9997098156606695 1.200502885347757 
1.7437665189393359 1.8771863534220063 1.374486469403686 1.5402337444277119 1.2031873156636126 1.3895202947326137 1.6102240768830312 1.7538325207025356 1.2005469419284736 1.3872346206297657 0.9998798036633253 1.217730082848334 
1.7312838793181782 1.8761328222668565 1.3582643103560517 1.538639799559013 1.1854273502779493 1.3884410318004146 1.6078862670559133 1.762903498149289 1.1970114092133792 1.398344310170782 0.9965903771294403 1.2311469757047693 
1.7209994007667202 1.8759782047453029 1.3448598885532315 1.538214356674456 1.170958488691811 1.3887401014874634 1.6065617625971962 1.7715800812493376 1.1949267255524123 1.40900857580052 0.9951610632653439 1.2441064380025568 
1.7035940538571417 1.8682736471666588 1.3232730921232434 1.5294657226291177 1.1476033863392918 1.380292451872939 1.5957193383980186 1.770461501218654 1.1811601004679297 1.408315626305911 0.9803474072681633 1.2447066960924609 
1.6867099122288338 1.8599266433413444 1.3009289393395014 1.518799820849015 1.1230683872369485 1.3695325454369458 1.5804858685261947 1.7641633629601878 1.1598971324264062 1.399892191710133 0.9561526316498846 1.236351343919276 
1.6721193590616192 1.8523840911184268 1.2811258931692233 1.5088496360567674 1.101070150966159 1.3593009774985965 1.567450180691125 1.7584776765795578 1.141139987971958 1.3919569469738062 0.934490446900684 1.2282573286688094 
1.6636309222095778 1.8491417125498764 1.2704912991956656 1.5052592365077484 1.0898836806429804 1.3562830328113264 1.5583647697287981 1.7550378865688028 1.129150588509739 1.3880339618654474 0.9212379429506202 1.2248822699720532 
1.6629815714310276 1.8516406462052 1.267960550537441 1.5069138440797503 1.0863035894809563 1.3576158750836742 1.5559820073892918 1.7561735059723484 1.123964527073346 1.3879343045977395 0.9141267903957361 1.2242112418529778 
1.6612250487555382 1.8530884726242405 1.2663431257810183 1.5092690737482302 1.0858854644081206 1.3614020223919312 1.551388864409191 1.7552993002257022 1.118375454940263 1.3874551823294474 0.9090027435672787 1.224971106831847 
1.6585497023628235 1.8520018672959835 1.2632849464819131 1.5083145087374217 1.0828465619873437 1.3607646666737823 1.5466459845768876 1.7524946798400873 1.112301911536526 1.3843190902634441 0.9021548443631004 1.2218867232553963 
1.6580328975357395 1.8528209599501944 1.2628310970635621 1.5095081318200176 1.0832497357999955 1.3628288265335307 1.540553128817945 1.748478299273617 1.1040712083515085 1.3794367159934378 0.893118605511474 1.2171825104850793 
1.653268262068815 1.8487946161334528 1.257637949794789 1.5054563424570107 1.0784381295021241 1.3593286524766701 1.5321818724825198 1.7413577681349806 1.0935897570679967 1.3713803786856658 0.8816542083856006 1.2091566190713425 
1.6540324720425654 1.8498914032589155 1.258237547751314 1.5064649056155406 1.0793387024336893 1.3606053137670893 1.5270839382860526 1.7373140590725789 1.0859666949640951 1.3658691181263451 0.872429923014588 1.2030830211798516 
1.6546220562092875 1.8509624192819936 1.2589263942321052 1.5077079938748916 1.0807147187367487 1.3624360652868266 1.5224911556046066 1.7338590045312943 1.0793983676540602 1.3613921421817632 0.8649563418428989 1.1985145814691827 
1.6572833278959305 1.8531283592729917 1.2629835426171674 1.510835568796886 1.0854210376263258 1.3658826874742245 1.5209155942792518 1.7322473645359688 1.0778328464663758 1.3598604089912356 0.8629803270769327 1.1967588445220743 
1.6594764333714564 1.8554483978853331 1.266363477408935 1.5141014435021354 1.089937099522376 1.3699597093401141 1.5220446972133408 1.7336224458097125 1.0800159648427656 1.3620797365115045 0.8664415204243446 1.1998114987843922 
1.6630285345520202 1.8582324207305823 1.2713549809294964 1.517796860668199 1.0954640059510126 1.373828668740844 1.5272734176742027 1.7377939794619612 1.0877700460732682 1.3677015375637478 0.8757520048131434 1.205945851460272 
1.66610424353035 1.8603348524794778 1.2754795554260523 1.520457335590131 1.1003686483673731 1.3768636734803632 1.5356391126530475 1.7444569061314872 1.0996054884865936 1.3762538440817669 0.8905589796918787 1.2157457420652726 
1.676052923777889 1.8780574556930918 1.2885650593215734 1.5421888067562965 1.1149943950103112 1.4004138332951477 1.5545783628059442 1.7704971871438853 1.126037474911208 1.4092220543563778 0.9223735597383578 1.2524852842586254 
1.6805087081227041 1.8821849022336357 1.294214979698597 1.5470949879681726 1.1207098595427094 1.405169412347223 1.5668726638997312 1.7814601968599355 1.1427916872624861 1.4228433956680686 0.9417913867073958 1.2670759662294284 
1.6796232627088015 1.8768943763548762 1.2930352913329781 1.5406292415738967 1.1186653407666476 1.3975014633239424 1.5672381409449425 1.7770294273850842 1.1432590915591092 1.4172648114564053 0.9415483155061986 1.260202930401513 
1.6772166218642839 1.867758394465901 1.2898049774511804 1.52939945838157 1.1135123183233493 1.3839709196720282 1.567075551802733 1.7695173377217415 1.1429204120400687 1.4077403495310632 0.9394572217285042 1.2482170063325686 
1.6748049122218502 1.8574144767182257 1.2855536324877463 1.5158051280829077 1.1079453009974993 1.3684150811513442 1.5675162531222568 1.7612848287890406 1.1422713564658968 1.396352711932927 0.9379117761295248 1.2347856267880835 
1.6793468382550552 1.8568326328070741 1.289732296702401 1.5136152153890534 1.1107794520773464 1.3643506199863913 1.57120613223003 1.7596335792025708 1.1453786727354627 1.392664326769825 0.9393156540573834 1.228794336354644 
1.6822434739204104 1.8536501664089182 1.2946372711874976 1.5106824609519403 1.1171390881836558 1.3616444382539115 1.5696174908390292 1.7520773103455825 1.1444831261088169 1.3841667023259194 0.9390184792365963 1.2197670016145747 
1.686483133437809 1.8507226351266712 1.298562265496041 1.505726691724036 1.1205001362651457 1.3551640004701313 1.5711344332584052 1.7462566593059021 1.1447715952844961 1.375300301087079 0.9379544783038299 1.2085973341730527 
1.6951912774204125 1.8513113589675427 1.3110962313431649 1.5075322910777897 1.1351650402660618 1.3573061369647783 1.5732354638267756 1.7403304586894555 1.1490734029827032 1.3689594465294614 0.943396007115914 1.2015308181824758 
1.7049243402289265 1.8523789482244286 1.3231127544941284 1.508366044110328 1.1483963585387407 1.3577020874348835 1.576176091084064 1.7346099942134081 1.1524718761449408 1.361151052317501 0.9467725495096697 1.1920230796528397 
1.7118661077724537 1.849936120605252 1.3361770815801362 1.5090219589919855 1.1650646744880775 1.3598359368394446 1.5759183422182794 1.7249048381635463 1.1568933588451489 1.352841573548067 0.9541534185549041 1.1841396984815644 
1.7257682495689302 1.8523636324869395 1.3544144771893905 1.512419767048887 1.185264789327773 1.3630214952671178 1.5847375539881075 1.7217340360114304 1.1694253459799004 1.3492704012021497 0.968488350275939 1.1793831694407928 
1.7380192310341132 1.8618809590960455 1.3712471206330425 1.5251913074248784 1.2041103621530753 1.3768702272343643 1.5902514927659743 1.724757857974391 1.1783495358527578 1.3543993085661294 0.9788108739917073 1.18488842742446 
1.7520092537771483 1.872084184966253 1.3893543177032848 1.5380078642194128 1.223998666225074 1.39044435530544 1.5960117118369654 1.7269673287589318 1.1866011878979221 1.3576395506174532 0.9878712942082891 1.1878772934107127 
1.7656736582255057 1.8830419935815133 1.4069947950690647 1.5517338804032859 1.2433472400546195 1.4050466332444058 1.6023358997886303 1.7308159977280773 1.1956216883912067 1.362994829040609 0.9978923928718165 1.1933285004521763 
1.7781007584053385 1.8935484430036744 1.4213351101839564 1.5633543726236991 1.258170021833949 1.4166422282290048 1.6095840852349528 1.7362731140006862 1.2038737956453907 1.3686473303234987 1.00603698949971 1.1983295970648642 
1.7857248801665837 1.903508619987301 1.429319447725371 1.57400311383617 1.2660042731546999 1.4273396716850406 1.613213595915296 1.7426961366704063 1.2068963675668096 1.3751838279902653 1.0081723950029378 1.2045510768605703 
1.7835812397815132 1.9042288828763625 1.4271661408891956 1.575350371562009 1.263602575377464 1.4288516605934152 1.610206809108867 1.7428974633008565 1.2034978699194112 1.375984274030979 1.0041391326407711 1.2054961622421532 
1.7860748599725713 1.9096167970841795 1.431281432781841 1.5827632312212843 1.2688157290268907 1.4375208730679496 1.609867392621529 1.7459226581111893 1.2042326005494288 1.3808508473061238 1.0057350399712839 1.2116418104811506 
1.7835871454816667 1.9111891716330542 1.4328592467955252 1.5888821747906419 1.2730735315477422 1.4464360203505164 1.603335226435021 1.7441745304204623 1.2010771681817283 1.3834909859364606 1.0050954977152369 1.2172419249136304 
1.7864297615790803 1.9156407305273842 1.436429045743468 1.5942636290323786 1.277681428938955 1.4528654270975994 1.6041546215547584 1.7469001589259445 1.2022101148532607 1.3869597238764686 1.0071993797930427 1.2218014184209682 
1.7908528394628074 1.9234372700485969 1.441040189242479 1.6028268360031908 1.2829734531205235 1.4623535552704072 1.6057060013003623 1.7523552156489275 1.2032184743478633 1.3929076553066968 1.0085428852617027 1.2286642302158877 
1.7952904102283842 1.9302044472174444 1.4465381364685828 1.6109295860645183 1.2896818148124753 1.4716999471556693 1.6081223079287223 1.7574637715349926 1.206425414378361 1.399315486749861 1.0130492997174423 1.2364830911330733 
1.7964579362524355 1.9349082881636432 1.442122901393761 1.6113123314877102 1.2825731202252604 1.4702390198890658 1.6004384179106548 1.7544264294647298 1.1890586510026997 1.3894133446906145 0.9895129213529048 1.2230064547680688 
1.7959719622111476 1.9306172464910178 1.4407462747647695 1.6054648833433138 1.281837449698112 1.4645391462328894 1.596811694173286 1.746875854217626 1.1832337579060868 1.3790611985146128 0.9835647131981504 1.2120920791955372 
1.7987255404875533 1.9213970095746065 1.4454239827822977 1.595494715880388 1.2884914784360197 1.454841293200822 1.6082870650484757 1.74440252866196 1.2001767384857283 1.3772353110497277 1.0056758939152515 1.2115019199333692 
1.7951601966162907 1.9065127101373962 1.4401701660274175 1.5767944347680327 1.2844868869379087 1.4360003987170198 1.6029170023789254 1.7267117590713974 1.1919869513192836 1.3538919729858214 0.9983232681428597 1.1869456306484472 
1.7919218311670992 1.8940578242264015 1.4358475630140026 1.561451061261047 1.2810146444960142 1.4203766091826666 1.5977785616953464 1.7115395188873817 1.1847238950123569 1.3341821089766006 0.991418681795562 1.1659254672204609 
1.7887795105403572 1.8818400082177549 1.43421786494556 1.54873192106607 1.2823201280994538 1.4092319149554482 1.5924961921866563 1.6963589836261073 1.1803782736601856 1.3171494023568473 0.9902812205272803 1.1498898099074537 
1.7863252144003452 1.8676495544727976 1.43080189418467 1.5311274104797548 1.280373956780768 1.391587063723445 1.5886388537368836 1.679562590177109 1.1747381395027743 1.2950547413613216 0.985988389993736 1.1266455484856093 
1.782625373654333 1.8575805207840255 1.427043808296105 1.5196401545090372 1.2777083073989346 1.3803588979668477 1.584511913365201 1.6683914924250396 1.1702046024504646 1.281495602800201 0.9825799202081479 1.1127962383097143 
1.7878872166023225 1.8640004772772993 1.432592422599673 1.5265248538068419 1.2844700850117141 1.3884597506913912 1.5888773591721923 1.6740634224813586 1.1748666360442788 1.2877378197793214 0.9888649869876068 1.1206297526346514 
1.7907211059917312 1.867874892556846 1.43617592287444 1.5312987351409422 1.288519492846053 1.3937564415077153 1.5910125863249007 1.6773775915530318 1.1778116368266405 1.292097050009886 0.9924320902934618 1.1256980006397141 
1.796244008325219 1.8731703265438115 1.4430563881720804 1.5377536454986052 1.2961839921262142 1.4008452720569284 1.5951354512530431 1.6812886850996915 1.18337496586849 1.297170322141333 0.999028283805944 1.1315175856539967 
1.7959416278777685 1.8732627639880768 1.4437136970827178 1.5388360183412169 1.2969401788610952 1.4020559474372802 1.5956274140112565 1.6821812912240612 1.185297326726189 1.2994755884372164 1.0013362777530084 1.134187547694053 
1.7985311783631246 1.8772134472521365 1.446039658772971 1.5428047905500715 1.2990951119699625 1.4060099704284639 1.5993963287266386 1.6873898611003475 1.1892791562725087 1.3052206091478369 1.005486114645175 1.140271131680641 
1.799963408862594 1.880783749516209 1.4479582527283892 1.5472757804749124 1.300822666639942 1.4105384961936522 1.6018845005942999 1.6921918308644117 1.192790334318756 1.3115746341113226 1.0091111385988414 1.147076514119372 
1.8003141704836547 1.8844308480929328 1.4482566787846174 1.551578524098684 1.3015624544539728 1.4156317782687171 1.6046342845783428 1.6984698101656825 1.196314123649909 1.319513543410696 1.0137972665401354 1.1566042566255108 
1.7999894795787694 1.8882563441159808 1.4472349066389498 1.5556473795479004 1.2991756245382107 1.4189458051293748 1.6073701633395618 1.7056344088034368 1.1992354190876158 1.328049503932082 1.0156446321397312 1.1649394461920541 
1.7990825752294555 1.890848326544001 1.4471400510297023 1.5597511368145398 1.2990987884276737 1.4234700360717991 1.6073069934191941 1.7093990325825767 1.2003965952526896 1.3340019742842397 1.017052270384492 1.171752790563884 
1.799648001233644 1.896240278272838 1.4470885885612705 1.5655860397130048 1.2982006616637698 1.429097345370234 1.60929712922886 1.7166337742058584 1.2021521138958455 1.3424470080953848 1.0180517077949676 1.1804336255564096 
1.8020837793771547 1.9026709327138651 1.4486099829471872 1.571980156679546 1.298215289346975 1.4345778709412222 1.6137352628898738 1.7253382940728608 1.2062779254774787 1.3519456955788756 1.0207832719506378 1.189390271775522 
1.7998927253928911 1.9054713464185835 1.4471434722660534 1.5765251214053806 1.2963027099108642 1.439308147973272 1.6130264401187755 1.7300466830759942 1.2068407943561776 1.3592909666521917 1.0210980312008489 1.1974340977365936 
1.7958140879541034 1.8656496689953417 1.426392300629258 1.5133722094126176 1.2530017047452202 1.351189742790563 1.5939229655458345 1.6722113709164963 1.1619970640644612 1.2672559432973387 0.9410926913404586 1.068342596090986 
1.7951209769511494 1.8669924680693946 1.4256899863189223 1.5151876091850307 1.2512423555371075 1.352334642840983 1.594314957180685 1.6748258824808773 1.1627436509781721 1.2708950986717389 0.9407381639383241 1.0715362089205613 
1.7989432273331767 1.8723123685160832 1.4297842024473155 1.5210653292013154 1.2550903855770332 1.3581637405328955 1.5974466340907623 1.6796406219481312 1.1661568844576213 1.2764320386523937 0.9438701656307957 1.0771479748383255 
1.7983135875752116 1.8735653965735033 1.4301803240352695 1.5237228406890897 1.2557466939067086 1.3613285037923906 1.5955241528280382 1.6798847752859805 1.1649812540370033 1.27808327515762 0.9426904700152796 1.0793427899595331 
1.791126686538798 1.8672090147702944 1.421656926839754 1.516391478226996 1.2454737685039594 1.3526047484906498 1.5926301791789121 1.6777382350174457 1.161655929280032 1.275844502923242 0.9378384660651612 1.0760463215119758 
1.7778839736414371 1.855831386432255 1.4053766369664273 1.5027715072049594 1.2267770945575505 1.3372437140876996 1.5875976869884467 1.674426805467192 1.1552828587541086 1.2719737398496347 0.9298263449327867 1.0713616302943958 
1.7740341231170003 1.8525965018447768 1.4014258235038717 1.4996369785543116 1.2215471859832123 1.3330769881171547 1.5849336627075292 1.6724028951922751 1.15274107412875 1.2703262229236647 0.9257403376668342 1.0686027800111246 
1.7676092795756342 1.8476289480758554 1.3946135084825086 1.4947364324749337 1.214663077088413 1.3284188177558658 1.5787120622336082 1.6678195166048069 1.1457905778290778 1.2657512444267602 0.9183112767694254 1.064230128105708 
1.7629240095423673 1.8416140474716565 1.3884653817149843 1.4871036791847894 1.2067714153976872 1.319067278589283 1.5746266179704118 1.6622545600614056 1.1399052762492754 1.2581833233853232 0.9098599736338208 1.0542705573262192 
1.7541454225995887 1.8301843709547652 1.3787387060741747 1.474269001128047 1.1960295463018837 1.3050039630924841 1.5664400133510028 1.6511459606852115 1.1303223307654724 1.2450611388550723 0.8984402191727004 1.0391070664214972 
1.7467812463354375 1.8195233323970277 1.3699000101281789 1.461521971212607 1.1858560085226133 1.2906102849184118 1.559184555897468 1.6402673300219037 1.120909360541335 1.2312019449047276 0.8866037614115926 1.0224904226139158 
1.7378075860268998 1.8076569351435687 1.3601300260095137 1.448310076182804 1.174697105322321 1.2757592556484316 1.551003673900433 1.6288832940308031 1.1115713553580986 1.2178831089938968 0.8749574159081344 1.0065778006555877 
1.7310667555346213 1.7987555278128156 1.3519487793985245 1.4376003752215565 1.165118402617159 1.2634992001727425 1.5440968954431455 1.619618646236564 1.1024557190731792 1.205959348086477 0.8632172394693935 0.992004707265626 
1.7254280692352144 1.7910474704442536 1.344390772098931 1.4276328545479613 1.155955481021981 1.2517915534883433 1.53791517370262 1.6111896538845947 1.0933744132294114 1.1942431187931375 0.8510664683235734 0.9772733255260577 
1.7214568244475406 1.7857469509191415 1.3386180294755523 1.4203439031153724 1.1478358677254386 1.2421778268496868 1.5330015487392732 1.6048589728437233 1.0856234977362136 1.184929092020704 0.8391706198604728 0.9642022109065143 
1.68791355513049 1.7509567971521314 1.2880357656498713 1.3696107729910898 1.0838321353388864 1.1796141884079092 1.4534108547803164 1.5261718935602404 0.9604098483424928 1.0673259168095048 0.6618482007176947 0.8092222047702657 
1.6857079486106128 1.7461763739694227 1.2840551047400577 1.3624676704454313 1.077801343480792 1.170118103871998 1.4516666715224265 1.5214653351979468 0.9563066188252596 1.0592653068089222 0.6537435072021749 0.7968068863965723 
1.684876267557544 1.7431634473619049 1.2823168726093561 1.3579938619222989 1.0742961447285566 1.1635819583590319 1.450917378067628 1.5182134254506645 0.95430066686482 1.0538028895474902 0.648433040165783 0.7875761390612591 
1.712637754662544 1.7694286081488453 1.3229008438638021 1.3956418463687452 1.1249743137936796 1.209676290308924 1.5186886741842647 1.582455310501867 1.059883886610019 1.1493926107886547 0.7992836899972124 0.9146605587514748 
1.7105838604997448 1.7663124531809795 1.3197580353239795 1.3912310412947988 1.1213413930655598 1.2046447850973374 1.5153807230535201 1.5780181476339903 1.05453442987994 1.1427184264998138 0.7922677021071919 0.9063391474841028 
1.709683694099704 1.7627759932874085 1.3180641070412358 1.386237302524503 1.1193611243340595 1.1988870652861388 1.5116490112689551 1.5714463407671322 1.0485024509606118 1.1330129118021606 0.7842408597302299 0.8940886951026784 
1.7089658505340122 1.7581535679830247 1.3173545860896527 1.3805661142485859 1.1194219993780004 1.1931660835824323 1.507476334239261 1.56301778256405 1.0427577501469076 1.1215540182315964 0.7778343221351448 0.8806622070984085 
1.7115725371134582 1.7570716605195704 1.3201862748116269 1.3786631461676924 1.1227422547499495 1.190953584738297 1.506449784228137 1.5579509693186753 1.0405778215976929 1.1138323362162728 0.7748939109329742 0.8707932266623347 
1.714738787530206 1.7589015966166388 1.323317163744414 1.3800630539872303 1.1271794898154244 1.1932892857059265 1.5064301952830608 1.556514584056494 1.0393128208872247 1.1106650515707066 0.7742973757288346 0.8677223883135435 
1.7185027033462124 1.7612483366885658 1.3273562264170986 1.3822513208126228 1.1322029333155077 1.1960884767809778 1.5081677642120057 1.5566997678063166 1.0407655909993567 1.1099266541029817 0.7766607662346798 0.8671482617685629 
1.7188063821934687 1.760068853729592 1.3265447922588216 1.3795898217473916 1.1317390477795666 1.1934740309989993 1.5083139371725636 1.5551713485879939 1.039440541574649 1.1063379365587171 0.7755957876813154 0.8631893281714041 
1.7176998426014365 1.757098436990085 1.3240596471734194 1.3747858441491896 1.1295021687774665 1.18856102799688 1.5081197200729788 1.5528448918269333 1.0378180428538524 1.1018023679739486 0.7744078318773643 0.8582596682082877 
1.7134470232209718 1.7502751537929142 1.317803665416366 1.3653457119663173 1.122584152651733 1.1780312357424185 1.505522999287892 1.5473079570611696 1.033104690041048 1.093100047198247 0.7686962857883535 0.8476180698786512 
1.7071064997937182 1.741287892773036 1.3091128244876222 1.3533836525974297 1.1131539394162695 1.1648959681954263 1.5063533077063829 1.5449825926261953 1.0337620970213408 1.0892818722066204 0.7707135517414755 0.843724067878806 
1.7132059150970762 1.7419540813303922 1.3166706494501994 1.3538652492266763 1.1235141168332554 1.16688194975482 1.5192233609721812 1.551569893515471 1.0519442533345624 1.0981421702419092 0.7970251462304122 0.8570756079037659 
1.7034409380183981 1.7283964019046674 1.3037710247267347 1.3362118012190283 1.1094796350167948 1.1474267529202027 1.522645502182632 1.5505135981722316 1.0566726933715094 1.0964489380345077 0.8047877711030406 0.856344819168657 
1.694513134459441 1.7157611053219384 1.2923749730072769 1.3201115401872523 1.0970703618526754 1.1296126710229306 1.5278741275561807 1.551406058172895 1.0645457517906687 1.0980523964436122 0.8164483851754254 0.8596798086122296 
1.684887752508754 1.7068262568738506 1.2780975434425965 1.3068827273914059 1.0809815181371047 1.114867783709799 1.5292315052188796 1.5533699266929304 1.0645353862385223 1.0989288972240197 0.817449264819536 0.8617612390645102 
1.6691659137471149 1.6906765852093772 1.2588704551363656 1.287255720894353 1.0600452433812626 1.093603395283336 1.5166267341753015 1.5402691709487795 1.0482350051468612 1.0821594587560746 0.7985848240576826 0.8426210235777647 
1.6575985168686083 1.6774241872063873 1.2444970352415508 1.2707839829904253 1.0434340316114907 1.0746504729562119 1.5075133591199152 1.5292859734611477 1.0362126015084983 1.0676402091645902 0.7834017252502129 0.8245224823041577 
1.6483517442202196 1.665809263569464 1.2322751672714336 1.2555314085254259 1.0296804470678462 1.0574019354029194 1.5032854525584423 1.5224073639449593 1.0301969554768837 1.0579049092398807 0.7765600442166981 0.8129591208626914 
1.6556318633553204 1.671510738552825 1.2430484592956985 1.264120545793561 1.0431029466727673 1.0681268836132767 1.5041333654159161 1.5215940533195476 1.0327002402233718 1.0579702587017321 0.7806177498349688 0.813753865427016 
1.6661555996611632 1.676407899284136 1.257204199118922 1.2707601507689206 1.060825826553186 1.0768567206375461 1.5089822845488445 1.5202948719186848 1.0399593506874438 1.056306969390172 0.7913940150659784 0.812756697654501 
1.6688302262658836 1.6743942378480166 1.2643862014822211 1.2717209623728942 1.0722566338795205 1.0808959378860852 1.5075466016341388 1.5137035693089451 1.0422930962539474 1.0511786899184363 0.7983963432397723 0.8099620117873678 
1.675922261029431 1.6768373069603384 1.2722776557866604 1.2734827687935162 1.08051243482618 1.0819311673179586 1.5139625895688442 1.514975462380167 1.0497893745956854 1.0512495707556795 0.8067678844711161 0.808667019491954 
1.6774322861760946 1.6756068745102355 1.2750328497360213 1.2726303827529655 1.0846566927401313 1.0818315323126606 1.5147010570756065 1.512679283756461 1.0517837161251167 1.0488700151620123 0.8105679235609807 0.8067835409240572 
1.6890416063315787 1.683382802549426 1.290296019647879 1.2828795463016627 1.1019300198829143 1.093236424895896 1.5200993287016344 1.5138091296854963 1.0595773872252843 1.0505333652574582 0.8198110696490748 0.808088053320404 
1.7087207403856868 1.6984154266033413 1.314214850861232 1.3007878639210197 1.1271742987773496 1.1114901225490983 1.5316489648820353 1.520143724890581 1.0739565434523923 1.0574833568071935 0.8347118561660725 0.8134078162423878 
1.7182264452077585 1.70629294594782 1.326409906858091 1.3109144676107933 1.1405684394245221 1.122510519055964 1.5354529057614534 1.522087095468354 1.0792019040991774 1.0600991699795308 0.840362941717024 0.8156858305691538 
1.7376980622783724 1.7238439814513407 1.3490676813436788 1.3311750920093157 1.164602843052519 1.1438283519768209 1.5444549267123369 1.528850724363242 1.088912335243756 1.0666647039187198 0.8497330445769484 0.8210296972619262 
1.7545782477501568 1.7394647249766264 1.3698704646345252 1.3504583636077085 1.1876331387587709 1.1651889006671878 1.5515166438933263 1.5344043138097632 1.0978179077961927 1.0734974898144896 0.8597275970201316 0.8284468860693543 
1.7706575987482986 1.7523903593962993 1.3910446923104558 1.3677167015522953 1.2121280212935803 1.1852839236676969 1.5607498358177363 1.5399947044406 1.1116281095785094 1.0822941807591364 0.877477098279545 0.8400057724236722 
1.777844711732158 1.7582112762219448 1.4009498622841576 1.3759489777727953 1.2231742697727093 1.194458189738762 1.5625057761922034 1.540129661240897 1.115057396833903 1.0834796126526796 0.8813896844381606 0.8410843290859723 
1.7858973725255434 1.7647601485736353 1.412190050805358 1.385362658798641 1.2366274030578652 1.2059006139784654 1.5676551076667469 1.543532148480763 1.1235630160314285 1.089652608767418 0.8929504159770798 0.8498878762481789 
1.7801498809519072 1.7594849530908439 1.405025938783014 1.378750010028319 1.2285672381490114 1.1984286212174213 1.5541918757518616 1.5304790387826583 1.1048423763836586 1.0712284434951727 0.8694574438424747 0.8263231499559297 
1.7825607535608121 1.7617396489309338 1.4081580548131982 1.3817065020529107 1.2316498262636546 1.2013180449053824 1.5549045800097476 1.5309905301520614 1.1059450800719222 1.0720626243906137 0.8701532665773829 0.8266622392581446 
1.7824832204929417 1.7617806315086137 1.4073273953628878 1.3810122953684698 1.228684615407424 1.1984533559379313 1.5565845563087441 1.5328339907370563 1.1073750256073551 1.073733677202541 0.8691230831929906 0.8258326077110846 
1.7859855099318247 1.766126659525426 1.4124776756063935 1.3872823504558975 1.2336461593530132 1.2047165568242348 1.5601304796991948 1.5373569037430572 1.1132636956653352 1.0811175661723567 0.8752975028448555 0.8340292886262688 
1.7835402187944516 1.7663198502585424 1.409611617452609 1.3877589896726883 1.2300382563389483 1.2049332817286442 1.5606780869408527 1.540969237985418 1.11431830778165 1.0865428626691909 0.8761817682749168 0.8405739660597157 
1.7836505584915139 1.7664977044330088 1.4102162983057207 1.3884577173854051 1.23067925196092 1.205684969702737 1.5616882937408123 1.5420684653306058 1.1163203035003395 1.0887037452709942 0.8786537618465478 0.8432895458661217 
1.787460434071784 1.7703160853847795 1.4145998446812054 1.3928736336696486 1.2352049861347265 1.210262614713059 1.565035932613718 1.545426060726326 1.120453206328622 1.0928950664963633 0.883206671607552 0.8479730323377566 
1.7885326683178142 1.771464932229831 1.4188395004509988 1.3972631922869936 1.2416172801793797 1.2169027779243666 1.5656805542127807 1.5461547459164753 1.1249942312030048 1.0976570141533466 0.8911340879127226 0.8563637446319409 
1.7906105447025715 1.7728722647500694 1.4214578942761689 1.399046993320825 1.2446085680245176 1.2189505453134841 1.5672534295384521 1.546956126307414 1.127182210115135 1.0987855473749373 0.8938946678440588 0.8578097816649332 
1.7957705307470215 1.7779125967210647 1.4288134738654448 1.4063034329686606 1.2539838942743404 1.228273996134185 1.5722934519037595 1.5518660062580918 1.1352633363671356 1.1067990989242087 0.9054228332107822 0.8694664509798178 
1.798346454126056 1.7803484452060947 1.4320237167965337 1.4093553642526642 1.2581813708157341 1.2323193494982376 1.5766850410490232 1.5561254242341007 1.1413052506090384 1.1127301075947214 0.9137319691615041 0.8777794305790948 
1.800026062002448 1.7817399424293212 1.436014900997911 1.4130259001334833 1.2637253530289088 1.2375399655962793 1.5809404004224956 1.5600884424442227 1.149529260909891 1.1206787765671484 0.9253542530771878 0.8892603062366161 
1.8067686532514036 1.7886846978246027 1.4429083707470445 1.4201987706767987 1.2726178398764847 1.2468103898475862 1.5910108253471722 1.5704443410168634 1.1614159661257848 1.1330785622506014 0.9415193287298408 0.9063325152679285 
1.811124307479255 1.7930731966437428 1.4521235569820532 1.4295464511942977 1.283397706224462 1.2577956526090437 1.6008940975411867 1.5804436538270545 1.179556475605221 1.1516482581596736 0.9642615447803621 0.9299142746093374 
1.8190750697706488 1.8009995734760988 1.4617375865253963 1.4391810609027238 1.2955967560398916 1.2700930314197816 1.6152095159641335 1.5948251109952747 1.198559319708912 1.1709439769096939 0.9891605659654503 0.9555124172197292 
1.8306817295853504 1.8126433602994303 1.474357485495838 1.4518988778966702 1.3099864102492094 1.2846574452505266 1.633990081682753 1.613754610725438 1.221580118959706 1.1943778060721029 1.017149146899121 0.9843133361067551 
1.8324877353523652 1.8147613605697142 1.4806612844998819 1.4586656008204346 1.319452878513227 1.2947213577510954 1.6335186750744053 1.6136079937261218 1.2258588014191683 1.199198605993536 1.025342801319071 0.9933153355389416 
1.8365490812390204 1.8192338422588477 1.487847505425166 1.466420623293293 1.3261655217203807 1.3020807332957085 1.6367957975874357 1.6173434168474827 1.232833384768554 1.206887484241961 1.0319413482363666 1.000800774989653 
1.8455871741724612 1.8287944598805768 1.4994667431690143 1.4787486848311617 1.335480786185219 1.3121760892844718 1.645230425645566 1.6263702876312918 1.244584930757998 1.21954450877772 1.0412012611737897 1.0111366007072884 
1.8453457095325418 1.829160330908737 1.5017260790470943 1.4817921395965628 1.338251233995381 1.315843111381505 1.6465020706000222 1.6283414251839692 1.2493396244777317 1.2253065843984354 1.0471793762723558 1.0183866527847663 
1.8435245279966443 1.8285536257997057 1.4998913507735319 1.4814519031089906 1.3371710148388836 1.3164543288793766 1.6492713124665843 1.6325199965774537 1.2534700797886043 1.2313459781983493 1.0533468088551128 1.026920238784517 
1.8440370421136911 1.8303973191598075 1.498674199780396 1.4818589981463859 1.3358428131660591 1.3169501717177496 1.6563988147446287 1.6412004042125419 1.2606382422754794 1.2406008669944617 1.0619135757148086 1.0380472896681587 
1.8441183094264748 1.8317438517767597 1.5012985496435942 1.4860721834830095 1.3405595291377252 1.3234851908963543 1.6610103905039124 1.647260974078473 1.2696773264739196 1.2516364139485396 1.0748409321206371 1.053468665277691 
1.8429803479447877 1.8298986236976875 1.4984423340625057 1.4823231222006523 1.3378379476269502 1.3197586083108874 1.6717251426926287 1.6572921778644494 1.2819585868157715 1.2630796603582413 1.0899076859581687 1.0676381287733638 
1.8432699136863706 1.8281900724764262 1.49931801573294 1.4807395039983773 1.3399288674781809 1.319107401351899 1.6795987609847063 1.6630354669403058 1.2928118716585797 1.2712189040056634 1.1040006309334067 1.0786344883700687 
1.8435168898915055 1.826596166593823 1.4975422150027191 1.4766623575534286 1.33826677763264 1.3148600688344176 1.6856561528126812 1.667133977224161 1.2982737877332537 1.2741325913794253 1.1107835569161302 1.0824690031660258 
1.8327498527844681 1.8137239335525925 1.4874919860226101 1.463985960568437 1.3306163662308867 1.3042861642835475 1.6804942942127146 1.659723940039876 1.2952688749759602 1.2682050081676421 1.1115884868428108 1.0799312238941374 
1.8314392322426754 1.8103527829784005 1.4858620029456437 1.4597922555068032 1.3303864860248844 1.3012054947769165 1.6806194359811624 1.6576155241905886 1.295414188203001 1.2654269858184788 1.1136607335259874 1.0786323594430312 
1.8349636181531666 1.812039064619127 1.4903693002560674 1.4620515527524192 1.3377448719190668 1.3061222891083974 1.6826244916634727 1.657594423164412 1.298204279435929 1.265594106696835 1.1196852425328112 1.0817065841094617 
1.8368002124818177 1.8116955410811306 1.4938981908327118 1.4629208856165974 1.3441545553146967 1.3096400961994292 1.6841253132036376 1.656708720195934 1.3016047228606886 1.2659307119954275 1.1265853356817894 1.0851729039988283 
1.8406555393723183 1.813536476286595 1.4981276082570538 1.4646801926775688 1.349889094193297 1.3126699138861986 1.6902082148131927 1.6606340793871477 1.3088839999870117 1.2704641126855964 1.1362180958874049 1.0917386581146606 
1.8428476245711174 1.8142810304766486 1.5023858578232858 1.4672053557520195 1.3568795245663523 1.3178202966821424 1.6959647686751662 1.6648798115021426 1.3180942284174566 1.2778500245128182 1.14949170218293 1.1031135315766052 
1.8413048676327775 1.8113570917431383 1.5011152886997587 1.4642260782434384 1.3572258929036685 1.3163103823217988 1.6944451811634862 1.6618529929594132 1.3168477384907338 1.2746367579071929 1.1501317232248487 1.101550670195502 
1.83882875371342 1.8081539190796923 1.4986362322736129 1.4608353659065247 1.3551020064494221 1.3131758669284364 1.6909617681908866 1.6575527476020937 1.3130007892926987 1.2696851902275816 1.1464562633974529 1.0965816766129415 
1.837539887133218 1.807033163869872 1.4973977730735275 1.4598000237448825 1.3546458374075343 1.312966626889488 1.6872398210703656 1.653963189531605 1.3085967552327034 1.2654017094684042 1.1424932042710627 1.0927519116091997 
1.8332620267589272 1.803451592850845 1.4925838766234378 1.4558140738968868 1.3498079858840109 1.309033837513855 1.6830827649751066 1.6505622020257977 1.3037348517840006 1.2614723749477237 1.1374970478011142 1.088800956445323 
1.8290367142805088 1.8005091063768714 1.4865857883708025 1.4513424978777547 1.3428198800233933 1.303695888674211 1.6803319758863247 1.6492341523101077 1.2992603869840875 1.2587832590029313 1.13194764772318 1.0852479979921827 
1.8254359432794565 1.7981051995521729 1.4830141250226039 1.4492400838565567 1.3387370641827168 1.3012235982553342 1.6755793565261419 1.6457618617699705 1.294094545238701 1.255247632005956 1.1258626577058855 1.0809868869031483 
1.8250260124257518 1.7984576662325527 1.4796284498584908 1.4467309289673185 1.3334151766162856 1.2968138125539226 1.6757086736753022 1.6467330051440157 1.290960867970304 1.2531201035138813 1.1203908452993716 1.076571259801524 
1.8247705959528173 1.7980996473649618 1.4780801226773872 1.4450243814738906 1.331417398960221 1.2946223017753093 1.675122128757781 1.6460281772357364 1.2887851905783216 1.2507365355877313 1.1175503159383924 1.0734492641266287 
1.818154492677014 1.7911365243279502 1.4722351120801356 1.4387357348664171 1.3253243720846644 1.2880096974718822 1.669358551133222 1.6398909298430826 1.2839581138968708 1.245404644194653 1.112455349324911 1.0677271157845576 
1.8169728191419623 1.786272436253969 1.4706440716572755 1.4325407416617126 1.3228640389324557 1.2803703591229727 1.670774336737517 1.6373349917841156 1.2856479472626594 1.2418814900467314 1.1135824730574246 1.062753459331321 
1.818063139149543 1.7846031952549817 1.4712516772919206 1.4296980396273506 1.322170903451702 1.2757707021695905 1.6731272941812556 1.6367070382674749 1.2878597992538978 1.2401765394952002 1.1145121186125746 1.059052524247164 
1.815996047258088 1.7813957568875591 1.4695631170034855 1.4265850671645908 1.3201630907039479 1.2721477056761137 1.6713503710643678 1.6336894631039889 1.2865403895941239 1.2372208263107276 1.1128346711246013 1.0554289195663533 
1.814300047002372 1.7783757342510074 1.4676248707870856 1.422975176513213 1.3170882970221889 1.2671452851874603 1.6713023361895984 1.632233773260684 1.2866583073033842 1.2354858118864862 1.1118850752451037 1.0522471250484888 
1.8163347655553588 1.7809107407180855 1.465820209631809 1.4216891266395195 1.3118950694949043 1.2623944546792971 1.6752741597019396 1.636800108750314 1.2868956510009038 1.236394557738362 1.108395327924581 1.0493385005826479 
1.8089836322449937 1.7736994602835876 1.4619839341560121 1.4180920341819463 1.309652727149564 1.2604674765380859 1.6658581901621428 1.6274739639730922 1.2806477859779752 1.2303035175964872 1.1035633165932481 1.0447200521720112 
1.8112537544679626 1.7743007266171904 1.4639568020519902 1.4179818135908127 1.3114687924134107 1.2599417839226899 1.667274895832805 1.6270551569244018 1.281536161594471 1.228754588546586 1.104135774565017 1.0424100508313847 
1.8117265500644295 1.774160853307377 1.4657349242643978 1.4190392910023175 1.3131488583585489 1.260814643557236 1.6665711244973493 1.6256546232851428 1.2819848240163998 1.2283235445957876 1.10429441047592 1.0415180201073622 
1.809119712091881 1.771321966007143 1.4628798976947528 1.4158689804001678 1.3098271403049375 1.2571056089523307 1.6636760110308166 1.6224935267234226 1.2786404232931985 1.2245769500768051 1.100250368997625 1.0369273113672963 
1.8129582912685582 1.7752422765525302 1.4648438473364356 1.4178980469904776 1.3110944848787254 1.258426049817553 1.6671116835651443 1.626016217649569 1.2799262075133122 1.225919439139216 1.1006417890846278 1.0373426253940452 
1.807975570478509 1.7710421146565347 1.4614993362458601 1.4155545974236 1.308323750547658 1.2567917666372144 1.6619097829446368 1.6216530563246534 1.2763811237428615 1.223504508159692 1.0976700321349262 1.035709422515355 
1.8054700870306575 1.769191682249973 1.4581697662352247 1.4130024913433414 1.3043473383890083 1.2536502512832237 1.6601591668157876 1.6206311833796392 1.2738388010900321 1.2218765340829205 1.0944076951312478 1.0334627117329829 
1.801763179216281 1.766352353133304 1.4530409360990353 1.4088924882401639 1.2980105739089955 1.248391577758982 1.6579463754837067 1.6193937956592153 1.270339951343561 1.219595700803984 1.0896178596093038 1.0300083307525043 
1.7962812022387389 1.761908624281137 1.4456484142128923 1.4027099416188116 1.2896231222788501 1.2412991743799116 1.6545914920354963 1.6172102053586754 1.2652850214541582 1.2159942550506766 1.0835933949209224 1.025607375322667 
1.7917744722791538 1.7585877659051423 1.4394425852778012 1.3979163520008056 1.2825443747142786 1.2357569518280043 1.652090571279686 1.6160378790706733 1.2613256726600153 1.2137205705561886 1.0788269413169287 1.0227623087458981 
1.786592795037011 1.7548750302851084 1.4317238854186094 1.3919431887538225 1.2735793155034199 1.2286890695038186 1.649607734426024 1.6152022270038386 1.2566324626867476 1.2111142402424966 1.0729846853884542 1.0192981368167804 
1.7787520107267034 1.7487176219573846 1.4225621028497455 1.3848240112535202 1.2639852361733859 1.2213571479891907 1.6442755844031407 1.6117372003972268 1.2503465192754728 1.2072369377815981 1.066462450845922 1.015577059973437 
1.7727952383653027 1.7444495033994794 1.413870671161507 1.3781623226277413 1.2545191558404718 1.2141331990810111 1.6415196882068428 1.6108656056638275 1.2453169092125467 1.2046224790824263 1.0609440333828595 1.012868873404001 
1.7663686197206656 1.739568256014661 1.4059451752945025 1.3721229728176296 1.2451620180257224 1.2068421884131701 1.6382842058488782 1.6093522783200358 1.2412086344905477 1.202762857313897 1.0556256389146155 1.0101411317899545 
1.760535559014441 1.735544243830819 1.3978155094840985 1.3662051699120048 1.2356583923375788 1.1997833263945161 1.6356553161819545 1.6087251726427014 1.2368391396435876 1.2009993443354956 1.0501116708970957 1.0076521667193943 
1.7507674125987183 1.7277634746624349 1.3870070764843305 1.3578544552261886 1.2239596428876278 1.1908221104672223 1.629023451893069 1.6042747576950809 1.2297640033834174 1.1967871971982362 1.0424049506874045 1.003288678585386 
1.7451537826896202 1.723436412739353 1.380224780546955 1.3526610027482457 1.2166205835986377 1.1852581946377294 1.6258803090129021 1.6025473854946974 1.2259467765102572 1.194829210538431 1.0383114650411456 1.00138006868316 
1.7366543997780215 1.7171134449500882 1.3706430357567065 1.3457980569269523 1.205297506289779 1.1769673560589349 1.6183551549237762 1.5973676740276046 1.217278618340255 1.1892339186334875 1.0275441508121974 0.9941614860918522 
1.7261445653724403 1.7091221761023436 1.3578186618856032 1.3361119230232212 1.1918833737261418 1.1670944815415802 1.6093980258981337 1.591127134469402 1.2059263923493881 1.18143218850885 1.0154668491707695 0.9862537574300085 
1.718010915545696 1.703706784870613 1.3483956957563163 1.330122646681185 1.1803840386646036 1.15946616234117 1.6028004697822373 1.587458550266482 1.1981564139686272 1.1775542854638 1.0053428861508695 0.9806985375813304 
1.7088783052263143 1.6975523832604285 1.337079501478188 1.3225734857138034 1.167828842113929 1.1511920935765498 1.5946618749042571 1.5825187288348788 1.1876291620169825 1.171273690609142 0.9932299017212279 0.9736142303362045 
1.6983091674364506 1.6903858398361866 1.3250824130591614 1.3149120353539585 1.1539843563058774 1.142291623850359 1.5862073012688758 1.5777210976337643 1.1779825872221923 1.166530426143566 0.9815699002102144 0.9677963258447979 
1.689011655591888 1.685021285540705 1.312553774717535 1.307414919421241 1.1388948899372804 1.1329686360730602 1.578683661258724 1.5744136884330147 1.1671671436110809 1.1613851648463784 0.967762005828525 0.9607807553886839 
1.6797129652799134 1.680070588317479 1.3008755971765478 1.301337333411072 1.1251411791101773 1.1256750014677592 1.5709817356447655 1.5713641047603957 1.1570761804347371 1.1575952761347292 0.9552437599531546 0.9558724689671945 
1.668840355720894 1.6740129716709606 1.2877632605734022 1.2944595442587767 1.1097844014413973 1.1175476339389925 1.5623180172047688 1.5678421104571214 1.1463610553759407 1.1538782282904207 0.9420354938550035 0.9511688431202109 
1.664885248536694 1.6753268487835706 1.2816364843414414 1.295171508895671 1.1015091398599874 1.1172285104915152 1.5576053598376867 1.5687611725355421 1.138807992681422 1.1540194121656229 0.9314579708151569 0.9499953214911586 
1.660312795458133 1.6759727532278084 1.273831964099661 1.2941769444562052 1.089595873139211 1.1133127402316025 1.5543279714275233 1.571044726785969 1.1322299840412282 1.1550717845926286 0.9200630580356979 0.9480306543366622 
1.6568030292030613 1.6776275874270903 1.267339307674326 1.2944446551693278 1.0790949374250813 1.110803280737161 1.5515607315140585 1.5737784939744348 1.1262740993099505 1.156689842307107 0.9092801053451242 0.9466933793454141 
1.654545588927836 1.680458411922342 1.2629757452305093 1.2967370980274144 1.072305311112726 1.1118714172963349 1.5492293762514833 1.57687381505324 1.1214714831151793 1.159360882469544 0.9013485644524875 0.9480762643377166 
1.6513959226732668 1.682151638706181 1.2573579830032058 1.2974878572078776 1.0645899217172263 1.111700204012705 1.5455854373090767 1.5784042530992781 1.1147533126310456 1.159827827826997 0.8916712129601863 0.9474192283260299 
1.6477719182923953 1.6826110735143165 1.2513128180886666 1.2968467522082168 1.0559248281544478 1.109506634821532 1.5426558026705113 1.5798147535432754 1.1092422636705654 1.160364653681333 0.8829563259374724 0.9463823770088917 
1.6456092472553774 1.6843418411926987 1.2478579710257132 1.2985095914903402 1.0497605998761859 1.109493109664233 1.5405580645507686 1.5818649732491108 1.1056395757444692 1.162504414956094 0.8759490125871541 0.9467123723668187 
1.6439778255107975 1.6860960763584056 1.2437791437273782 1.2989393543623236 1.0426111959744198 1.1078334684920879 1.5396778114823926 1.5845708097498232 1.1022391894553607 1.1641254737833076 0.8688974498588485 0.9461710555238996 
1.6396660532697656 1.6849729118134955 1.2380826722982798 1.2974889790457758 1.0344527831879278 1.104862664744017 1.5375795204948748 1.5858057034659856 1.0993155684539584 1.1658145934689828 0.8635615648263011 0.9467668791974346 
1.6380255349666222 1.6861960204029331 1.234931485226079 1.2981468095799833 1.0288206321816693 1.103902739928971 1.5370526006622838 1.5882884068149241 1.097478390312397 1.168155889949064 0.8589964710071224 0.9476308897575522 
1.6380911267493148 1.689178476554458 1.2340916349829294 1.3011393275336964 1.0266984891071185 1.1063865389884495 1.5374503105905049 1.591770977136736 1.0969927445224241 1.1719106056584863 0.8570418341801294 0.9510531487013963 
1.6391046108838845 1.6926434089319613 1.2347419833393576 1.3049772219471152 1.0266448292475887 1.1101249433288176 1.538146416899513 1.5950774853281613 1.0971865109546375 1.1756683308658147 0.8562885493925575 0.9547815793158194 
1.639665179108723 1.6957853860620573 1.2338459466163676 1.3075021973142684 1.024280069308019 1.1119063973112306 1.537657024821088 1.5973651122963843 1.094652020681294 1.1770510704220272 0.8514909786848243 0.9551036921620814 
1.6359413694804594 1.6949331337022122 1.2298312676044636 1.3072792777832904 1.0184960526077662 1.110778273338834 1.52919309715209 1.5921449970783443 1.0837953269771934 1.1709425579940296 0.8363381930640269 0.9465493840902341 
1.6328406498022383 1.6946080327009534 1.2248271021032298 1.3060356912789923 1.0134762910135569 1.110253119470779 1.520868307266147 1.5869997494941817 1.0710150561250742 1.163013777775051 0.8209786920782998 0.9378346387794575 
1.6335152224855005 1.6977430293786673 1.226148519426523 1.310495937957785 1.0134973513985395 1.1140629663550685 1.5157431339418477 1.5847512927282483 1.0642111903620701 1.1603899643670892 0.8101124287972963 0.9328673855397961 
1.635067380003209 1.701591765026664 1.227889904816616 1.315174063007083 1.015903253046548 1.1198341918367016 1.5126795434428795 1.5843511601935216 1.0594657532693346 1.1594985467893257 0.804247153274762 0.9320851255151316 
1.6377671004805632 1.7063459559633596 1.2313127660413954 1.3211610703591414 1.0198326824614479 1.1266739307503801 1.5102925978817852 1.5843986800147596 1.0558568954249965 1.1593831246108908 0.7992254725773649 0.9317171255442889 
1.6407949599067224 1.7108877316128321 1.233757773169151 1.325551572962479 1.022947537880268 1.1319674884833497 1.5065872012118324 1.5826350572963126 1.0486921079398386 1.1552851885934061 0.7899484537963868 0.9267940922250758 
1.6451468456358826 1.7165244057763043 1.2371843006220593 1.3306287557488354 1.026305921110121 1.1372122649820895 1.5045435896329804 1.5822766208933552 1.0429612951139147 1.1522656616534637 0.7813111499944784 0.9221686423999107 
1.644048331291274 1.715982680213184 1.2386518221120988 1.3326514846694248 1.0309054647355511 1.1421329696631748 1.4981922857969945 1.5767947768785966 1.037276986162145 1.1478872719878126 0.7774646531011058 0.9198657130209945 
1.6487436489110079 1.72071868528019 1.244216561625984 1.338130048340738 1.0388434745544612 1.14965774849404 1.499106794002477 1.5779221634391174 1.037805575348478 1.1487199773105652 0.7798469879562178 0.9223223398966248 
1.6525684199436865 1.7242587618333776 1.2485657276231685 1.3420142589999453 1.0459200207449764 1.1558696228204857 1.4984999500150717 1.5772089257163022 1.0360676106293314 1.146962069538122 0.7800438496617813 0.9222550095061407 
1.653586258634176 1.7245158370985674 1.2492489058405345 1.341726569165183 1.04867351580164 1.1572914500694165 1.4945035492576697 1.5726246266683517 1.0294737358202843 1.139922598426653 0.7738924258214266 0.9157056538013578 
1.6535003337392231 1.723031599845552 1.2475266222713335 1.3383188012078147 1.0474458042666084 1.154087194828156 1.488701164262231 1.565568809368123 1.0190635289694763 1.1283904539060592 0.7611245073414221 0.9022666213854541 
1.6481570358440583 1.7161740211922194 1.2408164732958185 1.3298335146231923 1.0419751945234936 1.146535634952125 1.4762617227315324 1.5518312827801455 1.0012754763811367 1.10967753686153 0.7407019408657386 0.8817431720263401 
1.6448958045602802 1.7112428680495388 1.235155861363258 1.3222253769499404 1.035739250902471 1.1381677123563168 1.467108582573223 1.5411286573970426 0.9860706805599747 1.0931629945485768 0.7207504291084479 0.8614819363459757 
1.640081259752706 1.7042681428642685 1.2272760979470034 1.3118193415184969 1.027406941086161 1.127044092652112 1.4582769238358066 1.5301094571245624 0.9710363889123942 1.0759066096934355 0.7016196053361269 0.8407933365471104 
1.6332406918255373 1.6949781550907255 1.2178088222027135 1.29943607624029 1.017137462408479 1.1135728113755115 1.4490638663063682 1.5183088873594726 0.9567493185964441 1.0586996965309663 0.6832858469445712 0.8199727662762709 
1.6316673454977753 1.6903893139184702 1.2118797484749702 1.28985667072344 1.009054529331174 1.1014847930905614 1.4465891079929214 1.5125137201393435 0.948121429862102 1.0459502626844914 0.6696810913888467 0.8022159749155814 
1.626989697821626 1.6857695413162817 1.205772220951249 1.283982133220594 1.001219167224493 1.0941495740664104 1.4426757298220922 1.5086539467451463 0.9423929294183545 1.0405901705425185 0.6608007304912031 0.7945949125370158 
1.623737232137658 1.6823581286634728 1.2005407036123608 1.2787119515669125 0.9938990708467648 1.0870334112068785 1.4408512978895713 1.5066050367233155 0.9385242909110357 1.0366456090101681 0.6537317696349646 0.7881443400038234 
1.6223973267678797 1.6804419523903713 1.1969163437365047 1.2744884477128706 0.9873228357044935 1.080054837197428 1.4414631635610957 1.506495310763881 0.9371508415957179 1.0343905303866439 0.6484206565984479 0.7824074497047957 
1.6234379346891614 1.6815863675790814 1.1941049311462582 1.272033242658308 0.9802604375306646 1.0738214512794062 1.4457825700249018 1.5107843074469003 0.9384152058592242 1.0357630435711682 0.6447069391497271 0.7796339020513474 
1.6196198935576054 1.6773287924183347 1.189656619200494 1.267101475760939 0.9742479887623833 1.0674373151972667 1.4457410429975173 1.5101094138093272 0.9392983740045274 1.035637346601381 0.6451028657567326 0.7787303677625196 
1.6123970493554556 1.667802834266143 1.181849921424112 1.256388190801784 0.9656893438213863 1.0556031252256597 1.4424856426218526 1.5041631821003263 0.936861687321122 1.0292967844048575 0.6430369298649804 0.771517039595484 
1.6085425511755456 1.6646095516758075 1.1761238814607637 1.2517121095245234 0.9581061058892864 1.0495156648332278 1.442529801335949 1.5047950187086387 0.9363495465595807 1.0296923297424005 0.6414439951720899 0.7713405340900557 
1.6026475461422582 1.6600751745375275 1.170660084377956 1.248124777863096 0.9523040003884278 1.0460656466569402 1.440854074899954 1.5044703031684614 0.9370305977692526 1.0321805893911213 0.6437889538939005 0.7757800236637977 
1.6015405844579331 1.6595813962255233 1.1702603999392005 1.2485141451733164 0.9524205392923115 1.0470831154678493 1.4425222483087938 1.5067012324604563 0.9409822510897097 1.0366898108392197 0.6504176172782051 0.7825095807067525 
1.6084244706631294 1.6694864569651255 1.180500345882189 1.2624328967473748 0.9652455311618738 1.0638865952675445 1.4479480514949312 1.5154897927699704 0.9503185511332335 1.0503623664193076 0.6642463529655003 0.8008613922458542 
1.6139603867691548 1.6791485356989833 1.1882098313261171 1.2753486888455408 0.9741315909362759 1.0787047934166418 1.4527878720790726 1.5248817252954538 0.9578972149766591 1.064067079342294 0.674282453916784 0.8181249920030802 
1.618682347693892 1.6880003705674387 1.194346744934573 1.2867310734709914 0.9812803022255211 1.0918441921060944 1.4568263365054224 1.5334782955868043 0.9636776323728854 1.0760517122498388 0.6819981404196129 0.8332671671413737 
1.6204508926946875 1.693281800538531 1.1975300609316704 1.2943803178490507 0.9853736946128661 1.1010465378152776 1.459318199035087 1.5397895201731338 0.9684145585620912 1.0858954450751739 0.6889918928659539 0.8461985516620848 
1.6231574891807758 1.6998068756666564 1.2002026683371605 1.3019944796210312 0.9874201615744131 1.1089191834230483 1.4629258563179612 1.547531983825743 0.9726244246797631 1.0957652355151808 0.6931885759904299 0.8574459643404008 
1.6223344308135883 1.7032592195268603 1.2002731661597914 1.3075850400273208 0.9882106766288502 1.1161018344681861 1.4627500358582288 1.5520182443847912 0.9738194572934195 1.103379943130765 0.6958656503975822 0.8679585052888473 
1.6226277670630562 1.7067956583036061 1.2002060589932213 1.3117641300188232 0.988298648002738 1.1211444003356748 1.463154508875956 1.5559729000223752 0.9738556517492929 1.1084337504803974 0.696156924869702 0.8745656137786575 
1.6272039411909283 1.7129968904429715 1.2061472992248046 1.3196048605045716 0.9959443903287423 1.1306948788542779 1.4650282661530085 1.5597671303971279 0.9763741402901298 1.1134954612692816 0.7003002092155121 0.8814681295811494 
