95349 31737 133285 68881 106099 47693 68115 31987 90139 34582 47811 10143 
95765 29704 132626 69801 102116 48124 75050 32923 94596 33292 50790 10958 
98219 26412 129332 69030 95050 47707 85848 32624 97856 33684 55242 12555 
110377 17838 132945 69655 97660 47608 99699 27096 99597 27119 54570 10477 
125948 13617 140753 78578 107627 51591 108574 20768 91957 15461 45204 5948 
136999 8491 144440 81423 112540 53137 109667 18319 85729 9959 40681 4489 
145547 5128 148735 86371 113347 53189 108061 17914 78793 8799 36662 3941 
149502 2734 152579 85154 115617 53079 108002 14517 76188 8084 35626 3947 
150654 1748 156592 83056 117779 50749 108689 10363 74123 7439 34729 3839 
148813 1211 158479 79694 120048 49625 109172 8668 76129 8301 35301 4324 
149123 1464 155581 75005 116747 47418 111512 7128 79716 12615 39444 5368 
151773 1324 156361 72130 115071 46796 107074 5745 79931 15414 39911 5648 
147869 745 150886 64146 108904 44153 108412 5554 83068 24261 45881 7805 
144676 626 144780 55311 102537 36889 112858 4825 88723 33722 52295 14950 
138951 319 136411 41659 87881 26768 121791 4583 101902 42976 66890 25393 
132420 316 129756 28950 78783 23181 125600 6406 110329 54464 75227 31631 
124116 266 123158 22058 70991 16720 129536 8771 116854 59566 82084 39282 
118097 659 116756 16839 66003 12255 135974 10794 122491 64049 87740 44152 
110877 1361 114573 12240 61596 10410 137869 13614 125984 70201 89562 46999 
107055 2278 114659 7732 58559 9150 139225 16164 126814 75580 91621 49387 
106690 3489 116409 7741 60517 9945 132547 20841 121160 81747 87655 50329 
100277 3574 107870 6306 59370 8749 125828 26057 123830 86934 88847 53227 
90560 4588 102189 7005 57806 7895 120995 34115 127568 87571 89803 55264 
89406 4893 103306 8923 61566 8206 112936 37124 125760 86244 86198 54667 
87952 7808 101520 10674 64191 8461 103465 38747 123907 85761 84222 55454 
94652 18525 108048 16273 75820 15008 83922 36941 109980 81176 74044 51599 
89769 27472 113252 21165 83013 18426 78789 41583 98338 79738 66499 48296 
77650 23709 111383 21535 81933 16332 87469 43005 103637 81604 69147 51916 
68033 11179 109688 19671 81166 14353 95748 52876 114838 82011 72628 55403 
62084 5227 105409 16496 79942 12811 109445 56823 120832 86831 74112 61314 
61631 191 104702 12201 78776 10539 124650 50934 130113 93616 74419 66451 
61842 0 103555 10215 81799 11356 138302 38451 124411 95682 71787 69338 
58849 0 109027 11296 86783 14276 146506 29207 123561 95239 68285 72750 
62835 0 110117 17131 84214 22954 156659 23031 114740 96134 62240 72012 
67346 7 110289 21918 70144 41647 161125 18898 110930 96005 56301 75463 
73735 557 110412 26443 67479 50914 160202 13213 104421 94319 51401 78240 
75572 6545 111880 35137 65668 56678 152937 14740 97028 93394 47224 77097 
74253 16335 110607 46501 63729 62050 143027 18890 91289 91416 43619 75713 
71911 26435 107316 58760 60712 65980 135175 21404 85317 90935 40271 76048 
65980 40572 94139 73451 50859 74920 118530 31601 77172 94926 35539 80198 
72675 47797 90648 80952 47893 82014 102307 35982 70809 92360 32321 80703 
74094 51094 87994 84449 45685 85076 92837 39184 70925 89367 31965 81798 
72861 54539 86416 86308 44380 85209 81660 43642 73030 87242 32718 81103 
74818 56204 85248 83549 44850 84874 73357 45523 77742 84098 38373 77898 
75063 54985 85805 79855 47422 83977 73730 46985 82533 80895 48411 68746 
71480 52353 83420 78876 46302 84217 72186 50553 83542 78968 53852 66304 
70070 52781 81100 80197 44863 83496 71091 52936 87620 76062 57367 64550 
64192 55037 78459 83077 42002 87281 67342 57212 87745 76934 58499 65005 
55619 59613 74357 86983 37844 88573 62709 63978 88103 80059 58304 67922 
51152 59748 71801 91662 35971 88590 60352 71109 90771 82829 58849 67563 
47943 64706 70470 95588 34017 89078 58055 76007 89667 85092 58292 69114 
46257 65038 66921 93581 30218 86167 59905 78388 93917 88433 58590 72243 
50368 65195 69948 92467 31850 85186 60514 76020 98445 84096 61368 68877 
53866 63821 72143 95088 32327 85280 62400 76292 97928 79880 61504 66275 
54136 62079 72405 97155 30703 85896 61650 80624 98883 77629 61228 65785 
55859 60655 72878 98379 29739 86214 59774 85300 99823 74987 61073 66342 
56193 60196 73618 100976 28453 87084 58560 88274 98522 73923 59305 66584 
58674 58564 74666 99395 28285 87673 58343 88699 99791 72092 59484 67101 
61278 54962 76518 96925 28830 86520 62111 89232 103849 72383 60325 68331 
62702 51831 79009 92223 27792 85116 63979 88788 102591 74831 59370 69448 
69594 42170 84011 86608 28275 82744 70405 88346 103694 76722 59369 70319 
78471 42980 86659 89803 29586 86864 61638 86373 97001 78217 54790 70556 
77873 41983 86493 90139 28432 87895 55672 88234 91321 83622 49910 73469 
80469 36352 86729 83625 31467 85109 55133 88652 88260 88574 45660 77156 
78420 33087 83237 80604 37448 80451 48634 89642 85446 91247 40064 80885 
75957 28183 84390 73995 43758 75003 52364 89433 89076 93469 36537 82244 
72165 26495 82821 70505 48855 71033 53357 92157 86710 97154 33577 85230 
67824 26353 83734 68719 53566 67147 52375 97455 81846 101359 30133 85864 
57542 28806 80559 69462 53668 65883 51220 105299 74017 109663 25566 92296 
49831 29601 79025 67349 54170 63391 54016 105679 71405 116235 23038 94702 
55939 21555 86383 58659 61696 57858 63233 99472 75377 110566 28939 86952 
63081 10715 93065 48455 74767 46485 81816 85287 80357 102936 39565 76660 
63989 7732 94916 46144 76721 44010 91724 79270 79546 102991 42027 74568 
62037 8160 96001 46350 76064 42903 97612 78908 80210 105192 42698 73648 
63265 8685 96036 47925 77077 43312 104433 77506 84036 103119 43282 72384 
67666 12850 98045 52654 80616 47728 95148 78391 84152 100555 39857 67418 
74750 19081 104589 61584 88961 59395 86539 77140 79262 92461 32656 54695 
75806 25681 107728 68862 95399 69743 73055 77507 75253 85446 26891 44382 
77156 30333 110027 74396 100159 75692 63695 72259 66738 86785 24343 37958 
77346 32881 112134 78424 100136 78336 49057 88531 56544 96227 24253 36306 
80686 33310 115248 82158 101097 80580 40950 102607 54314 98028 25007 31546 
83195 35425 116161 86320 101475 84089 31601 111761 54796 98988 25277 28070 
88785 37573 119475 90543 104692 87373 28252 115357 54692 99496 24554 22674 
93522 42884 122651 96366 107046 91356 24581 118930 51233 98371 21840 17959 
95481 47883 125318 102204 109329 93507 23677 123536 48295 97428 19909 15464 
96620 50554 125705 105796 111384 93419 23888 127525 47756 98907 19481 14104 
96064 52441 122439 106973 111232 91756 24909 126460 49652 99955 20064 14305 
93816 51422 115289 105467 109491 87980 27895 124656 56400 103806 23276 15363 
92855 51196 102079 104328 104958 85809 32077 125626 63465 106761 28712 17367 
89715 47015 91780 101268 92202 79876 41620 123088 73214 108794 43401 21432 
96085 26637 84087 91773 85005 63336 61755 119285 89221 108776 63063 25767 
91229 22473 76097 89413 77191 57634 70585 118281 99778 108689 73239 28226 
89422 24792 72920 92007 76918 60668 67717 117682 99124 102448 71364 26955 
88546 26578 71204 96928 77378 64218 64872 119220 98143 97728 68766 25417 
85784 29766 68071 101649 78290 68077 62889 125147 96120 95756 66016 25329 
85058 28943 67340 101915 77690 68755 64662 123598 96416 94030 67811 24041 
84888 29245 68143 101991 77262 68627 67729 125858 96260 89923 68267 20456 
78667 31807 68218 101349 75400 69398 69784 126728 93499 87598 69836 20580 
71728 32344 68034 98613 71007 68066 73944 130246 93058 87821 74023 21447 
62306 32464 65974 95330 64771 65470 77621 125532 93451 85237 77890 23447 
53897 32270 62350 94230 58926 61454 79939 133985 96233 83497 81324 25323 
38832 27708 50405 95901 52180 57328 88187 138068 97893 87763 89911 30837 
35055 23396 52895 94338 54267 52148 95860 128334 103173 85171 98231 27929 
32206 19884 58338 91360 57147 48126 103246 119154 106571 84170 105536 24202 
27940 16360 60030 84528 61039 44109 108911 113229 110411 83978 110953 22443 
24821 13857 60753 80702 65580 39590 112246 110219 109023 83334 115422 20193 
26231 10548 64000 78137 69030 35930 110061 113491 103747 83786 118602 18823 
27972 12897 72214 77050 74515 33459 101782 115140 98004 83401 115931 18494 
25991 14992 80722 71748 77346 29600 102080 116289 99003 80812 117040 17551 
23747 22038 81981 71323 79268 25750 103019 111152 101590 75718 116525 16366 
24522 26893 83448 67526 81382 22183 105079 103787 103990 71317 116700 15487 
25577 40648 87702 62624 84682 17916 106112 90734 108321 66561 118112 13672 
29303 54846 92981 54799 88209 13532 109741 76843 112650 60932 121489 11325 
56316 64817 105856 57440 104729 12205 92161 49880 109785 47241 112926 7030 
71335 67685 110667 58445 107933 11729 87588 34805 105684 43582 110276 6779 
52965 54464 98919 53314 90310 11454 102757 46678 105292 60721 120060 13993 
54793 64354 96975 57051 87909 13152 98267 42335 96956 66490 114451 19773 
58586 70719 95059 64686 85813 14555 93298 41721 88288 68090 111013 25841 
59822 68507 92697 68395 84117 15615 80982 43610 80652 72002 106728 31446 
52845 69081 84327 75632 84049 18224 66854 54421 72718 77427 97588 42480 
52490 69983 82759 79825 86298 19899 56769 59648 65490 81662 89034 50481 
60753 65204 86913 75024 91680 18275 58619 55220 66767 78493 93511 47794 
65260 63691 89111 72753 91400 19276 54295 58090 64644 80593 92584 50252 
67319 65266 90138 72046 89465 19562 51747 59797 61852 84652 91804 55335 
68856 65947 89806 74680 87008 20253 49355 61996 56794 89003 87042 61202 
70747 66258 90429 78798 87466 19002 49164 61824 54067 91236 84211 64196 
74520 69462 90440 84822 86894 17806 49104 64891 52032 91993 80502 66974 
81641 65155 93029 89901 86715 16003 50217 67861 51894 91675 81403 66533 
87205 64649 96680 94261 88220 15498 48516 71263 50231 91619 78241 67934 
89522 67490 98363 95345 87739 15032 48072 78651 49367 92716 75901 70487 
93075 67190 100460 96553 88476 14469 47877 85196 48507 92913 75100 69084 
95985 63465 102752 95646 88931 13753 47694 88343 47019 94032 74052 70810 
100304 59064 105592 93120 88642 12846 48537 88588 46473 92938 74890 68346 
101165 58485 107975 90500 87333 11506 50163 90043 47257 92750 77602 65462 
103375 56978 111723 85685 85881 10110 51773 90667 47920 91982 81051 61552 
100059 54307 113866 78377 84017 9036 54627 90728 48760 91788 86579 59377 
96353 51356 115727 72904 82245 7259 60593 88699 51456 91131 92769 53897 
95769 52404 118816 70852 83736 6731 59718 85293 49840 90179 94055 51369 
102399 55065 129633 70903 90624 6540 54030 78901 43562 85770 91975 46362 
103288 52635 132415 67845 91329 5851 52821 75241 44032 84126 94631 45213 
103921 52042 135029 65969 91020 4682 52585 68743 45867 79945 96741 41944 
102733 54668 133572 65848 90717 4527 50365 62469 45785 77203 96963 41784 
102250 61790 132127 68223 91925 4718 46912 50100 45801 73585 96093 42457 
95938 69801 130108 70986 90164 5031 45260 40077 46797 72377 94168 43783 
96691 80146 127116 73018 90846 5444 42657 29538 44591 70589 92829 45124 
98609 88567 126509 73336 91671 5350 41479 18739 44294 68711 92729 45707 
101181 92419 127186 76059 92141 5517 39534 12193 43580 68488 91372 44832 
101357 93119 127434 76775 92440 5416 39112 9391 43579 68711 91716 44667 
137641 104579 162114 125768 150002 19709 2937 23 10196 21672 35665 31039 
137597 102856 161251 126184 147791 20080 2633 64 11463 23296 37863 29181 
138219 105271 160697 125074 147447 19537 2157 5 13995 24311 42136 26897 
100748 92598 129034 72578 91793 4471 40607 13353 51635 70800 101180 35078 
98766 86388 130115 68732 91882 3563 42968 18572 56003 69210 106643 29823 
93606 84356 125649 65784 91372 3332 48957 22968 62086 67407 113965 25317 
85259 81377 116324 64472 89250 3881 56184 30263 68124 69746 116633 26513 
71906 79179 109290 61517 86193 4498 66539 35948 73323 71068 121852 26683 
66661 74043 106113 56778 83852 3930 78398 37379 80185 69938 135213 17408 
69110 57417 102736 49174 79566 3703 86055 49195 86693 70670 145294 12802 
65967 50454 97459 46851 78461 4147 89782 57523 90641 72430 149731 11326 
65373 43636 92017 47019 77602 5068 91205 63617 93189 74641 151361 10456 
60185 47244 78113 57435 68290 15455 90043 72737 88891 81729 142878 16325 
50182 48690 62553 70385 49583 37573 86784 85311 86615 86780 133095 26067 
44139 52714 58145 78377 44251 47556 76685 90965 83616 89766 124271 31908 
38955 63317 51770 86276 41004 56262 68221 99888 80631 93957 113599 39603 
42620 63535 45632 94090 41790 63465 58288 103945 79889 96263 104018 45393 
53009 63913 49887 95215 49341 69607 55713 101468 81915 89291 101724 36438 
65617 67441 52994 101475 59521 78953 47137 95157 80483 80560 90215 29147 
67674 73836 60094 104256 77866 84700 47930 90310 77819 72444 73722 19741 
69292 84050 64388 110380 98009 91342 47229 83656 74822 67932 54786 13539 
63646 86186 67385 111808 104233 89510 49165 86618 75006 69552 47028 13325 
59169 79594 71052 111382 108877 90621 48234 93347 74876 73838 37877 13014 
61011 73338 83624 106573 112305 89781 47167 107394 70633 77143 27716 12749 
58858 77835 94568 98403 113252 88236 43218 113518 65827 79942 25455 16061 
62982 71983 108913 95600 116243 81370 38665 122369 61298 81820 22792 21366 
61696 66009 112786 86951 117630 71542 39728 131250 62478 87235 23665 28435 
60867 65711 116198 75940 118426 65001 39994 130071 62917 94375 24598 34526 
59235 68144 117032 76360 115994 59840 41234 128829 63632 97015 25150 37169 
55479 67360 115692 69124 112949 56475 43827 128511 65923 103340 27141 40867 
53961 65323 116315 64712 109210 52400 47740 133817 69101 106055 29236 43300 
48291 64504 119537 63715 102016 53246 44096 138554 77153 107941 28894 46916 
48002 66308 116437 64884 96538 57560 40261 137187 65354 107274 26473 49691 
42807 72833 116263 68148 89725 60690 38477 140591 64622 107264 24107 51381 
44951 76261 127736 74712 93794 66689 38670 131358 63544 97887 19190 42591 
50728 78148 138522 77675 94858 66956 44061 127784 72481 85301 17686 37376 
46788 80955 148201 81494 95245 69254 46747 130212 75562 77718 15098 35002 
47775 80021 146856 83039 95507 67885 55410 126865 82457 67704 15960 33130 
51074 76741 133616 84496 96114 65983 60850 118247 87702 54283 17576 30432 
48486 84309 124589 93361 94445 71333 57938 119250 78759 49552 15688 29270 
48900 87987 118098 99265 91884 73785 60412 119297 77120 45884 15212 29568 
45257 92738 110470 108779 87943 77840 60232 114475 72760 45500 13291 30484 
40287 94066 101058 115551 82165 83852 60539 111557 67589 45819 11344 31391 
39865 92340 96643 112406 81557 81585 66761 99499 70385 43665 13979 32621 
39661 88566 95231 113046 80773 80925 70984 88957 71088 44314 15743 33478 
35997 88761 92165 113723 77526 82337 71439 82153 68613 48236 16523 35301 
30377 84511 89409 108724 73526 81570 83578 79354 69170 53870 18706 37646 
24513 80443 85346 103212 68438 80343 80934 74998 70901 60193 20913 42646 
19104 76286 79914 98073 60754 74281 81888 72368 74537 68811 24765 47198 
15065 68877 74498 94287 53859 66790 82597 73292 75795 77250 29074 53760 
15584 65699 75340 89485 54585 60783 81158 70073 71142 80588 30185 55587 
14931 62711 75557 84345 55784 58081 83240 66264 69884 82617 32470 57014 
14775 58610 77043 73868 59811 55849 90948 59908 73139 81769 35474 61371 
16531 55988 80667 64631 62945 51408 99531 49286 77560 80780 38803 59635 
19876 53961 85355 59402 67405 46256 103258 42002 79694 78598 41471 56302 
24958 48949 88451 56918 73962 40437 105942 36906 82813 75475 47298 53075 
29453 41249 92585 51485 76397 32528 112194 34440 85118 72834 57177 48581 
31717 39704 99648 50767 73246 30761 111953 32760 84015 72842 61980 48820 
30773 41168 108058 51951 71447 30182 112219 32164 82405 72602 65045 51231 
33862 45953 115234 58143 70788 31172 113518 27632 79855 74458 66213 51980 
37955 52950 121100 63074 70929 32854 112452 22917 74521 71198 64623 49591 
34676 61998 121163 68998 69511 36541 104462 19823 68753 73626 63763 49855 
32867 70321 120800 73276 65163 38711 104476 15271 67056 79682 67465 51205 
32813 77880 119700 72009 61682 41466 101725 15101 67889 75852 68460 52643 
31308 80379 117361 75369 58522 43426 101814 18591 71845 82065 69785 57495 
25716 79668 112383 71561 52105 43759 97194 28438 79852 80021 73383 60063 
31945 78850 111350 74911 49585 46276 81468 36347 85163 80542 73658 59847 
38151 78907 107557 74101 50091 49750 72244 40213 92801 78067 73846 59365 
45380 75742 102094 70969 49654 50751 70210 42969 99844 77122 74843 60427 
53310 72123 99886 69667 50166 51227 72533 42789 109335 75264 76839 57068 
62680 64530 99907 67885 51463 52645 75357 45105 116924 74090 78822 51798 
74488 55950 99398 64008 52539 52524 76426 46480 126057 73769 82203 45760 
87551 47242 97417 62622 54303 52605 75382 54182 133197 73071 84517 42831 
89021 41298 93317 59428 53669 51302 74534 60797 142070 73418 86807 41030 
97058 37494 94788 58519 55796 51717 70931 65127 145753 71069 86229 39005 
101428 40609 96085 61782 56243 52715 68139 69066 148402 74013 79844 43545 
98532 44698 95611 63985 58792 53751 64999 72234 143177 75406 75779 46414 
88734 48828 97587 64924 60731 52326 65324 72387 140043 75473 74736 47074 
84524 54861 96682 65553 64496 51338 67948 71552 125978 73454 73333 47712 
74022 58375 96686 64115 72125 50129 70392 70367 116435 73918 76732 46126 
66439 57548 104015 62012 74686 45548 77208 77571 108808 75784 78723 44676 
52328 56264 102154 61159 75984 43810 84505 85420 106360 82856 77615 47931 
44362 53209 90151 59662 75013 42650 85523 90128 94880 86055 76252 50507 
41538 53884 91732 57845 75772 40800 87581 94598 92709 86697 76398 49476 
39970 56057 92845 55799 77196 39332 88043 97234 91519 89531 76383 50192 
36403 52649 91244 53166 75403 37591 89601 97884 93858 90501 77803 49608 
35076 54435 92738 51414 75603 36895 91585 91811 95524 89158 78836 49097 
34962 57631 93679 49613 76516 36119 92250 85538 99474 87285 79663 48821 
34413 61304 94666 49896 75300 35904 92405 80796 99167 87591 78582 50131 
34950 64995 94422 49831 73874 35297 93747 77077 100073 85422 79240 51103 
36297 68892 93555 49512 73031 35103 91633 73116 99598 83898 79963 52740 
38760 70154 94104 49223 71696 34416 91623 75301 100021 83575 80049 53823 
40737 71820 96717 48803 70476 32758 91859 73895 100549 86321 78595 54573 
41651 74051 96191 49776 69841 32677 93467 73372 102078 88957 77531 55873 
42050 73710 94864 49526 69657 32145 95993 72321 105095 92149 77549 56161 
44218 75230 95200 50334 68516 32709 95886 69694 104942 94625 75652 55365 
43756 75416 95857 49471 68032 33006 96563 71778 104987 98338 73377 56038 
47640 76399 97327 49165 70329 34138 93003 64902 103521 99652 69948 56079 
50128 76921 97518 51367 70101 35094 90997 64284 102149 100258 66399 54964 
51553 78639 97414 53123 71531 36286 87566 62584 100368 99340 64357 54704 
53462 83219 98749 55360 73499 37825 83930 56984 98073 99790 60058 54593 
53859 86417 98662 56773 75141 39746 83635 53683 96874 101240 57124 54812 
57252 89864 99213 58506 77094 42176 79226 47414 95532 100023 53831 53873 
56485 92588 97478 59705 75556 43647 77430 44513 95778 97524 52791 53980 
60595 94622 98045 60861 77079 45449 73200 41787 96940 97057 50926 51548 
59358 94071 97525 60175 75588 45325 69856 43388 99351 99430 50735 51774 
60250 95096 96946 61081 77162 46839 67783 44140 98719 99377 49158 51290 
60461 94079 96957 61233 76678 47471 66950 46959 98113 99430 48935 50843 
58020 91192 96505 60780 74981 46827 69712 53171 97219 97692 49864 51728 
57897 89527 97843 61451 74568 47468 70665 57486 96516 97129 49232 50102 
57591 89683 98442 62903 74963 48846 70812 61544 95610 98512 47675 49055 
56914 88988 98256 63071 75406 48997 69614 63348 96518 97364 47591 48708 
57906 90236 99981 63998 77010 51123 65971 63104 96410 96420 45976 46814 
58477 89559 99724 63639 78448 52305 63466 64118 97200 94215 45084 46889 
58899 88513 101139 63646 80479 54079 58009 64569 96768 92762 43300 44923 
58972 83886 102269 61502 80774 52753 56571 66645 97619 91726 43426 45088 
57065 78021 101848 58588 79649 52081 56599 69975 99267 92775 44321 46677 
57076 70810 102358 56712 82554 50697 55947 71709 99738 91232 44266 46705 
63574 68206 106172 57906 87199 53379 50492 70427 96893 86735 40168 44392 
70498 64528 109946 58905 89990 53777 50512 67643 97695 80518 37835 41045 
74636 57356 110793 57953 93073 54353 55606 64704 99877 75360 37235 40573 
75214 43719 110862 56219 92933 52208 63661 67350 100825 73517 38194 41080 
74061 34579 110123 53967 93060 50068 72357 68323 99633 74072 40701 43592 
74159 24458 110326 51967 94415 47247 72550 71820 96771 74663 41300 45713 
72792 15940 110464 48297 95666 43258 81555 70081 103848 71340 43503 49297 
69565 9412 110101 43357 94677 38320 99714 62540 107178 71516 45956 53797 
64439 5499 109570 37244 93074 32825 123738 49935 114049 71781 49895 56806 
60810 3969 107926 31873 87521 28538 138027 43220 121014 75820 54508 63304 
56899 5196 105406 31695 81119 27454 144242 45891 124323 80587 55903 69292 
55939 7450 107226 34655 76908 28424 143869 50466 123585 83690 55094 75593 
60780 11146 113167 41610 73900 33402 126928 58679 110795 87130 50404 80483 
69556 14362 113242 48518 70552 39425 105216 63432 106010 88168 47867 83333 
79252 18190 108840 55604 64850 46702 93105 67074 98395 90044 43835 86504 
85395 24626 108284 64647 55804 59066 84680 69652 89914 90795 39178 89530 
83597 35119 111790 71125 47316 69112 76513 67538 78155 89947 35641 92536 
88911 41848 118469 74473 47462 71367 74052 61470 80188 84306 37384 88781 
97115 49657 112363 79218 47891 71484 71712 56270 80505 79909 38563 82640 
106608 55553 111015 87640 47592 72388 63931 54710 82930 76425 40985 79390 
108831 58154 115771 92324 47208 73860 58892 49838 80637 69269 45394 74499 
111921 59769 111964 88750 46054 72336 59980 47778 83779 61145 53059 65091 
106771 64773 106727 95736 44929 75213 58024 46134 85458 59551 52351 63277 
107914 68361 102033 96851 43506 77776 56565 46015 84071 58045 52872 63143 
108960 70682 106584 98969 40855 82598 54783 42302 79927 54292 54459 59659 
108529 70783 105312 98163 39563 84636 56407 38576 81952 51771 57617 56379 
108499 60633 104240 94538 40013 78599 60700 38659 89670 49392 66142 53146 
109990 51886 101047 92120 38070 74086 63806 40038 95790 48886 71795 51937 
108412 43158 99128 88966 37022 70776 70830 40076 101131 49345 76853 51366 
110619 37009 97229 86616 35679 67799 72475 40651 102786 49405 80184 51082 
108741 35753 94433 86536 33547 68626 70312 41886 102769 50815 81463 52658 
106215 32915 90909 85591 29944 68056 70023 44036 103448 53471 82807 54656 
102011 35559 86783 86063 27234 67911 66996 45361 101706 56181 81186 56968 
92254 43158 83121 87086 26188 68091 64767 46008 98581 58247 80471 58834 
