27631.0 0
31414.0 1
29997.0 2
45685.0 3
185367.0 4
175609.0 5
159747.0 6
165814.0 7
178035.0 8
190264.0 9
79010.0 10
21940.0 11
22254.0 12
40424.0 13
153318.0 14
159331.0 15
157899.0 16
162756.0 17
163776.0 18
279678.0 19
166645.0 20
222253.0 21
29871.0 22
31879.0 23
31015.0 24
159040.0 25
202205.0 26
203437.0 27
211206.0 28
211928.0 29
221852.0 30
67874.0 31
24320.0 32
23853.0 33
23720.0 34
23809.0 35
24167.0 36
24070.0 37
24169.0 38
25306.0 39
24158.0 40
14472.0 41
13003.0 42
18164.0 43
19216.0 44
19411.0 45
20959.0 46
20041.0 47
20272.0 48
19590.0 49
19688.0 50
19764.0 51
17822.0 52
11375.0 53
23488.0 54
23311.0 55
22777.0 56
43375.0 57
201641.0 58
187045.0 59
249825.0 60
184298.0 61
217767.0 62
76668.0 63
75742.0 64
200481.0 65
240129.0 66
207151.0 67
176410.0 68
220823.0 69
185093.0 70
181087.0 71
242904.0 72
192304.0 73
18710.0 74
18710.0 75
69159.0 76
95710.0 77
127324.0 78
205049.0 79
239899.0 80
199522.0 81
198034.0 82
223592.0 83
205168.0 84
196022.0 85
158842.0 86
16634.0 87
24371.0 88
102998.0 89
138310.0 90
136903.0 91
130888.0 92
136678.0 93
135461.0 94
141124.0 95
128640.0 96
33392.0 97
33392.0 98
40358.0 99
94218.0 100
164064.0 101
220637.0 102
146887.0 103
238993.0 104
189829.0 105
177026.0 106
202205.0 107
225289.0 108
175128.0 109
28822.0 110
29825.0 111
135517.0 112
245180.0 113
222824.0 114
217517.0 115
228286.0 116
184372.0 117
247854.0 118
166518.0 119
19635.0 120
19815.0 121
33258.0 122
125987.0 123
194558.0 124
203981.0 125
198330.0 126
228337.0 127
159083.0 128
43967.0 129
18568.0 130
20114.0 131
19847.0 132
19972.0 133
20097.0 134
19289.0 135
18770.0 136
19959.0 137
19418.0 138
48696.0 139
48879.0 140
89494.0 141
196196.0 142
225998.0 143
162357.0 144
152976.0 145
98423.0 146
133248.0 147
161150.0 148
143420.0 149
37196.0 150
43201.0 151
33109.0 152
56985.0 153
61606.0 154
66879.0 155
71811.0 156
75745.0 157
75754.0 158
59636.0 159
48338.0 160
15373.0 161
33920.0 162
36561.0 163
59887.0 164
70320.0 165
61277.0 166
71525.0 167
74901.0 168
40669.0 169
44096.0 170
55666.0 171
55666.0 172
11774.0 173
11774.0 174
12302.0 175
46570.0 176
60963.0 177
57620.0 178
54677.0 179
71928.0 180
66695.0 181
66251.0 182
86462.0 183
55914.0 184
85887.0 185
38639.0 186
15478.0 187
15519.0 188
17193.0 189
29022.0 190
55587.0 191
28581.0 192
32992.0 193
26889.0 194
17151.0 195
28064.0 196
33157.0 197
13035.0 198
13176.0 199
15011.0 200
24101.0 201
32033.0 202
44231.0 203
35101.0 204
36187.0 205
30462.0 206
18587.0 207
18587.0 208
10398.0 209
14760.0 210
16964.0 211
36364.0 212
36515.0 213
41591.0 214
56566.0 215
52747.0 216
33809.0 217
39961.0 218
26619.0 219
26180.0 220
48367.0 221
41735.0 222
37277.0 223
50572.0 224
58820.0 225
28607.0 226
46997.0 227
49389.0 228
39552.0 229
39552.0 230
10187.0 231
13974.0 232
17750.0 233
23591.0 234
28874.0 235
14613.0 236
17703.0 237
16208.0 238
17974.0 239
17692.0 240
31920.0 241
63268.0 242
70081.0 243
84951.0 244
19007.0 245
19007.0 246
17432.0 247
36959.0 248
50973.0 249
19877.0 250
70689.0 251
50554.0 252
53811.0 253
58658.0 254
35790.0 255
37882.0 256
16952.0 257
18520.0 258
18223.0 259
17454.0 260
18269.0 261
17206.0 262
17862.0 263
17265.0 264
16615.0 265
17575.0 266
17305.0 267
17105.0 268
17699.0 269
17773.0 270
16883.0 271
15844.0 272
16963.0 273
17455.0 274
17530.0 275
14775.0 276
15538.0 277
15176.0 278
14785.0 279
17362.0 280
17084.0 281
16801.0 282
16609.0 283
17004.0 284
16913.0 285
14684.0 286
15166.0 287
10939.0 288
14702.0 289
15729.0 290
14801.0 291
14918.0 292
17773.0 293
26365.0 294
14631.0 295
19997.0 296
17931.0 297
17740.0 298
17658.0 299
18418.0 300
16248.0 301
17982.0 302
19307.0 303
18439.0 304
15237.0 305
12524.0 306
16334.0 307
14660.0 308
17434.0 309
42150.0 310
70064.0 311
53463.0 312
51425.0 313
51379.0 314
42964.0 315
13078.0 316
34808.0 317
42630.0 318
54307.0 319
49911.0 320
49072.0 321
65954.0 322
47257.0 323
54413.0 324
52538.0 325
28208.0 326
28208.0 327
14661.0 328
43543.0 329
37066.0 330
43890.0 331
59552.0 332
45456.0 333
43095.0 334
55706.0 335
64443.0 336
52777.0 337
25765.0 338
38353.0 339
50255.0 340
55433.0 341
52401.0 342
48941.0 343
52028.0 344
53310.0 345
47094.0 346
41513.0 347
41513.0 348
61960.0 349
15057.0 350
15163.0 351
11735.0 352
11926.0 353
14120.0 354
14087.0 355
14934.0 356
10400.0 357
10642.0 358
11938.0 359
12480.0 360
13920.0 361
10285.0 362
11128.0 363
13068.0 364
25998.0 365
30579.0 366
50653.0 367
36383.0 368
36667.0 369
32244.0 370
22736.0 371
18268.0 372
25066.0 373
32269.0 374
26700.0 375
31226.0 376
32381.0 377
29883.0 378
39211.0 379
13623.0 380
13623.0 381
16897.0 382
28576.0 383
40392.0 384
42713.0 385
44906.0 386
33066.0 387
30080.0 388
23952.0 389
11263.0 390
20820.0 391
56278.0 392
140267.0 393
61664.0 394
142654.0 395
116486.0 396
127791.0 397
90646.0 398
114474.0 399
82433.0 400
47085.0 401
47085.0 402
28718.0 403
54392.0 404
68522.0 405
103965.0 406
93039.0 407
77133.0 408
64400.0 409
92898.0 410
102910.0 411
66115.0 412
26732.0 413
82529.0 414
73488.0 415
67048.0 416
67854.0 417
59416.0 418
60788.0 419
82045.0 420
40375.0 421
48435.0 422
16723.0 423
16723.0 424
31131.0 425
39259.0 426
31150.0 427
34434.0 428
46807.0 429
51156.0 430
57107.0 431
47606.0 432
58563.0 433
38598.0 434
40004.0 435
32731.0 436
40645.0 437
59297.0 438
50534.0 439
38634.0 440
52997.0 441
36005.0 442
42494.0 443
42858.0 444
52664.0 445
28240.0 446
38357.0 447
32471.0 448
39335.0 449
25866.0 450
35068.0 451
30049.0 452
31595.0 453
35234.0 454
33122.0 455
15553.0 456
15692.0 457
23083.0 458
31456.0 459
38551.0 460
59382.0 461
50569.0 462
35514.0 463
34084.0 464
40073.0 465
39473.0 466
29442.0 467
21682.0 468
21682.0 469
10255.0 470
10955.0 471
11278.0 472
11116.0 473
20074.0 474
23311.0 475
19940.0 476
17075.0 477
15482.0 478
12078.0 479
14359.0 480
13934.0 481
16977.0 482
11426.0 483
17414.0 484
16790.0 485
16885.0 486
16149.0 487
16824.0 488
17377.0 489
16250.0 490
19591.0 491
45736.0 492
54760.0 493
64866.0 494
37039.0 495
34645.0 496
28865.0 497
22245.0 498
24083.0 499
22535.0 500
22793.0 501
130481.0 502
142441.0 503
178682.0 504
140758.0 505
164281.0 506
123674.0 507
126554.0 508
24648.0 509
153154.0 510
156672.0 511
139267.0 512
130492.0 513
141364.0 514
131200.0 515
145375.0 516
145220.0 517
145030.0 518
28972.0 519
28972.0 520
154921.0 521
178425.0 522
191619.0 523
200768.0 524
147851.0 525
145593.0 526
153671.0 527
166998.0 528
168940.0 529
160558.0 530
124687.0 531
44391.0 532
200910.0 533
230524.0 534
216553.0 535
202221.0 536
192612.0 537
223292.0 538
205049.0 539
216263.0 540
206101.0 541
58202.0 542
58202.0 543
26606.0 544
26777.0 545
26000.0 546
25017.0 547
26713.0 548
104707.0 549
186188.0 550
222446.0 551
228073.0 552
229565.0 553
251095.0 554
72266.0 555
216869.0 556
233890.0 557
195173.0 558
227857.0 559
179698.0 560
242741.0 561
212631.0 562
207496.0 563
129600.0 564
21399.0 565
172773.0 566
270399.0 567
155975.0 568
252150.0 569
258326.0 570
250908.0 571
236238.0 572
230572.0 573
261877.0 574
104200.0 575
50832.0 576
194037.0 577
229072.0 578
198872.0 579
216330.0 580
187942.0 581
242831.0 582
203156.0 583
186352.0 584
194371.0 585
21377.0 586
21377.0 587
206980.0 588
162270.0 589
198804.0 590
178065.0 591
177822.0 592
196640.0 593
205723.0 594
193826.0 595
165743.0 596
200255.0 597
199880.0 598
19189.0 599
19356.0 600
20138.0 601
47784.0 602
199570.0 603
170018.0 604
176798.0 605
224159.0 606
163320.0 607
62805.0 608
15910.0 609
18716.0 610
68893.0 611
197139.0 612
188291.0 613
209196.0 614
247336.0 615
150439.0 616
178027.0 617
160552.0 618
187665.0 619
114600.0 620
223735.0 621
157737.0 622
186943.0 623
136027.0 624
150874.0 625
141571.0 626
181076.0 627
150219.0 628
156482.0 629
51873.0 630
14869.0 631
20347.0 632
30994.0 633
81487.0 634
82034.0 635
64476.0 636
80159.0 637
79162.0 638
80641.0 639
71327.0 640
109286.0 641
11040.0 642
54182.0 643
123348.0 644
90083.0 645
81368.0 646
87486.0 647
88451.0 648
88202.0 649
87387.0 650
85656.0 651
29373.0 652
29373.0 653
56852.0 654
94113.0 655
105462.0 656
100139.0 657
97341.0 658
83673.0 659
73065.0 660
75283.0 661
78848.0 662
86269.0 663
10627.0 664
15507.0 665
51185.0 666
80136.0 667
77513.0 668
71326.0 669
73591.0 670
88094.0 671
67871.0 672
80717.0 673
88837.0 674
19171.0 675
19171.0 676
15625.0 677
14769.0 678
35947.0 679
71399.0 680
52656.0 681
67645.0 682
78558.0 683
77565.0 684
71280.0 685
49198.0 686
21526.0 687
45202.0 688
48338.0 689
42510.0 690
44233.0 691
51358.0 692
49494.0 693
40608.0 694
42044.0 695
35950.0 696
38255.0 697
12662.0 698
31575.0 699
44731.0 700
39410.0 701
46879.0 702
42391.0 703
49846.0 704
41499.0 705
54323.0 706
49465.0 707
14559.0 708
13618.0 709
13878.0 710
13184.0 711
13310.0 712
19231.0 713
39320.0 714
59374.0 715
61004.0 716
54678.0 717
49582.0 718
43142.0 719
13985.0 720
13323.0 721
13666.0 722
13726.0 723
13774.0 724
11703.0 725
12207.0 726
12473.0 727
12341.0 728
11699.0 729
12684.0 730
12702.0 731
14104.0 732
14447.0 733
13406.0 734
11983.0 735
13797.0 736
14625.0 737
13479.0 738
17633.0 739
17141.0 740
17464.0 741
17001.0 742
16129.0 743
17753.0 744
53355.0 745
54222.0 746
60356.0 747
26592.0 748
26592.0 749
16204.0 750
15290.0 751
16467.0 752
15947.0 753
15942.0 754
17736.0 755
17477.0 756
18578.0 757
14250.0 758
16783.0 759
11785.0 760
16855.0 761
17305.0 762
16437.0 763
17008.0 764
15662.0 765
15635.0 766
15925.0 767
45092.0 768
53313.0 769
18174.0 770
18174.0 771
16856.0 772
16688.0 773
16804.0 774
15760.0 775
18625.0 776
51804.0 777
59668.0 778
67672.0 779
47574.0 780
70157.0 781
44330.0 782
14849.0 783
15194.0 784
16600.0 785
16146.0 786
27509.0 787
71250.0 788
74527.0 789
72880.0 790
78961.0 791
19932.0 792
19932.0 793
13227.0 794
15121.0 795
15420.0 796
29359.0 797
43828.0 798
47332.0 799
49352.0 800
51360.0 801
52491.0 802
39189.0 803
17953.0 804
10505.0 805
14713.0 806
16778.0 807
14718.0 808
15394.0 809
15848.0 810
13864.0 811
15921.0 812
15334.0 813
15331.0 814
36792.0 815
45122.0 816
36258.0 817
30977.0 818
38816.0 819
21147.0 820
40042.0 821
33397.0 822
43081.0 823
25025.0 824
10704.0 825
15543.0 826
14413.0 827
14300.0 828
27009.0 829
37154.0 830
48053.0 831
70341.0 832
53205.0 833
66550.0 834
55723.0 835
14047.0 836
14586.0 837
14651.0 838
13043.0 839
14972.0 840
13622.0 841
15003.0 842
15256.0 843
15478.0 844
12906.0 845
12763.0 846
11940.0 847
11207.0 848
17286.0 849
27144.0 850
39704.0 851
53162.0 852
39708.0 853
38164.0 854
25920.0 855
26812.0 856
29932.0 857
34294.0 858
24840.0 859
32022.0 860
35979.0 861
27730.0 862
31222.0 863
25624.0 864
24747.0 865
10053.0 866
11351.0 867
10949.0 868
20936.0 869
30093.0 870
28969.0 871
35082.0 872
35760.0 873
27844.0 874
44870.0 875
40117.0 876
14525.0 877
38206.0 878
43748.0 879
18544.0 880
26102.0 881
25752.0 882
10088.0 883
14375.0 884
13682.0 885
10180.0 886
16271.0 887
17086.0 888
40286.0 889
49201.0 890
36564.0 891
13616.0 892
13616.0 893
19787.0 894
18007.0 895
11429.0 896
17918.0 897
17514.0 898
18841.0 899
26467.0 900
53713.0 901
67392.0 902
37520.0 903
38179.0 904
28975.0 905
48895.0 906
56765.0 907
80729.0 908
94136.0 909
67411.0 910
64800.0 911
70931.0 912
70431.0 913
38365.0 914
41687.0 915
41687.0 916
15020.0 917
15979.0 918
12506.0 919
14466.0 920
16646.0 921
15131.0 922
35933.0 923
49396.0 924
42066.0 925
20306.0 926
10057.0 927
15849.0 928
16040.0 929
15596.0 930
15404.0 931
14807.0 932
14457.0 933
16382.0 934
15711.0 935
15864.0 936
15922.0 937
14989.0 938
15693.0 939
14136.0 940
14778.0 941
15127.0 942
16680.0 943
14385.0 944
15738.0 945
14432.0 946
11160.0 947
17124.0 948
21302.0 949
50229.0 950
48674.0 951
39692.0 952
57588.0 953
30558.0 954
37573.0 955
45128.0 956
26583.0 957
70809.0 958
42158.0 959
67981.0 960
61756.0 961
67176.0 962
61536.0 963
51413.0 964
35262.0 965
37587.0 966
34849.0 967
38345.0 968
41507.0 969
59056.0 970
44088.0 971
40184.0 972
37464.0 973
40346.0 974
53280.0 975
38248.0 976
40381.0 977
10441.0 978
35205.0 979
40237.0 980
39414.0 981
43662.0 982
43171.0 983
41480.0 984
36521.0 985
43928.0 986
42343.0 987
38459.0 988
38459.0 989
22693.0 990
26833.0 991
27671.0 992
36967.0 993
28782.0 994
32206.0 995
40519.0 996
30154.0 997
49858.0 998
41943.0 999
36783.0 1000
15527.0 1001
26755.0 1002
36832.0 1003
38763.0 1004
37297.0 1005
30213.0 1006
32546.0 1007
26918.0 1008
37337.0 1009
30220.0 1010
17189.0 1011
17189.0 1012
17537.0 1013
30302.0 1014
40162.0 1015
41867.0 1016
23449.0 1017
38067.0 1018
23849.0 1019
18920.0 1020
18078.0 1021
30445.0 1022
31222.0 1023
31220.0 1024
30126.0 1025
31585.0 1026
29140.0 1027
27309.0 1028
27196.0 1029
166842.0 1030
131962.0 1031
17354.0 1032
181850.0 1033
235690.0 1034
226146.0 1035
208426.0 1036
216540.0 1037
196131.0 1038
206923.0 1039
165952.0 1040
181854.0 1041
55367.0 1042
200952.0 1043
230398.0 1044
215276.0 1045
196150.0 1046
204424.0 1047
213530.0 1048
212106.0 1049
214812.0 1050
212630.0 1051
202395.0 1052
21537.0 1053
21537.0 1054
128098.0 1055
241716.0 1056
263811.0 1057
217165.0 1058
170196.0 1059
186909.0 1060
178412.0 1061
163115.0 1062
152861.0 1063
165210.0 1064
116756.0 1065
47462.0 1066
224512.0 1067
222637.0 1068
240491.0 1069
172496.0 1070
166084.0 1071
174984.0 1072
176408.0 1073
178673.0 1074
185736.0 1075
174582.0 1076
62328.0 1077
62328.0 1078
211231.0 1079
222617.0 1080
180783.0 1081
180441.0 1082
192202.0 1083
195201.0 1084
188407.0 1085
186622.0 1086
203935.0 1087
177714.0 1088
182660.0 1089
11851.0 1090
136808.0 1091
289813.0 1092
192556.0 1093
213145.0 1094
247637.0 1095
229045.0 1096
204035.0 1097
155761.0 1098
114934.0 1099
61104.0 1100
32740.0 1101
61754.0 1102
67672.0 1103
76213.0 1104
49677.0 1105
48029.0 1106
55219.0 1107
61246.0 1108
70055.0 1109
71692.0 1110
52751.0 1111
62605.0 1112
179405.0 1113
124228.0 1114
117614.0 1115
86938.0 1116
70561.0 1117
80182.0 1118
83737.0 1119
88860.0 1120
95423.0 1121
22839.0 1122
22839.0 1123
29386.0 1124
29879.0 1125
29811.0 1126
30271.0 1127
30943.0 1128
69129.0 1129
194548.0 1130
195371.0 1131
157664.0 1132
95619.0 1133
18095.0 1134
24164.0 1135
24440.0 1136
23538.0 1137
24194.0 1138
24376.0 1139
24017.0 1140
23522.0 1141
24242.0 1142
24193.0 1143
19965.0 1144
14486.0 1145
24999.0 1146
26424.0 1147
58682.0 1148
171485.0 1149
167750.0 1150
156579.0 1151
245863.0 1152
209451.0 1153
213364.0 1154
33974.0 1155
33974.0 1156
17710.0 1157
20301.0 1158
20548.0 1159
70049.0 1160
214398.0 1161
197964.0 1162
136174.0 1163
181053.0 1164
139204.0 1165
143711.0 1166
122565.0 1167
74331.0 1168
96704.0 1169
135537.0 1170
152593.0 1171
117520.0 1172
105336.0 1173
110283.0 1174
107408.0 1175
121586.0 1176
51698.0 1177
55540.0 1178
87422.0 1179
88523.0 1180
82604.0 1181
87301.0 1182
87474.0 1183
90496.0 1184
82325.0 1185
89992.0 1186
91872.0 1187
91236.0 1188
57854.0 1189
78907.0 1190
72008.0 1191
58268.0 1192
52733.0 1193
57497.0 1194
54255.0 1195
67137.0 1196
63918.0 1197
39702.0 1198
39702.0 1199
31183.0 1200
59410.0 1201
64156.0 1202
70585.0 1203
58742.0 1204
51598.0 1205
67788.0 1206
60084.0 1207
65215.0 1208
68373.0 1209
67445.0 1210
17180.0 1211
46392.0 1212
60980.0 1213
59489.0 1214
60126.0 1215
58202.0 1216
50635.0 1217
65403.0 1218
50654.0 1219
45607.0 1220
23302.0 1221
23302.0 1222
31766.0 1223
43698.0 1224
56519.0 1225
79522.0 1226
72241.0 1227
72889.0 1228
67887.0 1229
62614.0 1230
64217.0 1231
58016.0 1232
37941.0 1233
10027.0 1234
26893.0 1235
28557.0 1236
25077.0 1237
27696.0 1238
46892.0 1239
37753.0 1240
40405.0 1241
54131.0 1242
48310.0 1243
46923.0 1244
31203.0 1245
18566.0 1246
24354.0 1247
75935.0 1248
67454.0 1249
58308.0 1250
43532.0 1251
48461.0 1252
69002.0 1253
63105.0 1254
47621.0 1255
34183.0 1256
26589.0 1257
37160.0 1258
37887.0 1259
17960.0 1260
37108.0 1261
49485.0 1262
66492.0 1263
74768.0 1264
47764.0 1265
23309.0 1266
23309.0 1267
23192.0 1268
43091.0 1269
57185.0 1270
81684.0 1271
86634.0 1272
92335.0 1273
77565.0 1274
84245.0 1275
90818.0 1276
82729.0 1277
13759.0 1278
42640.0 1279
38001.0 1280
43446.0 1281
40933.0 1282
46009.0 1283
53105.0 1284
46497.0 1285
47779.0 1286
77550.0 1287
14098.0 1288
14098.0 1289
31028.0 1290
61344.0 1291
81476.0 1292
79896.0 1293
86260.0 1294
79490.0 1295
78949.0 1296
68472.0 1297
80028.0 1298
48068.0 1299
29302.0 1300
49488.0 1301
77798.0 1302
96594.0 1303
101960.0 1304
90260.0 1305
87785.0 1306
81713.0 1307
69596.0 1308
83505.0 1309
71218.0 1310
14809.0 1311
55738.0 1312
82726.0 1313
52678.0 1314
57020.0 1315
62081.0 1316
62600.0 1317
62792.0 1318
67871.0 1319
86034.0 1320
89664.0 1321
33694.0 1322
24019.0 1323
32684.0 1324
53581.0 1325
68583.0 1326
61606.0 1327
51911.0 1328
49026.0 1329
71273.0 1330
72767.0 1331
60279.0 1332
58898.0 1333
19017.0 1334
33915.0 1335
35807.0 1336
32585.0 1337
37604.0 1338
28769.0 1339
28646.0 1340
31891.0 1341
22318.0 1342
27761.0 1343
37710.0 1344
12590.0 1345
12590.0 1346
23446.0 1347
38004.0 1348
37528.0 1349
52092.0 1350
50481.0 1351
46055.0 1352
52961.0 1353
51572.0 1354
48706.0 1355
47364.0 1356
46551.0 1357
21207.0 1358
55172.0 1359
70599.0 1360
41304.0 1361
29014.0 1362
56341.0 1363
57743.0 1364
46946.0 1365
52542.0 1366
12550.0 1367
12550.0 1368
23699.0 1369
38099.0 1370
41103.0 1371
38950.0 1372
39123.0 1373
64658.0 1374
67154.0 1375
47772.0 1376
36367.0 1377
45475.0 1378
11747.0 1379
14645.0 1380
11598.0 1381
13572.0 1382
11461.0 1383
12537.0 1384
11918.0 1385
13961.0 1386
13244.0 1387
13244.0 1388
11182.0 1389
12954.0 1390
27587.0 1391
46045.0 1392
48759.0 1393
32561.0 1394
38338.0 1395
50382.0 1396
36469.0 1397
48634.0 1398
14924.0 1399
24552.0 1400
28597.0 1401
29058.0 1402
21529.0 1403
21913.0 1404
20819.0 1405
23591.0 1406
20981.0 1407
25163.0 1408
12788.0 1409
93641.0 1410
262502.0 1411
236245.0 1412
278540.0 1413
238372.0 1414
298874.0 1415
186591.0 1416
257989.0 1417
216303.0 1418
232995.0 1419
25334.0 1420
153508.0 1421
200937.0 1422
301726.0 1423
252976.0 1424
302694.0 1425
265926.0 1426
271210.0 1427
240589.0 1428
248722.0 1429
223881.0 1430
177996.0 1431
129032.0 1432
249320.0 1433
220834.0 1434
181183.0 1435
190819.0 1436
200894.0 1437
212355.0 1438
200460.0 1439
188336.0 1440
107254.0 1441
44504.0 1442
200579.0 1443
232522.0 1444
226076.0 1445
237833.0 1446
238003.0 1447
246577.0 1448
243210.0 1449
199325.0 1450
196039.0 1451
18360.0 1452
18360.0 1453
86872.0 1454
217723.0 1455
183012.0 1456
171387.0 1457
145051.0 1458
150746.0 1459
161555.0 1460
159523.0 1461
163715.0 1462
163492.0 1463
136612.0 1464
10269.0 1465
21135.0 1466
20104.0 1467
20965.0 1468
20751.0 1469
21536.0 1470
20936.0 1471
21556.0 1472
22023.0 1473
19987.0 1474
21586.0 1475
18442.0 1476
19219.0 1477
19751.0 1478
19713.0 1479
19684.0 1480
20092.0 1481
20664.0 1482
19956.0 1483
20775.0 1484
19904.0 1485
24180.0 1486
23965.0 1487
24668.0 1488
22865.0 1489
136161.0 1490
242467.0 1491
214448.0 1492
246969.0 1493
251152.0 1494
75422.0 1495
