1.864142173948599 2.0601459388630237 1.522718278439518 1.757226849389062 1.3735509987961165 1.6296679388801294 1.7518648102789807 1.9591338796044055 1.382995019620031 1.6376356337762712 1.2168182342050144 1.4999406187625592 
1.865016639901382 2.062440926753792 1.5243659800418796 1.760416754734242 1.3760169675948914 1.633645678949092 1.7486524573822668 1.9578459913765027 1.3795615211758554 1.6366323655448831 1.2136395860011489 1.4994320771375542 
1.8681434181440166 2.0657682381997287 1.528264623275305 1.7643784576883754 1.3809406963207398 1.6384247892273878 1.7477628742923939 1.9575785164214514 1.378516591396277 1.6363821607298248 1.213141558415509 1.4997169812850726 
1.8678540728320534 2.064729484769201 1.5293930228019512 1.7644466628592912 1.383827561148892 1.6398804001741376 1.7404934138902364 1.950268271719378 1.3709418312223498 1.6290213357949885 1.2064067329865538 1.493199991051195 
1.862477422702074 2.0587089863492025 1.5243322035812796 1.7587066859698237 1.3799009760395706 1.6351107742519955 1.7250571893345914 1.9352733261415453 1.3529925436878651 1.6124668566128608 1.1879086076272702 1.4766812115263608 
1.858617031348107 2.052673465073598 1.5214062427955428 1.7531936688846588 1.378123043134121 1.6304092145891629 1.7143277280080522 1.9230004274615362 1.3413199638480187 1.599421873808549 1.176301582000658 1.463795237325648 
1.8502696699005823 2.043827108322524 1.5128877219919559 1.7442937415223416 1.371106191129633 1.6228566124935404 1.7024554105626408 1.9110431241377075 1.3280383401671843 1.586637082106053 1.163953934206165 1.4520744327733375 
1.84235369075284 2.0378710029907707 1.5052672635218671 1.7391034004999848 1.3644480303150466 1.6187555499304427 1.693511944460567 1.9043722874035451 1.3189181622946171 1.5805683224177973 1.1556098007678068 1.4470954061949786 
1.833599387428846 2.0299710238275424 1.497455347574491 1.732359131929474 1.3579760831396994 1.6133179123717185 1.687833537698383 1.8993361195374134 1.314940247836167 1.577264562265773 1.1536006153688718 1.4455068397553297 
1.8296107326928752 2.0257856081394596 1.4895763138506732 1.7248679635685045 1.3486532824951563 1.604742213984838 1.6914491901280866 1.9019285632601872 1.316192434405 1.577559641137209 1.154292253281187 1.4452413303476206 
1.8170609839672855 2.015105666216082 1.4816557722548647 1.7187914515775786 1.3433478758148092 1.6011007907112407 1.68488965224912 1.8967850080639503 1.316224277338843 1.5784126757018142 1.1583289844669173 1.4493675388996954 
1.8076061156406946 2.007053232582942 1.4715141825010183 1.7106071432160102 1.3326988066707497 1.5927676912913695 1.682134290626536 1.8948347106863013 1.314340097425944 1.577438651999386 1.1568154613859725 1.4488080690076375 
1.8011589713916454 2.000921113878458 1.4653878866104395 1.7049555190574943 1.327918550297649 1.5883574345734055 1.6785216701087329 1.8912817507617976 1.3117252056069557 1.574844334772364 1.1561267374404114 1.4478054761481634 
1.795561239660302 1.9960952446840907 1.4600498256465226 1.7006179917460713 1.3231918762486568 1.5846743519885846 1.6754357440888146 1.8887670563228385 1.3095000040360598 1.5732597754504627 1.1549378808275537 1.4471480812447772 
1.804029918831348 2.004417330477523 1.469741156815934 1.709767222378134 1.3341685455888397 1.5947321388617712 1.678835207826736 1.8925254401773943 1.3130509415246003 1.5771073716518604 1.1592969486023155 1.4515971554527929 
1.8043528738055232 2.0037762344409242 1.469802154444689 1.7087270928121465 1.3338661751503595 1.5933075276638373 1.679588919709299 1.892207399760991 1.3136392271892043 1.5764129927497585 1.1595381059759313 1.4505028520172756 
1.8031455842465993 2.003126430130662 1.4681350268922848 1.7078061817103278 1.3318252274183762 1.5921494695812983 1.680024209048194 1.8930564809556027 1.3139892701951603 1.5772600607661407 1.159700729234922 1.4512364653935657 
1.7969446519180827 1.9992950352704324 1.460117520358207 1.7029720283248928 1.3225459479568185 1.5865996156740363 1.679616077220327 1.8945397126629464 1.313028277706539 1.5786747017853298 1.1581139275809613 1.4523768193058577 
1.7900025190676714 1.9940194975046284 1.4514611390831689 1.6966862339362014 1.3123215529239052 1.5793013000781737 1.6783966320475652 1.8944709004438707 1.3113526125602564 1.5784962504322304 1.1554627187705409 1.4515849381378307 
1.779218014075085 1.9840110574362457 1.4390832328983927 1.6857175580829933 1.2985606034410908 1.567463803482967 1.6750553101343517 1.8911619249628757 1.3081108904100178 1.5753847898305005 1.1517174962677652 1.4481492760172514 
1.7637329806422655 1.9688118375063806 1.4199569599833828 1.6678560467574084 1.277402360028057 1.5482967460746182 1.669757808487581 1.8850881049715555 1.3013895958571553 1.568145689885111 1.1441564147463623 1.440333269040624 
1.7532855325417018 1.9595263835478307 1.407299137575249 1.6571736034043145 1.2631300988496947 1.5366297979084098 1.666294515930494 1.882092161138779 1.2973118814764781 1.564848748927525 1.1393089580179907 1.436578710346231 
1.7442229796310444 1.951128794465655 1.396400268502194 1.647581099610274 1.25086047865979 1.5261853449017913 1.6636412237357547 1.8794392491466703 1.2943423150438216 1.5620217022925769 1.1357993906112995 1.4333980694953512 
1.7307087857097538 1.9386851819088449 1.3808584631789496 1.6339881973113914 1.233869689121558 1.511814057135642 1.6596846861054453 1.875553409240305 1.2907247776706428 1.5585627306313117 1.1320930907363274 1.4299587755291863 
1.7233496850266403 1.9326686963940354 1.3703560956486531 1.625776731910449 1.221265540691876 1.502252866205094 1.6584062841298632 1.8749894816722095 1.287731763699809 1.556768206375445 1.12777071572258 1.427284463721728 
1.7103405827685463 1.922584623579688 1.3528891562375132 1.6128781091034283 1.200427102770114 1.487310308854561 1.6568299191060774 1.875140556493046 1.2845736805824142 1.556019365755147 1.122873857939996 1.4254516570564748 
1.6971815333390237 1.9115596899670697 1.3386500889728428 1.6017550848700308 1.1853036084931996 1.4760013331657258 1.6509585997556084 1.8706414913892504 1.2795402305933956 1.5526939469538097 1.11811617701695 1.422609952343579 
1.7034296380208636 1.9161871363851417 1.3428762547933784 1.6041874097647975 1.1877006102919583 1.4767306286685769 1.656288647605812 1.874404623913388 1.2825506571624725 1.5540388663569165 1.119040791118845 1.4220945475417204 
1.7150607115656809 1.9240223209350196 1.3512261766100373 1.6081793517690057 1.1928994577734453 1.4776460210267477 1.667624226555905 1.8818605708437008 1.2904842102854959 1.5574909772118037 1.123630914934339 1.4223132847921303 
1.7155751416321727 1.9231542517505582 1.3533660017106421 1.6083916637517894 1.1940154951198287 1.476819966016931 1.6682480134099515 1.8810570548726717 1.2928468208748667 1.5578116419151096 1.1249561636998349 1.4215662417510657 
1.7147062891200495 1.9180949147390622 1.3540765746248806 1.603868390469695 1.1944916081529624 1.4716251716887183 1.6673027699154854 1.8758382047948192 1.2935239613427538 1.5530855361401865 1.1253848544244098 1.4161078753286596 
1.717517471074472 1.9163980511277006 1.3562765232230667 1.6006877379320583 1.19485051426781 1.4664184185852445 1.6723077878626438 1.8759873571711643 1.2985503768995834 1.5520787055642666 1.1288998296332806 1.4131985183497928 
1.7278626762164346 1.917879943776935 1.3609741309304229 1.5953070663486135 1.194190128188062 1.4556249905596634 1.685703165513377 1.8799864927977061 1.3070334040956335 1.5495452140230759 1.132332016955195 1.4053219728951154 
1.7210427728311954 1.904951182900625 1.3569432633365663 1.5837126643537616 1.1912866212270203 1.4443041913788417 1.6822297913526827 1.8699593188715335 1.3073652377642946 1.54144563583491 1.1344922471813061 1.3978281161267612 
1.7225249108967975 1.898146647406364 1.3563811676147748 1.573416187237191 1.1884564758795417 1.4311874166090264 1.6878044858572987 1.8666956390584992 1.3120067780617675 1.5353274608629977 1.137550310483022 1.3892045692697743 
1.7238643842669061 1.8914670871849502 1.3564908821455157 1.5639714958732207 1.1873619041151353 1.419777312786734 1.693786750764074 1.8640957281276944 1.3180563929756266 1.5307553630884065 1.1432556289229105 1.3831025846349647 
1.7235464833754413 1.8877500350247252 1.3555317059943122 1.558991315029 1.1856313135017353 1.4137571665373974 1.698437370630972 1.864853135326171 1.3234588121871607 1.531186122565069 1.1488248922946658 1.3830351938890963 
1.7246336667640525 1.884702709929611 1.3553627262603987 1.55394695534179 1.1848637368642945 1.4077091657071852 1.7045366765710912 1.866330169625948 1.3296962498916887 1.5316119408179145 1.155415973654519 1.3830144946659162 
1.7254518363549645 1.8813306263973697 1.3548585264819053 1.5485033138552595 1.184324826211424 1.4017297101155843 1.7098841365486492 1.867063107305353 1.3349761599447083 1.5311375620305054 1.1615270185495987 1.3825215734521903 
1.7161425650297528 1.8726835797023744 1.3415620982671284 1.536745701047151 1.1692948402806282 1.3889020518693533 1.7038145652878132 1.8613926396832292 1.3257554951373576 1.522966223875927 1.1511251855844784 1.3736403019229233 
1.7164637570978885 1.8685302810472728 1.3396094492913222 1.5296114076426732 1.1667989731871553 1.3807886969375873 1.7088790085054588 1.861565214401741 1.3298771044388273 1.5210952286660426 1.155612166823541 1.3713486288579575 
1.7230178713452886 1.8692284169076956 1.3455721296813672 1.528328709988545 1.172698174030833 1.3785663919359306 1.721420788004853 1.8677563596398887 1.3435264420826447 1.5265279526347526 1.1703503542850962 1.3765697372001353 
1.7245949969868983 1.8667154040271485 1.3476188462737673 1.5252786797278195 1.176306391223069 1.376261320401122 1.725722932174293 1.867757514944657 1.34906200370192 1.5265538922135176 1.1779594479574582 1.3776744742616958 
1.7296468929019733 1.8663579362719922 1.3531784759319259 1.5240425059313305 1.1828658086720782 1.3750582145805499 1.7329032456849545 1.869376160933227 1.357338304368314 1.5277371647850455 1.187622333111604 1.3791520504518164 
1.7392842841955019 1.87147140967995 1.36436103772039 1.5293058743264736 1.1949759584399426 1.3803126302578919 1.745275855688567 1.8770410833142304 1.371990901008261 1.5361166780064135 1.2036799958666173 1.3878548009245995 
1.743744736681542 1.873666747248448 1.3695007760145956 1.5315070187709163 1.2008268502596784 1.382738766848091 1.7510863095931566 1.8805011663608666 1.3788364415131258 1.5398608071785513 1.2114630333793022 1.3919856516087297 
1.7463346724219901 1.8758537697920965 1.3728763982614094 1.53425297211484 1.2041634862854877 1.3853347174034223 1.7553703050476899 1.8842684217974943 1.3843517344386216 1.544529799707089 1.2172303896318148 1.396707699908331 
1.7441824894630178 1.8753854477811782 1.368860398342143 1.5325393343563518 1.1987289534124927 1.3826963241975478 1.7547468028890694 1.8852146730410866 1.3822961245150802 1.5445519081757695 1.2140489650131128 1.395998893498634 
1.7417017745150576 1.8758548713610284 1.364619778014704 1.53215324481884 1.1926505295973755 1.3812029947871167 1.753969315811682 1.8872505895796934 1.3802428873241477 1.5460843622095464 1.210495177689238 1.3966406131388631 
1.7405135020842268 1.875110463556081 1.362608349063479 1.530801591499532 1.1891724243933255 1.3786888896837821 1.7537660288469212 1.8874181528049103 1.3794961203053453 1.5458530155022825 1.2084862795818163 1.3953820579101266 
1.7408760503823641 1.8759425599241837 1.3621153156744474 1.5309700188230009 1.1869004859696115 1.3774047440512538 1.755719214770659 1.8897251192845217 1.3810353621522151 1.54782742476508 1.208566631144059 1.396117605094535 
1.7403758129695726 1.8753368995435193 1.3611118872339263 1.5299039466546585 1.1853307929727888 1.375859587744876 1.7538954511855889 1.8878902961002528 1.3783565768296315 1.5452661160167527 1.2050935117614319 1.392921709397014 
1.7421540336890335 1.8818059903983115 1.3632165796743267 1.5376776487609392 1.1869440631718793 1.3838097114484238 1.7567815002267557 1.8953559950412933 1.3818610659320893 1.5542307145140872 1.2083115374517326 1.4021804020663569 
1.7415338327934515 1.8826516570104652 1.3635227116422557 1.5396854730899587 1.1873393615829677 1.3860778947967716 1.757168802524177 1.897123973662304 1.3834364079943284 1.5573482159890415 1.210155721121976 1.4056720955629196 
1.7394489954719454 1.881222182786595 1.3619461046048629 1.5388993745558415 1.185559908165066 1.3852315290262347 1.7557833345399882 1.8963357326719232 1.3827470852792856 1.5573386256714885 1.209398447927051 1.4056879806729372 
1.7382247351288151 1.8786115951983369 1.3607370171394766 1.5360213298042578 1.1839701135643754 1.3818616159419292 1.754964673961741 1.8941112170761356 1.3820568030488618 1.554939645984255 1.208412597937327 1.4028604002728282 
1.7353424998463702 1.874106192362922 1.3570478979656722 1.5305029976622229 1.1791120061186087 1.3751965501167642 1.752281631996709 1.8898019330906215 1.37864292818447 1.5496827907391402 1.2039030064889156 1.3965109657689947 
1.7352233722610297 1.8745112540715618 1.3567608639848587 1.5308795942336353 1.178016473756178 1.374960036670499 1.751928851460852 1.8899859762921363 1.3780618966435942 1.54978930212495 1.2024879880401884 1.3959833993930373 
1.7348333886500225 1.8732113227970089 1.3559166894669155 1.528981308667611 1.1760355994505098 1.3719815977829004 1.7503974635193345 1.8876347776450084 1.3757741321506665 1.5466183227205477 1.1988761925632354 1.3916098226783684 
1.7328319389598201 1.8690042880740672 1.3535814079246398 1.5240253042647456 1.172992006400406 1.3661554623245666 1.7475043054765989 1.8826156797974594 1.3723146129292838 1.5406874754534905 1.1945605953903091 1.3847185693198638 
1.7324045610969399 1.867169026271987 1.3535116916042802 1.5221985772787596 1.1728513270272067 1.3640655573210108 1.7449072301843098 1.8787750933279588 1.369477848652354 1.5364127659289608 1.191241333210647 1.3799096069342658 
1.725501547163621 1.8631243043458077 1.3460198396992706 1.5184353766440144 1.1645336012602 1.3601525990285244 1.7390391657878352 1.8756688951742122 1.3633308621695799 1.5338016898947693 1.184499953290016 1.3772859991752076 
1.7181614191645673 1.8594907914333967 1.3362901891077403 1.513703673321037 1.1529178447337867 1.3545652061918614 1.729326860829265 1.8698124859743557 1.350616229276696 1.526365467345747 1.1694923197634093 1.3686999770240373 
1.7137493242270323 1.8584320648677504 1.330716134676592 1.512494107270706 1.1459494735321492 1.3527871929200874 1.7235866921883012 1.8675074508361702 1.3433613699554598 1.5236314395970603 1.160609553247176 1.3652280133840684 
1.7106890772131242 1.8565260223859752 1.3263354592622072 1.5097673673107026 1.139724836132077 1.3487788755004617 1.7164962449409233 1.8618783826545413 1.3338170753503982 1.5163442034697432 1.1484228063288755 1.3561366800570989 
1.7099498903777148 1.8586658924085198 1.32494489636466 1.5120149636834814 1.1375973141682252 1.3508656192244881 1.7136164786563999 1.8620396633591776 1.3296735639707815 1.5161603011300486 1.1431012455258545 1.355503865550652 
1.705919539330812 1.8589453967103633 1.3193033080647716 1.5119780858037097 1.1298818357114384 1.3498701700351223 1.7063490149118525 1.859339526275567 1.3198585926873567 1.5124626335783142 1.1305301626629207 1.3504128857392654 
1.700243563456883 1.8576907939150047 1.312246315703176 1.5106876923429806 1.121338366005801 1.3481790095519808 1.698525046467246 1.8561180577206182 1.3100189126407906 1.5087532807575132 1.118730928095116 1.3460110698640484 
1.6890051613194823 1.8519784219703668 1.2968855627864202 1.5029962752594732 1.1030674915724104 1.339344440927669 1.6848553560836759 1.8481945815860001 1.2914764027746886 1.498331385042658 1.0967027979009856 1.3341074422263937 
1.675530233045256 1.8426782075687254 1.2806863988692507 1.4927220327471187 1.0849704432143255 1.3286166781463682 1.6669620629422524 1.834890714481026 1.2694560290489347 1.4830981169459727 1.0716911029250404 1.3177948379352113 
1.6797085773202207 1.8445121700338871 1.288079384325019 1.4966471665035548 1.0959576706803598 1.334888555873905 1.6677253033048098 1.833606263068252 1.2724131730232595 1.4831855998367565 1.0775017394339184 1.3197781022441308 
1.6912458543633035 1.8570396718705446 1.3039835504718071 1.5128307581818463 1.1162910283170153 1.3543963463111748 1.6774336219359203 1.8444693976862452 1.2860187074848717 1.497373673803924 1.095251877880636 1.3371090004188364 
1.6784939498801479 1.85897548205571 1.2880206180742062 1.515732501361721 1.1002761314253162 1.359799789852999 1.6610057251810602 1.8432004563216287 1.2651463124414741 1.496343241032705 1.0734084239860706 1.338153036010553 
1.6658775830694403 1.8609916771907606 1.271847540302406 1.518465694895107 1.0829876314036462 1.3641862448262994 1.6467991019226602 1.8439330744073335 1.2467539156117697 1.497510342833491 1.053404656384848 1.3408218639674996 
1.652805431449331 1.8600876591248083 1.2553966156671006 1.5179528872888017 1.0658151861502116 1.3653286477725464 1.6308804743169898 1.840633430889597 1.2263873735114896 1.4940502987879658 1.031487924460781 1.3387037176718415 
1.6388349309960566 1.857599833573649 1.2382042687104782 1.5159310741893408 1.047684385229087 1.3647489812023488 1.6172154184872372 1.8385545736890294 1.2094443310019896 1.4925323448531522 1.0135326091413388 1.3387104094735534 
1.624284501763521 1.8520251248266504 1.219591240977554 1.509668743595485 1.0285651012304324 1.3600158410067031 1.6015541335618881 1.8321224203227169 1.1891502407724475 1.485185246172736 0.9922810426130139 1.3327860247801109 
1.613274015833138 1.8485900569846145 1.2048857946554024 1.505450738743178 1.013221607627068 1.3569267389149569 1.5905720574882423 1.8288115317556317 1.174315203879427 1.4810970078568049 0.9766700804582784 1.3298558548513368 
1.6049922385214515 1.846009128480707 1.1948205864120771 1.5031120551822141 1.0032000706310282 1.355787593406172 1.5807399716506505 1.824962595423287 1.1620391585373102 1.4771880796615238 0.9639238320397001 1.3269886098584645 
1.6032241878208926 1.8459565631980512 1.1900590501374124 1.5011556813382017 0.9961267837047451 1.352588779346465 1.5733661985990295 1.820084896836947 1.1495190043204855 1.4692248902376928 0.9473235813036431 1.3170610481272158 
1.6021515909634019 1.8473824346102676 1.1875469595879398 1.5020652184597576 0.99257842109657 1.3531977170046363 1.568898517950272 1.8186188987543705 1.1422874508750238 1.466544496326845 0.9379577608968113 1.3136578323545898 
1.6051786636499656 1.8489643319050506 1.1876373405367018 1.5008507624201315 0.9878929309581529 1.3483334162799236 1.566507358373107 1.8154932834513846 1.1348256316443905 1.4594176142068074 0.9237311322225152 1.3020559753931817 
1.6068915029542628 1.8505903391044194 1.1878929294623357 1.5012241380908482 0.9864569131323526 1.3474722788935622 1.564465675323882 1.813873521000461 1.1298416521206012 1.455721972007914 0.9157236419720799 1.2965855503539325 
1.6081904502756539 1.8494829790019183 1.187035985114946 1.4977867656037724 0.9822681179585389 1.3413282300830809 1.5613294853930768 1.808883779356156 1.1227322332407714 1.4473556690799294 0.9035064433405054 1.284770274569664 
1.6104139521194822 1.8507554782577547 1.1881775209037957 1.4978746824421227 0.9821255241470359 1.3403108924055978 1.5600132536555869 1.8070705837628729 1.1189164739072752 1.4435500748852081 0.8970946436029422 1.2793129182108223 
1.6116214277231515 1.8504451985066754 1.1888749385433315 1.4967456116108744 0.9825735253386435 1.3387585813268985 1.556080144560816 1.8022788970290946 1.1124232151013433 1.436770411679058 0.8885451720066966 1.2713521656395643 
1.6123603035202025 1.8500131437608112 1.1907144579485713 1.4968780191076891 0.9850726330417264 1.3391082764615263 1.552906556225377 1.7984331113743874 1.1088795896614565 1.4326398110089498 0.8844100385950852 1.2668954179756748 
1.612304699508142 1.8485286826598173 1.1913672767270553 1.4956228918467516 0.9867408636800443 1.3383532338721493 1.5492669994084427 1.7938116071695043 1.1045622569398432 1.4274416366408962 0.8799768880237935 1.2617016961294933 
1.6139028493671608 1.8487110849658042 1.1939734819481713 1.4962028418885722 0.9896874577337231 1.3388545598665451 1.5494030791228732 1.792679606085661 1.1052330840123454 1.426390703305178 0.8805956838387524 1.2603567062048109 
1.6145360251637495 1.8470332405432122 1.1947192562905982 1.4940412700027936 0.9904544139694467 1.3363402116495484 1.5499873054162603 1.7908841006808787 1.1059331678503723 1.4240412167039127 0.8813251480308275 1.2575926334356289 
1.6217150063398191 1.862477417932298 1.204724702904261 1.5133486644880485 1.002162530624529 1.3576421871420172 1.5589308463776574 1.8080729947399137 1.1187794384005096 1.4458665229915797 0.8970148046647614 1.2819899103767394 
1.6229809213626047 1.8627562794007728 1.207454285638595 1.5145097349462662 1.005952241762505 1.3593137231879218 1.562749819167166 1.8105195062873556 1.1251958843272623 1.4497791774773874 0.9055715537200855 1.286799799598605 
1.62009305825642 1.854805682838674 1.2048527321671474 1.5057465623041084 1.0036456620793217 1.3501508133133275 1.5608162772122283 1.803260950303821 1.1238843534859981 1.4417762113763148 0.904848356803857 1.2784182228404914 
1.611578151343921 1.8390020118121377 1.1971337724285829 1.489252675219719 0.9974196309924375 1.334012811725993 1.5545274382554621 1.789217655247424 1.1191517714274013 1.427320899114523 0.9023399241356275 1.2645005339062099 
1.6067784662967108 1.8253434841132807 1.1916287801806442 1.4731330370997762 0.9926929332652721 1.3174145342278605 1.5520517279893766 1.7773593788524624 1.1167393054579973 1.413240415355721 0.9014248645088563 1.250083429853708 
1.6029893421812385 1.8167928013030654 1.1892669478071944 1.46475838446709 0.9931540238787939 1.3105404102379443 1.549515438950719 1.7697907636968386 1.1161447654971286 1.4060371222932344 0.9043108865576263 1.244563952260646 
1.6019229803499573 1.8092975467327894 1.1909805350942095 1.458024352544665 0.9982402290898167 1.305329051470659 1.5472337774148062 1.7610601181144527 1.1163376558968572 1.3977160439850758 0.9078869323727983 1.237602141083026 
1.5977537675887483 1.7983157376400953 1.187714763671834 1.4463017493746042 0.9978645288034043 1.2949347505739586 1.5441824702553906 1.7508917418972656 1.114606997754832 1.3868926237614938 0.9096241077742168 1.2282257153487872 
1.5998616767869684 1.7918393768336518 1.1937485495914162 1.440890893569534 1.007392820329592 1.2907250915557542 1.5437734742673905 1.7419436005139803 1.1174590617340796 1.3783489116227465 0.9157070762266774 1.2205123583854487 
1.5999943857909784 1.7838342441837611 1.1959363766365876 1.4326012680165583 1.0123596590948545 1.2833373116693252 1.543810358665419 1.733618470045428 1.1196571823208432 1.3695673704066735 0.9209997113586138 1.2125687792792004 
1.6009269560848052 1.7747656632127409 1.202756949145986 1.425990995525203 1.0234277300908745 1.2783701965076313 1.5426225867136003 1.7223560856103362 1.1239846996462897 1.3602086772399888 0.9295814353992661 1.204552898647029 
1.6095839521372286 1.7710241519521126 1.215098179974647 1.4220512068127855 1.0375057565997885 1.273649968711066 1.5494378672272406 1.716544130576811 1.134222549766006 1.3535977394402297 0.941496362392176 1.1967378360433414 
1.6159773761177352 1.7761120235290229 1.2257729165405638 1.4302832876477163 1.0505288600149736 1.2832778053579668 1.5590774175403734 1.724503822519498 1.1497211647544634 1.365668260114571 0.9607030756088792 1.2108432761857992 
1.6238345141021175 1.7814714499450335 1.2377875859731586 1.4383741188471308 1.0651272256351632 1.2927869138296766 1.5711296631689124 1.7335658096159086 1.167787650769291 1.378597111221861 0.9829068603327885 1.2259314393020762 
1.6336148254127716 1.788799600997384 1.251757170464144 1.4484483520403482 1.0813610635714603 1.304012409652761 1.5819748850371804 1.7417666754213668 1.1835722001164104 1.389945958520834 1.0016430945643262 1.2387071904241131 
1.6411742588728047 1.7959661524112027 1.2620069456174556 1.4576361011606087 1.0936714468187874 1.3145945025773917 1.596609546296996 1.7553357274170374 1.2034827070326768 1.407271153241869 1.0255858466879795 1.258518097425182 
1.6449063779451765 1.8038647276679922 1.266281646477086 1.4668606517746392 1.0985870125778476 1.3248035279711177 1.603458266386974 1.7661510058782404 1.2119532284889214 1.4202258945550599 1.035497389685131 1.2729751794770863 
1.6391808333521656 1.8041804506337773 1.260903415186548 1.4690237290286023 1.0941152409271613 1.3286238950316602 1.6061991466468595 1.7742685796432005 1.2177188988798278 1.4321286990732014 1.0440546224643135 1.2877124479902726 
1.6399147271127117 1.8098355966222899 1.2636649841635874 1.4775093119169032 1.0987273329635336 1.3391737478016659 1.6095631054050534 1.7823798598730742 1.2240189011127074 1.4437475003895799 1.0528888024293732 1.3018292533512834 
1.6360582456976676 1.8134612055611583 1.2639724089217017 1.486466014167606 1.101950088577214 1.3513877898202757 1.6102665825742426 1.79022720002667 1.2304056786911095 1.4580305534917057 1.0632807161588749 1.3200457727349193 
1.6404982827265318 1.8212532431896173 1.2693260957014554 1.4956328083552792 1.1082811822045433 1.3616225391159988 1.6162004366317626 1.7993978469389975 1.2377632944019223 1.4689406840198482 1.0719871335835613 1.332248165609058 
1.6488221817303406 1.8355644234311146 1.2774458375077982 1.5108110515104134 1.1158415069202257 1.3768748796335855 1.6274377382763372 1.8163798494714702 1.2497227183523552 1.4874437933468276 1.0839932073431087 1.3511933389289634 
1.657897247466721 1.848866192853807 1.2878167234345617 1.5258292267084579 1.1268195166741344 1.3926252687201 1.6378848779257138 1.830942322755616 1.2619490890435041 1.5040606434774266 1.0971626193676713 1.3687398325678004 
1.6729434296554204 1.8697176535582158 1.2988591050715392 1.5440658535267335 1.134966180477304 1.4089899275818973 1.6607945179182284 1.858855243408491 1.283173287887197 1.5308945332540842 1.116981173855334 1.3945434119980777 
1.6790235353345169 1.8723812040573415 1.305083085863586 1.5459408792406069 1.1421412214814857 1.4110910356554676 1.668317021350325 1.8627863604899035 1.291279796375371 1.5343059843548876 1.1263428524775303 1.3983345674148302 
1.6803118536606532 1.8602324043657825 1.3072028650337713 1.5315991652689356 1.1450910946961819 1.395797366329547 1.6634717303256163 1.8450351948655344 1.285484189864854 1.5131048460343057 1.1202338537968313 1.375478302225266 
1.684800225402555 1.8515035680269427 1.3098386356786473 1.5182855180816617 1.1476624867601537 1.380812386393061 1.6683490315328204 1.8365462569498487 1.2886093058085915 1.5000092019439413 1.1233725450697556 1.3606908311282544 
1.6881309629354886 1.8441065239409302 1.3116967375203383 1.5071466600306356 1.1489022736601662 1.367815469294561 1.6709517060230974 1.8283933732874609 1.2895122283489597 1.4878791989545053 1.1235078505562386 1.346555833926503 
1.687929307480574 1.8323473166874913 1.312436611441425 1.493613471073373 1.1515162400295749 1.354393219479428 1.6695101708680453 1.8153940488367393 1.2886616012871068 1.472766126902656 1.1243435927828511 1.3313676639275305 
1.6916514591983924 1.8209319753269342 1.3145600606317118 1.4772192634704064 1.1534204639280723 1.3358470593477572 1.6717809026927093 1.802487166658351 1.288889010042389 1.4544220431388029 1.1240753950727904 1.3105930311000626 
1.6971042376490784 1.8186441953737018 1.3198739290729473 1.4728785097782031 1.158168927163244 1.3299094629960568 1.6760382735028636 1.7990020039361991 1.2926750130819655 1.448555351157304 1.1270744272879496 1.3029200591619043 
1.7108062782008986 1.8350461589648392 1.3336752661467521 1.4897066823813372 1.171444966497193 1.3464098906096946 1.6873020863886854 1.81315322428404 1.3033878642720325 1.4626538239554874 1.1368436650356153 1.316415512948556 
1.7197654422234823 1.8463340120428182 1.3426253931257706 1.5013324262221641 1.1787513377579386 1.356764837407769 1.6932164997855796 1.8216306494199448 1.3084463631139527 1.470846012642428 1.1396682215215663 1.322951156659281 
1.7291528718588562 1.8554026953784803 1.352286853540228 1.5103738749123443 1.1870770043504886 1.3644417620469296 1.6986559647962063 1.8270143936208412 1.3130659415039787 1.4753615402665647 1.1421971137845386 1.3255805348969674 
1.7307668438293846 1.8579302380711527 1.3542213878458462 1.5133626363628547 1.1879052769051621 1.3665540050576594 1.6977387761428817 1.8272021929329905 1.3117464128478225 1.4754760429973541 1.1392462557406673 1.3244745875475037 
1.740644191782008 1.86982525889037 1.3638564352542535 1.52528970113367 1.1961052084095445 1.3773423561280762 1.7028591828992907 1.8347026170975067 1.315291439333671 1.4820242463551128 1.1404187230944782 1.3292701607966833 
1.7460522233355709 1.8786014753680702 1.370130456494961 1.5354812289491169 1.2019393699413834 1.3874809496548375 1.7039443907050165 1.8395302724486733 1.3160492345710666 1.48742419116239 1.1399062983487238 1.3341032589927548 
1.752331830083221 1.8897853507324078 1.3776624914407773 1.5487336018317708 1.2105957863477017 1.4021996958503486 1.706295816827437 1.8471781840533983 1.318610068262339 1.496447239712383 1.1429438873902822 1.3442256353911757 
1.7569304108286987 1.9007928962395404 1.3827908822720447 1.5615120204451518 1.2150137693436647 1.4150857308285956 1.7071879323714483 1.8549123435717119 1.319013567797807 1.505325864367812 1.1419039485152418 1.352831768378722 
1.758746988347244 1.9082322239498264 1.3863566185583347 1.5716691526273907 1.2193053344509324 1.4264868559227948 1.7039063275663076 1.8578094694075873 1.3160890843406081 1.510049578464396 1.1387762303106348 1.3582969315361424 
1.7610049026901597 1.918011747820847 1.3888683688884198 1.5832201816483962 1.2217608378478908 1.4388642543265784 1.7026831102817634 1.8646073504946774 1.3141334988648528 1.518083545236816 1.1360858469494195 1.3668657026638646 
1.7674039924349754 1.9302588488011367 1.395648995154258 1.5968777249918322 1.2279586649700756 1.4526062211676949 1.7042339497601526 1.872590640373675 1.314736703950677 1.5266679244731285 1.1351559214112792 1.375049568857461 
1.7712142617635507 1.9422107894341951 1.4024232603157294 1.6130014849945427 1.2361019865183456 1.4706906236848727 1.7033071552701822 1.8804887807999813 1.3156163214230052 1.5381251882452873 1.1366632857599475 1.3881592901085236 
1.7772959379822988 1.9556082911995387 1.4123937484881404 1.6310974950040174 1.247678993318546 1.4907467282568088 1.7034594867470079 1.888755452785876 1.3182751884900132 1.550313648920237 1.140042210704665 1.4018984198679945 
1.7842104303160433 1.9695479333716557 1.4220492007130272 1.648616429448815 1.2585403763282923 1.5098463766385506 1.7048654644776402 1.8979669265212604 1.3211295627486956 1.5624005644419614 1.1432774252859887 1.415201566339071 
1.7933396031137574 1.9827675662407354 1.4333427986689748 1.6642631607219482 1.2711251334531188 1.5267807290296174 1.707542570624876 1.9055188060305805 1.3244267729460204 1.5714345568734986 1.1469061876614886 1.4250242429292947 
1.7981329856413875 1.9934500697162219 1.4411786266981654 1.6785579467065204 1.280901804999747 1.5431365397953642 1.7059006523099784 1.9106695114413716 1.3243151571856338 1.5793579651084835 1.1478345854484477 1.4346027958817067 
1.7998287646798539 1.9979594003304997 1.4442361775585768 1.6847184689938584 1.284280176195603 1.549785067088017 1.7047891877323158 1.9127896794496277 1.3239111484571044 1.5827820166431668 1.1473003806366533 1.4383171926279021 
1.795195991446828 1.9989014954886497 1.4397522542808399 1.6869395646159824 1.2801292667956468 1.5529357619253799 1.7015921055607772 1.9152791531958886 1.3212015742144574 1.5869631818875825 1.1451715966206812 1.4437092943756926 
1.7941087983961173 1.999766341051464 1.441695020343193 1.6907760259722042 1.2843397536798273 1.5587711959111765 1.6949085602127212 1.9112702754457203 1.316196481792274 1.5851221457674358 1.1416730047970651 1.4434875434870782 
1.790034564910231 1.9998266443702963 1.4403815306971135 1.6940430389849486 1.286518342027567 1.5653154021900377 1.6866648423955957 1.907857739595214 1.3096997751291553 1.5844230385011953 1.1383075117793784 1.4459691750979202 
1.7868887007245553 1.9954134853050107 1.4388455160916649 1.6908519059152076 1.2868984767949219 1.5635892805136167 1.6796724430010423 1.9000008590358821 1.303305300448475 1.5771203044590765 1.1333295975033433 1.4398401734696424 
1.7804012519719397 1.9854290344213388 1.434799859918884 1.6824834236102444 1.2857467316790074 1.5573196495014276 1.66951790874589 1.8866345380924334 1.294647468472885 1.56467629250374 1.1272116427819798 1.4292326333817211 
1.7751145983774006 1.9762020593888068 1.4304389027751447 1.6734689111939187 1.2827806483466142 1.5491510365140515 1.6614537948954704 1.8747723741117375 1.2866826841815195 1.5523836742031785 1.1202334877035947 1.4174857350719832 
1.7671789614157476 1.9631050632481288 1.4249732090360296 1.66174867358167 1.2799050477556684 1.5391611153321276 1.6494999708003755 1.8578778650251582 1.2761180660387346 1.5360134524640203 1.1117938672570737 1.4024783816338986 
1.762606284059251 1.9551025807678635 1.4218218090200896 1.6544553319220074 1.2786460028503432 1.5331603925634003 1.6414098694126218 1.846583750639315 1.268472586777168 1.5246861618461551 1.1056134258433912 1.3921301074702608 
1.757653741112137 1.9467432798613922 1.417896355748716 1.6464789095781003 1.2767440924654752 1.5266100358917762 1.6327960056435373 1.8347984957715358 1.2598040316039196 1.51247113099242 1.0985224622398442 1.3810193061957858 
1.7529017319910465 1.9402161985039734 1.414160465724173 1.6406170295767413 1.2744330047582768 1.521825843694741 1.6240757331532327 1.824663366743907 1.2509225906574755 1.502192312168189 1.09047557910171 1.3714632344825033 
1.7283554200048814 1.9137306873644082 1.3797319413060822 1.6058682747225097 1.2352246766723252 1.4835540730826935 1.5760191317557823 1.7773544918108626 1.1833359944074422 1.4406376232627862 1.011139875417961 1.3029031174881154 
1.7201943110460542 1.8998556641111477 1.3724363634628782 1.591843160759002 1.2303522567765746 1.4711049427064034 1.562576852047671 1.7584167581251067 1.1688282690606049 1.42005021011766 0.9981706399985976 1.2832488859356979 
1.7145241335572532 1.8894746790180201 1.367713806960451 1.5815064387634499 1.2271659345623354 1.4616626796392695 1.5536568314625498 1.7448126283501764 1.1596972032173958 1.4054960552240088 0.9900468556337371 1.2691392100357823 
1.7328262091029094 1.903901391457541 1.3972921308566653 1.604549511979596 1.2651979793510422 1.490932515036801 1.588575610461762 1.7736195498454452 1.213800271112987 1.4475720830390313 1.0590617197094607 1.3205171576295252 
1.7330985555821803 1.900811213571995 1.399034403923306 1.6021079644147083 1.2692300986665264 1.4900998992151635 1.5856933247513656 1.7674490053297267 1.2116476303616657 1.441368324350525 1.0591212207113216 1.3157470982073418 
1.7282252987327806 1.888009223234889 1.3961328121564975 1.5896549855298823 1.2700443516586377 1.4801448574447063 1.57479563632238 1.7486558952578433 1.2010018493657744 1.4213449919073167 1.0517752935774876 1.2977085235213683 
1.727333919976045 1.8782305040489067 1.3968354803268028 1.579625498129164 1.2733577372835216 1.4715662684160062 1.5687758001383785 1.7335295977686132 1.195208935332986 1.404489855548914 1.0482437536660116 1.2817497112696417 
1.7284587742444453 1.8695497935071452 1.3994854559668026 1.5704159441379246 1.2782004806221166 1.463367064274241 1.5638859583942206 1.7185418199748907 1.1902642975669773 1.3872187261577065 1.0449717820413191 1.2647579694955908 
1.7334450391728289 1.8687682974068482 1.4059871560696742 1.5697971616081137 1.2873593679438895 1.4644990228036652 1.5636875861350596 1.7124783539049158 1.190414653065431 1.3800544524738472 1.0476551462351007 1.2589855245366763 
1.7396200766262155 1.8698539601265656 1.4124623633219402 1.5700718929402566 1.2942981745335964 1.4646786629841373 1.5658634697191833 1.7093870910361408 1.1919313413955521 1.3750549602837698 1.0492178798519398 1.253369052035752 
1.7429963827997723 1.870007398117208 1.4152445345074078 1.5690150958525193 1.2974915315535163 1.4636856059321925 1.566385800003655 1.70659185308412 1.1909849606326226 1.3701592808914917 1.0483379028028557 1.2481601007134822 
1.74839164320834 1.87182539646217 1.4199155390517986 1.569400240487034 1.3020932908362441 1.4636611338833725 1.5699161021025165 1.706309920395694 1.193282601750633 1.3677647255433807 1.0503381206262865 1.2450169253631695 
1.741965710141451 1.8667854327449125 1.4093088141740298 1.5609595287221927 1.2886974090563734 1.4529915101983941 1.5620491078415588 1.700129622090213 1.1797051384598654 1.3572573559603978 1.0326150745116063 1.231558853124206 
1.7348346467477989 1.8615246900958795 1.3974984412000466 1.5519744886551972 1.27362634031986 1.441439202684789 1.5585886595110847 1.6984762376425997 1.1715584710788276 1.3520991721898805 1.0206230512567116 1.2236397889234234 
1.7265708537383255 1.8559226477304192 1.3834859371091164 1.5418934138126053 1.2558403733670491 1.4284736626058911 1.5574939181193261 1.6997615322034705 1.1656645015520932 1.3498798804185097 1.0108785463044954 1.218719572649381 
1.7163317994234215 1.8467375436136126 1.3678323230981344 1.5282702553514673 1.236589666183589 1.4120193737311253 1.556847502394515 1.6995348937259391 1.1614407277653216 1.3466956870028357 1.0035603133404787 1.2131685834178363 
1.7068731428899924 1.8387154050693 1.3534308293810808 1.516322335402061 1.2184441283535163 1.3971630215687645 1.5585378083701276 1.7019102546959284 1.1607752513381564 1.3471665075406083 1.0001151274324172 1.2114820192801707 
1.7004901736526912 1.845357456692161 1.3411822860034202 1.5206732839664674 1.2025698058280692 1.399946945483778 1.5614403162110808 1.7180725169122986 1.1598271227598362 1.3634061269370035 0.9962947195932336 1.2273061885973524 
1.6874210080341212 1.843466661047845 1.3237157625241491 1.517630749555006 1.1820991081778591 1.3958287766036672 1.5508752179188658 1.719358488970491 1.1445731532562216 1.3641947717224583 0.977334428307368 1.2272580237239803 
1.6778368250884113 1.842105631722231 1.3102381075296048 1.5149061506320318 1.1649691262959547 1.391175694160432 1.543150585011962 1.720328595013976 1.1326522921103195 1.3642279727460365 0.9609008177864977 1.2253763211449618 
1.6715401624281272 1.8431231852511243 1.2999265487750644 1.5142211178061973 1.1514654444707622 1.388858967357827 1.540905797578246 1.7255281042075932 1.1270107340261895 1.3686525329718462 0.9519542174969604 1.2285248852222124 
1.6827478990029998 1.8576768795834786 1.313291043751921 1.5310311110291033 1.16476088516013 1.4056994049009945 1.5452916461299497 1.7341421997457447 1.1318211632581403 1.3785289416399678 0.9554861064395493 1.2378516053788555 
1.6932212311655586 1.8693106119341991 1.3252857011489299 1.543925586254017 1.1773136207781725 1.418940234079579 1.5499286074106156 1.7405753974734361 1.1365134139418727 1.385274978583606 0.9598686952233677 1.2444564830840048 
1.6974620734627799 1.8726009935713908 1.3327066886770544 1.549633540010205 1.1866846359688659 1.426000496326898 1.5497665923759487 1.7398371996036182 1.1386422256549946 1.3862767069833353 0.963649015588435 1.2465457935930633 
1.7086103382284212 1.880583749398319 1.3441461385954432 1.5569119411517915 1.1970589274973225 1.4318505601147908 1.5592432507793774 1.7459912559062374 1.1483113990120624 1.3913536644940565 0.9720289620690528 1.2498344905230612 
1.7157465550473967 1.8845344982135532 1.3532699752662103 1.5617373850161267 1.2073668418326757 1.4371564718418832 1.564385526766663 1.7478518558954046 1.1553594510614478 1.3937501551415195 0.9804338457830849 1.2525711795171601 
1.7332094589344618 1.896410992517152 1.3749196909419437 1.5756788316595136 1.2305189817877211 1.4513912596332836 1.5747444718873884 1.752763468280843 1.1688495539374988 1.3994888008626185 0.9949784358165205 1.2579116470324494 
1.757189746509252 1.9122515213060363 1.4032083791216647 1.5931050909269135 1.2594438555319762 1.4680561640268568 1.5897729571348387 1.7596500023405932 1.186868149895872 1.4062880504140145 1.0128480020404098 1.2628741626691276 
1.7791140484372439 1.9250096763150983 1.4287576034257035 1.606786776740075 1.2852710925508126 1.4806543276223385 1.604895753046521 1.7652495106094095 1.2049032617379538 1.4114557473427072 1.0307110953835512 1.2660098019789419 
1.8108692573501295 1.9447063078716564 1.4638233252738562 1.6264728353943725 1.3199382970486953 1.4982897799410533 1.6254690884836323 1.7733541423742214 1.2270619454680396 1.4171507240501309 1.0512561050551907 1.2679805026402458 
1.8412577019847058 1.9646268522846775 1.4974935452007798 1.6468198631052515 1.353022923204925 1.516640951022357 1.645510109454816 1.782479246419997 1.2489837921758633 1.4246014378477931 1.0715151076480443 1.2718778909620214 
1.8645604176834927 1.9786977778306722 1.5226466731294035 1.6604554302937613 1.3765145226956526 1.5275639351569021 1.6615704448478976 1.7887078263349887 1.2659714385372365 1.4287557621903193 1.0858282659758127 1.2718814284327138 
1.8822365857931465 1.9889447088388958 1.5415253863943468 1.6701458040597055 1.3933242798782488 1.5344181434075395 1.67247469747624 1.791719314964886 1.2769720301158676 1.4295957665082253 1.0934850697189422 1.2683832573864415 
1.8964779192103027 1.9968527550253272 1.5567638799934433 1.6775894030579235 1.40730747814834 1.5399047909699612 1.68323686587843 1.7955719907183447 1.2884764750092412 1.4321187289649695 1.1032552681280248 1.2680554458903757 
1.9018422572329206 2.0004079063772995 1.5621437363433655 1.6807500925172696 1.4119835036560484 1.5421819721086127 1.6801171302611047 1.7909275227928154 1.2829975264967624 1.425029990385048 1.0952109452506444 1.2586162382143375 
1.9090700539873753 2.0052724095422447 1.5700381872525777 1.6857013006079578 1.419210085868671 1.5461973461597196 1.6859123542555112 1.7941207962875185 1.2894851316053861 1.4280549254392703 1.1008675047576617 1.2603484551787096 
1.914083530903782 2.007848967242579 1.5750202884017366 1.6877294276207575 1.4224744547713641 1.5463425514604097 1.6916128484015158 1.7970241347452989 1.2955798603239748 1.4304785515543708 1.1051116866982678 1.260560808551928 
1.9202747050130615 2.0111994492623055 1.583240764606887 1.6923709997258285 1.4308348663325898 1.55072779581492 1.698174383952661 1.8003512213768178 1.3049875916318132 1.4354305612996403 1.1151814696779174 1.2653450092022334 
1.9314894612432243 2.0145752977770877 1.595615097350749 1.6952432363568481 1.4426792917671067 1.5521551566817153 1.7127946528097406 1.805969992611627 1.3224982127374088 1.4411327538480416 1.1332861609909652 1.2697242276233216 
1.9321267568467757 2.011243548226629 1.5956906585310449 1.6906257668340559 1.4414937637476062 1.5459272546543836 1.7143642327473003 1.8030617095050407 1.3236916543225767 1.4367137507114074 1.133064512251284 1.2632584829255016 
1.9364244205692718 2.013275335312346 1.5993251789980174 1.6915611332071447 1.4437808835751496 1.545328857873637 1.7181119912791016 1.8042856907311102 1.3266538004230943 1.4365056022783342 1.1343158809507339 1.2610355098001957 
1.934741397810405 2.0100405451038443 1.597821441714111 1.6882156485950957 1.4412126709134083 1.540822079073817 1.7169069563611652 1.8013351196713399 1.3257369950338416 1.4333936293151857 1.1320950415938407 1.2564544956986543 
1.9328262479062208 2.004845272262984 1.5954007909598265 1.681930719416005 1.4384163454977978 1.5338281664238793 1.7137350294007647 1.7945681965629614 1.321504494958394 1.424767135820882 1.126992470868923 1.2464747452376401 
1.934273717144303 2.00949723352764 1.5971626972964401 1.6874812592604516 1.4403798354723103 1.5399215529224985 1.7157932140660888 1.8001696231620061 1.3241828507556046 1.4318255972552103 1.1301440664956126 1.254547699274619 
1.9324910886618236 2.010011364166223 1.5950423312744273 1.6881303015103306 1.4385703838732953 1.5411387431627823 1.7161786090489999 1.8030232650959777 1.3247291228614853 1.435455023773772 1.1314733579529657 1.259307681258778 
1.9282079401491143 2.005037076663195 1.5907234902565848 1.6830297207102702 1.4337484383440808 1.5355202384840423 1.7150658170035606 1.8010104316727569 1.3243361048669218 1.4338946743028547 1.1309728027915127 1.257492464786207 
1.9273181456632946 2.0041073845487922 1.5877809781588266 1.6801605901826766 1.430923350359131 1.5327859631412992 1.7182790200089741 1.8039883494088869 1.3262639219261751 1.435572068829357 1.1337853370911974 1.2599049030791967 
1.9234414984532282 1.999395407009829 1.5859278877590872 1.6772364355605922 1.4285176276028237 1.5292538729628904 1.7206202287465995 1.8051284627892832 1.3326942780593005 1.4401488931259854 1.1408634387918655 1.2647229663337345 
1.9239196252641144 1.998549752964987 1.5858623565985828 1.6756174398341677 1.4292318299269753 1.5282139949223112 1.727718864363184 1.8104548778901977 1.3410835782591666 1.4461118748134287 1.1516290086118925 1.272392928334801 
1.92818580074574 2.0017608878178956 1.588841238827055 1.677367774817881 1.432107706213988 1.5297315620714276 1.739354240285023 1.8205766512282557 1.3534656158164824 1.456370606335314 1.1654978220475103 1.2835619747396265 
1.923433274096349 1.9981651380456522 1.5858877674983813 1.6757411405408058 1.429942650004188 1.5289880121508475 1.7333623062421197 1.8159331605819087 1.3490698039393663 1.4536360255927205 1.1617595737074862 1.2816995225484793 
1.9243079733260708 1.997908262555188 1.5882772078596008 1.6766933942692952 1.4305715367664387 1.5281397747543548 1.7340582288395883 1.8153881652104846 1.3515255283590797 1.4544062373306468 1.1621237828244848 1.2803155610966737 
1.9271577279586356 1.9998649177408683 1.5911948249132442 1.6785183203083278 1.429253285191498 1.5258727777933159 1.7371421135965504 1.8174667819827381 1.3548530493122455 1.4564166869446016 1.1603838880433879 1.2775028565176243 
1.9232236869943236 1.9960837231879929 1.588866697434382 1.676322839424447 1.4269057902384585 1.523686652161802 1.7351012816017513 1.8155267382156728 1.355095749169054 1.4566555423901837 1.1609682344560683 1.278048559787945 
1.9181553503449713 1.9909339328408262 1.5833644716416495 1.6707905395162614 1.421979968936637 1.5187247969718014 1.7350973614921557 1.8152302417977286 1.355834044364221 1.4569776706377626 1.1633013100040075 1.2797530678756117 
1.9162215961564597 1.9899607317423151 1.579636858134302 1.6683198469946972 1.4182735707811838 1.5164229060115155 1.7399618858401498 1.82085306174782 1.3604465304363895 1.4624818872302008 1.169214300364313 1.286507127254416 
1.915084922885617 1.9920722966809739 1.5807962509646238 1.67323595479054 1.4213939750343005 1.5235362173587506 1.7436051345025945 1.8278294883286599 1.3680370573430423 1.47388166540052 1.1802412615494386 1.3014496566536142 
1.9033481255593392 1.9861416003322245 1.5664609890674743 1.6660805502046563 1.4073357998254181 1.5174381117430291 1.742110781974054 1.832204777357119 1.3660219324265075 1.4792025856420916 1.1801736919073607 1.3095168240882777 
1.8898552563377335 1.9803315867569653 1.551617068321743 1.6606251323845969 1.3930622683524811 1.513533213083664 1.7347849264699529 1.832931816709874 1.358470234457627 1.481756282762911 1.1741159800919838 1.3148036500966067 
1.8775763073553096 1.9753836158938851 1.5359768875676485 1.654107807593568 1.3774630043460332 1.5080623224329954 1.7269722617755041 1.832834098586667 1.3477260115253396 1.480950047146088 1.1638491016201369 1.3158238375033338 
1.85492331596824 1.9585619614152139 1.5132954568499206 1.6386847129031898 1.357804437804874 1.496281170068851 1.708462732435979 1.820458556711086 1.329724610482415 1.470847370838528 1.149668339706113 1.3103288670797915 
1.84289285366655 1.9502048430498884 1.5003043327589372 1.6303244924416858 1.346884624492848 1.4903499761650751 1.696493943076497 1.812494567896754 1.3163398952000354 1.4628040126603563 1.1383917693374457 1.3049830191444025 
1.8385490027191034 1.9473346402042484 1.496495977207894 1.6282966484456725 1.3464729868064231 1.4915895111388422 1.689282165714008 1.8070760916296273 1.308782644215383 1.4576562610366717 1.1341963252450653 1.3031696243158102 
1.8326452762884173 1.9413457578963746 1.4922246994009483 1.6238747477876028 1.3461067113354164 1.490717250622079 1.681474771949389 1.7993310011507748 1.3021149156285132 1.4511160865010937 1.1317119679062557 1.3003871044047806 
1.8308395671232216 1.9371062860854966 1.491459528429768 1.620141588871771 1.3484695952612153 1.4895561393891625 1.6802677005001154 1.7954684036183832 1.3022202385710129 1.4478207046426521 1.1356479534362511 1.300039813694929 
1.8297946124839857 1.9339227905941383 1.4923907538829833 1.618375481271086 1.3524773124438796 1.4903368467495595 1.6819177895710062 1.7946466189697123 1.3068776871901286 1.4490818905015064 1.1445060103273463 1.3045317335271764 
1.823555379945886 1.9222090091235093 1.4888759114612555 1.6081930017120407 1.3542231188875724 1.484403417793015 1.6737989520039687 1.7807684247974478 1.3011534066856159 1.436152303467701 1.1446261239940245 1.296033261438758 
1.818985783146345 1.9139672945984532 1.4854776269229104 1.600376613673332 1.3529042097977675 1.4781445553099744 1.6673208154067176 1.7704576320806216 1.2953351698647426 1.425641865193542 1.140876515267328 1.2869190917041062 
1.8176179342863747 1.9066889820514692 1.4876972887786908 1.59529656875343 1.3601358355103608 1.4770570098261162 1.6618289307385004 1.7588073556465664 1.2927426901899184 1.4152425877836166 1.1436388988835013 1.2804834439681239 
1.8139442252555789 1.8981307906564453 1.4853553293195747 1.5870687762154678 1.35992104783258 1.4703374110856535 1.6574990299659491 1.7492312255496878 1.289647175136697 1.4055947788883048 1.1429324732188084 1.2723212976438234 
1.8111154019858215 1.8914260362452093 1.4818934545068563 1.579038207829774 1.3566662602535173 1.4621548457623303 1.6559622338417819 1.743434647810541 1.2876646035013406 1.3983681855599635 1.1413217172691776 1.2648986969659919 
1.8102505689787765 1.8865411239498553 1.4828319659651203 1.5750621985032793 1.3588030306442445 1.4588954609409077 1.6533093617009444 1.7365086050330945 1.2865517332342233 1.3918497232654048 1.1413896788949793 1.2588886721843136 
1.8121272433463558 1.8844871186421153 1.483198841989186 1.5707849499941302 1.3587007557508983 1.4538068296469315 1.6551975894370021 1.7341181085289614 1.2867605522699483 1.3868090254710856 1.141026580618551 1.2527682195554222 
1.8146672261228012 1.8836719114177558 1.4856915772677122 1.5692298082384946 1.3618223466973298 1.452502265837896 1.6567490629435173 1.7320566347161463 1.2880527080691313 1.3835759852874805 1.1429612504211255 1.2496252031166075 
1.8109359223972337 1.8777072183279053 1.4839617862427321 1.5647485631118887 1.3608873028391146 1.4485543599605506 1.6532443627693758 1.7261264165062533 1.2868063533526404 1.3791903689341514 1.142690797647693 1.2458080677860137 
1.8090793119264312 1.8740210346995068 1.4816242773524635 1.5602555498687418 1.3577277199940383 1.4431255812631865 1.6530917650391372 1.7239197386468461 1.2865282453332338 1.3763509028210101 1.1416518683207284 1.2419967270875594 
1.8114889383689978 1.8746512972671048 1.4832311099195696 1.5597435167184501 1.357491567941856 1.4406972858811244 1.6561350437791114 1.7249952451369943 1.2889009406596141 1.3762597673932193 1.1419607989914706 1.2397176206480403 
1.8127221026754676 1.8741278708594482 1.4845983204652258 1.5589823693461606 1.3577715731035795 1.4387277364158129 1.657361435513741 1.7243087840442524 1.2903168911272023 1.3752496261887033 1.1421160847865548 1.2372643233893752 
1.8139288838285001 1.8742303086284005 1.485173551739765 1.558249573393591 1.3563567679586772 1.4360031114803717 1.660029231967711 1.7257167511446683 1.2927101508796583 1.3760453438681841 1.1423934249580172 1.2359061418980444 
1.8200391521448667 1.879109444576394 1.48769859613438 1.5594091516648878 1.355298708971644 1.4336472299335723 1.6681105158052942 1.732369037559897 1.2974194736245501 1.3790602161965968 1.1431906088401027 1.235068644851858 
1.8177060135957877 1.8763409395795556 1.4894847021242916 1.5605014730984041 1.3586361558056261 1.4361380064402895 1.663351397589304 1.7272342173377329 1.2966292445654193 1.3776238846442415 1.1439295974238495 1.2349797947911092 
1.8213046402922275 1.8793888077643752 1.4926997283948302 1.5630432422521137 1.3613985035800502 1.4381785645565712 1.6656339227903592 1.7289557723522022 1.2982057815115444 1.3785100468077844 1.144810751849405 1.2351288821616957 
1.8230688812900635 1.8812446797341922 1.4952350957385274 1.565640249427755 1.3630227867237596 1.4399071206950131 1.6661381485123623 1.7296004535811738 1.2992937218074296 1.3797338781910817 1.1446690793099124 1.235220101936575 
1.8249535806214148 1.8837225861450309 1.4974320013352602 1.568520898411278 1.364798778510196 1.4424392243532906 1.667416854125843 1.7315409829261688 1.3008174324719524 1.38205687392123 1.1456435308694073 1.2371153179687504 
1.8294516686095803 1.888517964602502 1.5001473350902494 1.5716388649516075 1.3668365543028096 1.4449390509728697 1.6714863926991381 1.7359359019924605 1.3028489475677438 1.3845656629522407 1.1468284611825683 1.238879418759702 
1.829884002945964 1.889589881607526 1.503170433529593 1.575308163082241 1.3708002481169692 1.4495405398516954 1.6715353807316031 1.7366936936240498 1.3057857469882053 1.3882185971501553 1.1509337014083587 1.2436731248497512 
1.8322360027921318 1.8925797511618074 1.5057604299249232 1.5786335283743627 1.3733412739474808 1.4528715013061855 1.6744253823111048 1.7402498974307368 1.3091699902333882 1.3923704276907385 1.154416669027128 1.2479772394990583 
1.8344524775311701 1.8951651607900162 1.5080368062883107 1.5813317499728665 1.3753763870011178 1.4553677543055048 1.6778308267284423 1.744004408673398 1.3130405172424227 1.3966067786862015 1.1582575692479842 1.2521963468530999 
1.8365520111669684 1.8970833057031091 1.5096566126511803 1.5827396713223043 1.3766474372625097 1.4564202503321066 1.6818008947914838 1.747700211357038 1.317039880991246 1.4002127792508663 1.1621915188648708 1.2556635319931193 
1.840739664555575 1.900828712021199 1.513702745940619 1.5862292655364074 1.3804547850140438 1.4596173105455312 1.6877139288007816 1.7530560701940396 1.3233864877155768 1.4057663659528101 1.1686364731036636 1.261165526821983 
1.8451086335049114 1.904473389361574 1.516927756432178 1.588604053748561 1.3827383291983921 1.4610127680435792 1.6946230222779226 1.7590736792375583 1.329808684147596 1.4110223803279522 1.174430332218289 1.265653833631598 
1.8474492665841626 1.9058931841953684 1.5194353142540686 1.5899822990091304 1.3851173509137629 1.4621594005997978 1.6992990480790484 1.7626619902188736 1.335377151370488 1.415129737289963 1.1802959535651893 1.2698261987226283 
1.8516568417824317 1.9088492820177525 1.5226058175771198 1.5916661074043417 1.3880146295049234 1.4634401707824236 1.7065391252824207 1.7684310299979724 1.3423752091422463 1.4202266452435293 1.1875299314626513 1.274872487686392 
1.855206992107676 1.9105119983306071 1.5263685742196116 1.5931302949116277 1.391018312304051 1.4639655246504988 1.7130432299755924 1.7727888255416127 1.3500093142512795 1.4250572833276598 1.1948456257463598 1.2790305631865135 
1.859244130695388 1.9122781287838988 1.5301649708202216 1.5941843501381041 1.3944825772756178 1.4644454795673514 1.7200248670078144 1.7772181766528412 1.357608796202076 1.429377678510914 1.202613181336896 1.2830812009476447 
1.860446152439527 1.9108511703549913 1.5323942758073197 1.5932120152845446 1.3967430067578788 1.463209942573874 1.7240939921382012 1.7783679042445184 1.3636247372818666 1.4316300965148225 1.2091861868740645 1.2853884796617092 
1.8629343469171127 1.9099500482587206 1.5354679464331027 1.5921829732927963 1.4001734635835268 1.4621458661992275 1.7288102608220168 1.7793734076476162 1.3696431475108726 1.432936550389964 1.2160371150271236 1.2869075611882501 
1.8642963402082862 1.9075642821079477 1.5378553500619003 1.590031359431005 1.4020639184124273 1.4591037925980488 1.7306144502210796 1.7771401243497962 1.3727434607070652 1.4309525691559486 1.218691413982231 1.2839039717883927 
1.8623905097274012 1.9028036521624319 1.5358263484921366 1.5845901364967188 1.4006586788802937 1.4539628821543862 1.7299132416172465 1.7733480063097287 1.3721749106883894 1.426543835107316 1.2189939079104086 1.2798865088290796 
1.864045198670086 1.8985106744722295 1.5394044865093126 1.5809631404574238 1.4047753996582515 1.4501972975719544 1.7324859314537016 1.7695156911101408 1.3771743437506379 1.4234772395387991 1.2248415911802635 1.276681323543585 
1.8597731686350594 1.8894696892501053 1.5353061064083895 1.5711474495396316 1.401463350207521 1.4406383966127272 1.728881541683782 1.7607869981899829 1.3738413251809285 1.4137819685492137 1.2224461821998094 1.2671677616617658 
1.858194003884484 1.882498925755935 1.535744303740779 1.5650647960618915 1.4029908399103146 1.4350263225015247 1.7290165947359355 1.7551112882869422 1.3766350261678837 1.4092697558211664 1.226783080121441 1.2632948884058108 
1.8593765885540805 1.8783142511472914 1.5376466362799388 1.5604936097475728 1.4055889079183181 1.4305465060818576 1.731439432398087 1.7517607245463092 1.3802022996876255 1.4056107270731146 1.2313737808086584 1.2597874884531162 
1.861937803033442 1.875354148518354 1.5416113154634667 1.557788897111865 1.41036952376496 1.4280346611917374 1.735181957941299 1.749570583647599 1.385860560361323 1.4038341400482466 1.2382189783576247 1.258303237842532 
1.8631646740416798 1.8713417484673502 1.544350367305567 1.5542057115957462 1.413730749257736 1.424490073098735 1.738327192100739 1.7470886536626697 1.3911926111063269 1.402124893922378 1.2446017256925366 1.2568097678474814 
1.8709125206064552 1.8741585352797665 1.553552170144923 1.5574597590185115 1.4236278133564264 1.42789099953813 1.7446434043557442 1.748123898344165 1.3989250494440366 1.4032632859025422 1.2530694711635106 1.2579108295749744 
1.8775657437083928 1.8759923935206269 1.5605569563291337 1.558663643172333 1.4296800012405748 1.4276131284585647 1.7521388609203468 1.7504527775827745 1.407151548322799 1.4050515359043776 1.2604453070035408 1.2581004373845717 
1.8873798449115244 1.8812477902919247 1.570657387140254 1.5632834667066142 1.4383570129068268 1.4303011801988594 1.7621496307005968 1.7555802147661184 1.4177211537457746 1.409547388092451 1.2695824268546922 1.260448375808486 
1.8974285191932792 1.8884598121876992 1.5811570598292886 1.570383113971874 1.4481107106323052 1.436339133717382 1.7715524636453757 1.7619431342265277 1.427662703108826 1.4157211133016276 1.278744609469772 1.2653984562374019 
1.913179254896595 1.8993900177127103 1.5965843176502423 1.5800345127201145 1.4616668927517957 1.4435711563295692 1.7862544198872372 1.7714774710920516 1.4420580690688882 1.4237131215897008 1.2910925979830767 1.270569822790818 
1.924148702415954 1.9067003555905158 1.6070887309072266 1.5861564254539966 1.4702660130088705 1.4473562678238554 1.7975282395025118 1.7788383256521654 1.4530979773604393 1.4299131962496883 1.300169870366561 1.274205520631974 
1.9370369017158684 1.9166037308606625 1.6200717837827465 1.5955846850446422 1.480838036589083 1.4540079756139612 1.810000765803432 1.7881165159879853 1.4658183373832552 1.438708205561159 1.3102946631231505 1.279894529541013 
1.9454511372589367 1.9231072983799136 1.627848066209525 1.6010780369120332 1.4868512386456454 1.4574937939772128 1.8186508114154543 1.7947290401289244 1.4739742104467397 1.4443550556155125 1.3166006426635566 1.2833545129394646 
1.9568827865580527 1.9314378417094373 1.6394415988156483 1.6089843541772584 1.496344609883435 1.462911168727346 1.8322436109118267 1.8050425329579383 1.4884539513626915 1.4548391874661646 1.3292003614682062 1.2914470554332491 
1.9652484303355873 1.9376917851290203 1.6474638912390431 1.614492283709182 1.5025182704168658 1.4662909718594361 1.8415036581382318 1.812066164398113 1.4976887536923318 1.461341734214311 1.3365984748369608 1.2957405389029433 
1.9746397656248822 1.9456257866319233 1.656720202082141 1.6220293849394625 1.510539457275807 1.4724085539031244 1.850974174856875 1.8199898059074646 1.5071911026764622 1.4689732868936352 1.3448541348365965 1.3018794650838803 
1.9847385726702673 1.9547998022368456 1.666953485207434 1.631192504527044 1.5197923022061963 1.480480903904272 1.8603918043910026 1.8284180951919096 1.5167743358341776 1.4773826352117485 1.3533806212020365 1.3090814225345995 
1.990463798856892 1.960142618933584 1.6717290961635531 1.6355094383585227 1.523256422064194 1.4834160169553954 1.864359404449638 1.83195222125464 1.5193972572569063 1.4794529317824916 1.3543263941014403 1.3093559232537997 
1.9961984977514535 1.9658942212095645 1.677292918254042 1.6411103497891786 1.5265919902924816 1.4867463641741856 1.8633267650697127 1.830824480933429 1.5167365376442805 1.4766249934174756 1.3482066962543835 1.302917089605152 
1.9996018566632734 1.9697779004474616 1.679369966139448 1.6437459886160057 1.5280900828063804 1.4888507961146444 1.8592605167031353 1.8271472466364636 1.5095448211203304 1.469810518023058 1.3392167057542292 1.2942637972574254 
2.0055906929112557 1.9767443639459934 1.6857738299938845 1.6513502532146989 1.5329518140803544 1.495013550839005 1.857021585629055 1.825829516245219 1.5059776053754086 1.4673420871740337 1.3326951663048268 1.2888757345812085 
2.0120121536835334 1.9845282014802033 1.6924260186401798 1.6596581287934724 1.5396416045853822 1.5035476535415333 1.8567907438831792 1.8269732188705585 1.50458791320755 1.4676321284539424 1.3304041606106958 1.2884620702489655 
2.0186527385036412 1.9928941010169732 1.6992733089965986 1.6685915611282018 1.5460201158679179 1.5122321970743284 1.8561681544160404 1.828121504897377 1.5026413801929754 1.4678552846477237 1.3268683195661317 1.2873412743589985 
2.024587822636946 2.0005193600487376 1.7045829794908225 1.6759251153705554 1.5513103159490076 1.5197649669372595 1.852389746994355 1.8260530203501242 1.4959930003746043 1.463255587903156 1.3186946650266733 1.2814357096358016 
2.030927380735808 2.009029445882367 1.7098573583262466 1.6837890231327708 1.5559949697291475 1.5273027317537313 1.8490782027330295 1.8249995858691064 1.489307342297892 1.4593045084636758 1.3097879675055846 1.2755696015594016 
2.0325615737400944 2.0128202459397135 1.7134619955647719 1.689997278596865 1.5613269322742147 1.5355391824583344 1.8429030747830473 1.821106953054875 1.483555594591861 1.4563914287253994 1.3048858116497437 1.273917490603222 
2.0376889275735293 2.0201742124964768 1.7189610584174848 1.6981621841378285 1.5680815524569376 1.545253195575327 1.8421656943814146 1.822773197311108 1.4819667338897184 1.4577904800195944 1.3039470982964607 1.2764034309088015 
2.0430556164640774 2.0267927501610545 1.7250618342440398 1.7057698942428932 1.576292717728979 1.5551563690206238 1.840967023432362 1.8229021316311558 1.480176226455962 1.457646823309889 1.3037569027105516 1.2781215362810419 
2.0466080409434557 2.030458278481587 1.729303313260693 1.7101597284038734 1.5827802833161684 1.5618417886118972 1.836937919815041 1.8189275050574198 1.475203849389775 1.4527156448026606 1.3003575943771812 1.274788696472639 
2.048374209477558 2.031636330968909 1.7313333657192684 1.711497736636777 1.5867432887687944 1.565076210193232 1.8295805928279874 1.8108214779245384 1.465961618478741 1.4424814543392956 1.2920071625392833 1.265303041691124 
2.0453370117505845 2.0276001912894 1.7293726334242747 1.7083584955496929 1.5877464529441754 1.5648315701431927 1.8149326494492324 1.7949204901935933 1.4495884711313103 1.4244528001014318 1.277308040073658 1.2487092829465192 
2.0444371221150726 2.0258771068458623 1.7282970966480735 1.7063017787138828 1.5879283870131424 1.563960187486293 1.8035379178942037 1.7824712976769528 1.435282804635435 1.4087198568353327 1.262751930223098 1.2324761024223392 
2.038955704829205 2.0194088064618216 1.722748195023161 1.6995684466403698 1.5847399283969468 1.559510244280415 1.7894973479319716 1.76719334528386 1.4187394882273345 1.3905010955822938 1.2475419963494454 1.215332297775205 
2.0327333135498247 2.012223685258488 1.7165812837192564 1.692244290613873 1.5802610554004202 1.5537903458044944 1.7768182479970343 1.7533175758872805 1.404182917577069 1.3743249621233147 1.233816585078694 1.1997261358807059 
2.0302028243298746 2.009809677834446 1.711985482390841 1.6877516775630828 1.5758456129700653 1.549484052553301 1.769393636960696 1.74595683672793 1.3928117699520635 1.3629145460068286 1.2216053906712265 1.1874052230460332 
2.0190389407362233 1.999430956674736 1.7012898419167881 1.6779728938541438 1.5665305640839726 1.5411761464898326 1.7546616975956506 1.7320633877861544 1.377209698996217 1.3482998410254488 1.2067880663187096 1.1736879241558424 
2.0081959657965753 1.9891461021256434 1.6909737073773914 1.6683055048766218 1.5581062611521845 1.5334752360575112 1.7407917259229033 1.718780675828548 1.362680033992441 1.3344467219044904 1.1938173717288756 1.1614865886447592 
1.9984098535049035 1.9795661253733077 1.6815557786126187 1.6591172166925068 1.5502837580860769 1.5259160634600746 1.7287684042073101 1.706950584383007 1.3500474396796172 1.3219940209870429 1.1825303308522321 1.1503990983678185 
1.9908621500903798 1.9720047852331624 1.6727059353820952 1.6502169307647072 1.5417672560612026 1.5173388033601758 1.7207812750789944 1.6989287710149859 1.3399631495912454 1.3117819996411333 1.1724343767829781 1.1401197920317365 
1.9793220844453918 1.9605969405702057 1.6620272296124545 1.6396825794565393 1.5325518294574088 1.5082902768940898 1.7101088339556787 1.6884006258507638 1.330071735649341 1.302042730240928 1.164247147290149 1.1321200772768099 
1.965566530169002 1.946534841496707 1.649385257761391 1.6266584869482008 1.5219505092218375 1.4972907056282057 1.6980639377598858 1.6759973870387177 1.3192577764487916 1.2907312599300482 1.1559855988378964 1.123320439305103 
1.9576843075366466 1.9372335374278546 1.6416298921423305 1.617187259823438 1.5153254559912996 1.4888106555688134 1.6928618899293706 1.6691696465414294 1.3146110577563388 1.2839580069983754 1.1530241836038133 1.1179493273557795 
1.9461727510313263 1.9247762344482646 1.6312142253109614 1.6056260538172766 1.5061883417610298 1.4784378568938366 1.6844119558044108 1.6596441825574662 1.3078666250259772 1.275809658490184 1.1481544237849017 1.1115006777761496 
1.93706884414242 1.915269705615178 1.62285548381464 1.5967724508041996 1.4993673518345163 1.4710964598037921 1.6763174881707972 1.6510792408140957 1.3005631609219332 1.2678670568506978 1.1427629106456205 1.1054091587494879 
1.9356497240582655 1.9133535194016915 1.6236580196109154 1.5970119600700678 1.5024503169978165 1.4736141934057365 1.6706148871738333 1.6447297459482026 1.2963331406883185 1.2627990527422959 1.1408642347128075 1.1026119163181758 
1.9347381612349102 1.9110282059819632 1.6248286759343709 1.5965228710101966 1.5056692796688922 1.4750786525669202 1.6669390318600859 1.6393604812421947 1.2944273674249323 1.2587133355369842 1.1412773383970438 1.1006048403758002 
1.934216470313796 1.9090085264956675 1.6262402524944337 1.5961759173202557 1.5093828684708064 1.476941719849893 1.6630458458001571 1.633658986885929 1.2919696165286396 1.2539161416271665 1.1413872151172713 1.0981279411039317 
1.9313987505549546 1.9048166475661745 1.625528318315384 1.5938530800689379 1.5109763114110162 1.476846214351799 1.6587336592850703 1.6277047274138021 1.2897435917442042 1.2495854751257476 1.1419919581351001 1.0964355702207222 
1.932555163708669 1.9040996678370175 1.6277723219102358 1.593884819005765 1.514325567101421 1.4778389653331787 1.658841303071828 1.6256015972731572 1.2909793724057097 1.2479798973769731 1.1446252361262355 1.0958982687535554 
1.9327164782914255 1.9022796285402443 1.6296021899406032 1.5933857339512019 1.5175742517119912 1.4786163833662909 1.657812337226144 1.6222257996836353 1.2917244510572718 1.2457234272338342 1.1471618758741986 1.0951050950293355 
1.93761293542055 1.905627383763426 1.63500149587364 1.5969664147216873 1.5234112430690014 1.482515987687499 1.6603874954687656 1.6229474647532618 1.294516372669361 1.2461318057689723 1.1503584498359805 1.0956260317047235 
1.9418819566754337 1.9078520820497618 1.6385644613690395 1.598088710735925 1.5261050863101173 1.4825622306606931 1.6644799505135561 1.6246499742964977 1.2978757513959533 1.2463849723827747 1.152642488572068 1.0943394079450899 
