0.11735261538461539 0.03906092307692308 0.16404307692307693 0.0847766153846154 0.1305833846153846 0.05869907692307692 0.08383384615384615 0.039368615384615384 0.11094030769230769 0.04256246153846154 0.058844307692307696 0.012483692307692308
0.11786461538461539 0.036558769230769235 0.163232 0.08590892307692308 0.12568123076923077 0.05922953846153846 0.09236923076923077 0.040520615384615384 0.11642584615384616 0.04097476923076923 0.06251076923076923 0.013486769230769231
0.12088492307692308 0.03250707692307692 0.15917784615384617 0.08496000000000001 0.1169846153846154 0.05871630769230769 0.10565907692307693 0.040152615384615384 0.12043815384615385 0.04145723076923077 0.06799015384615384 0.015452307692307692
0.13584861538461537 0.02195446153846154 0.16362461538461537 0.08572923076923077 0.12019692307692309 0.05859446153846154 0.12270646153846154 0.03334892307692308 0.12258092307692309 0.03337723076923076 0.06716307692307692 0.012894769230769232
0.15501292307692308 0.016759384615384617 0.17323446153846153 0.09671138461538462 0.132464 0.06349661538461539 0.13362953846153847 0.025560615384615386 0.11317784615384616 0.01902892307692308 0.05563569230769231 0.007320615384615385
0.16861415384615383 0.010450461538461539 0.1777723076923077 0.10021292307692307 0.13851076923076922 0.06539938461538462 0.13497476923076923 0.02254646153846154 0.10551261538461539 0.01225723076923077 0.05006892307692308 0.0055249230769230774
0.17913476923076924 0.006311384615384615 0.18305846153846153 0.10630276923076924 0.139504 0.06546338461538462 0.13299815384615385 0.022048 0.09697599999999999 0.010829538461538462 0.04512246153846154 0.004850461538461539
0.18400246153846156 0.0033649230769230774 0.18778953846153848 0.10480492307692307 0.14229784615384616 0.065328 0.13292553846153848 0.017867076923076923 0.09376984615384616 0.009949538461538461 0.04384738461538462 0.0048578461538461536
0.1854203076923077 0.0021513846153846153 0.1927286153846154 0.10222276923076923 0.14495876923076922 0.0624603076923077 0.13377107692307694 0.01275446153846154 0.09122830769230769 0.009155692307692309 0.04274338461538462 0.004724923076923077
0.18315446153846154 0.0014904615384615386 0.19505107692307694 0.09808492307692307 0.14775138461538465 0.06107692307692308 0.13436553846153848 0.010668307692307692 0.09369723076923077 0.010216615384615386 0.043447384615384624 0.0053218461538461544
0.183536 0.0018018461538461539 0.19148430769230768 0.09231384615384616 0.1436886153846154 0.058360615384615386 0.13724553846153847 0.008772923076923076 0.098112 0.015526153846153846 0.048546461538461545 0.00660676923076923
0.18679753846153846 0.0016295384615384613 0.1924443076923077 0.0887753846153846 0.14162584615384616 0.05759507692307692 0.1317833846153846 0.00707076923076923 0.0983766153846154 0.01897107692307692 0.04912123076923077 0.006951384615384615
0.1819926153846154 0.000916923076923077 0.18570584615384617 0.07894892307692308 0.1340356923076923 0.05434215384615384 0.13343015384615384 0.006835692307692308 0.10223753846153848 0.02985969230769231 0.056468923076923076 0.009606153846153846
0.17806276923076922 0.0007704615384615384 0.17819076923076924 0.06807507692307692 0.12619938461538463 0.04540184615384616 0.13890215384615384 0.005938461538461537 0.10919753846153847 0.041504 0.06436307692307691 0.018400000000000003
0.17101661538461538 0.00039261538461538465 0.16789046153846152 0.05127261538461538 0.10816123076923077 0.03294523076923077 0.14989661538461538 0.005640615384615385 0.12541784615384616 0.052893538461538464 0.08232615384615384 0.03125292307692308
0.16297846153846154 0.0003889230769230769 0.15969969230769232 0.03563076923076923 0.0969636923076923 0.02853046153846154 0.15458461538461538 0.007884307692307692 0.1357895384615385 0.0670326153846154 0.09258707692307692 0.038930461538461546
0.15275815384615385 0.0003273846153846154 0.15157907692307693 0.027148307692307694 0.08737353846153847 0.02057846153846154 0.15942892307692308 0.010795076923076923 0.1438203076923077 0.073312 0.10102646153846154 0.04834707692307692
0.14535015384615385 0.0008110769230769232 0.1436996923076923 0.02072492307692308 0.08123446153846153 0.015083076923076923 0.16735261538461538 0.013284923076923076 0.15075815384615385 0.07882953846153848 0.10798769230769231 0.05434092307692308
0.136464 0.0016750769230769232 0.14101292307692306 0.015064615384615385 0.07581046153846153 0.012812307692307692 0.16968492307692307 0.01675569230769231 0.15505723076923078 0.08640123076923076 0.11023015384615384 0.05784492307692308
0.13176 0.0028036923076923074 0.14111876923076924 0.009516307692307692 0.07207261538461539 0.01126153846153846 0.17135384615384616 0.01989415384615385 0.15607876923076922 0.09302153846153847 0.11276430769230769 0.060784
0.1313107692307692 0.004294153846153846 0.1432726153846154 0.009527384615384616 0.07448246153846154 0.012240000000000001 0.16313476923076922 0.02565046153846154 0.14912 0.1006116923076923 0.10788307692307693 0.061943384615384615
0.12341784615384616 0.004398769230769231 0.13276307692307693 0.00776123076923077 0.07307076923076923 0.010768000000000002 0.15486523076923078 0.03207015384615385 0.15240615384615383 0.1069956923076923 0.10935015384615385 0.06551015384615384
0.11145846153846153 0.00564676923076923 0.12577107692307693 0.008621538461538462 0.07114584615384616 0.009716923076923078 0.14891692307692306 0.04198769230769231 0.15700676923076923 0.10777969230769231 0.11052676923076923 0.06801723076923076
0.11003815384615384 0.006022153846153846 0.12714584615384616 0.010982153846153846 0.07577353846153846 0.010099692307692308 0.13899815384615385 0.04569107692307692 0.15478153846153847 0.10614646153846154 0.10608984615384616 0.06728246153846153
0.10824861538461539 0.009609846153846155 0.12494769230769232 0.01313723076923077 0.0790043076923077 0.010413538461538462 0.12734153846153848 0.047688615384615385 0.15250092307692306 0.105552 0.10365784615384617 0.06825107692307693
0.11649476923076924 0.0228 0.13298215384615383 0.020028307692307692 0.09331692307692308 0.01847138461538462 0.1032886153846154 0.045465846153846155 0.13536 0.09990892307692308 0.09113107692307691 0.06350646153846154
0.11048492307692308 0.033811692307692306 0.13938707692307692 0.026049230769230772 0.10216984615384615 0.022678153846153848 0.09697107692307692 0.05117907692307692 0.12103138461538461 0.09813907692307693 0.08184492307692308 0.059441230769230774
0.09556923076923077 0.029180307692307693 0.13708676923076923 0.026504615384615383 0.10084061538461539 0.02010092307692308 0.10765415384615384 0.05292923076923077 0.12755323076923075 0.10043569230769232 0.085104 0.06389661538461539
0.08373292307692308 0.01375876923076923 0.13500061538461539 0.024210461538461542 0.09989661538461539 0.01766523076923077 0.1178436923076923 0.06507815384615384 0.14133907692307693 0.10093661538461539 0.0893883076923077 0.06818830769230769
0.07641107692307691 0.00643323076923077 0.12973415384615383 0.020302769230769232 0.09839015384615385 0.015767384615384617 0.13470153846153846 0.06993600000000001 0.14871630769230768 0.10686892307692308 0.09121476923076924 0.07546338461538461
0.07585353846153846 0.00023507692307692308 0.128864 0.015016615384615385 0.09695507692307694 0.012971076923076924 0.15341538461538462 0.06268800000000001 0.16013907692307694 0.11521969230769231 0.09159261538461538 0.08178584615384615
0.07611323076923077 0.0 0.1274523076923077 0.012572307692307692 0.10067569230769231 0.013976615384615386 0.17021784615384616 0.0473243076923077 0.1531212307692308 0.11776246153846154 0.08835323076923077 0.08533907692307693
0.07242953846153848 0.0 0.13418707692307694 0.01390276923076923 0.10680984615384616 0.017570461538461542 0.18031507692307694 0.03594707692307692 0.15207507692307695 0.11721723076923077 0.08404307692307693 0.08953846153846154
0.07733538461538461 0.0 0.1355286153846154 0.021084307692307694 0.10364799999999999 0.028251076923076924 0.19281107692307695 0.028345846153846152 0.14121846153846151 0.11831876923076924 0.07660307692307693 0.08863015384615384
0.0828873846153846 8.615384615384615e-06 0.1357403076923077 0.026976 0.08633107692307693 0.05125784615384616 0.19830769230769232 0.02325907692307692 0.1365292307692308 0.11816 0.06929353846153848 0.09287753846153847
0.09075076923076923 0.0006855384615384615 0.13589169230769232 0.03254523076923077 0.08305107692307692 0.06266338461538462 0.19717169230769233 0.016262153846153846 0.12851815384615384 0.11608492307692307 0.06326276923076923 0.0962953846153846
0.09301169230769231 0.008055384615384617 0.13769846153846155 0.04324553846153846 0.08082215384615384 0.06975753846153847 0.18823015384615385 0.01814153846153846 0.11941907692307693 0.11494646153846154 0.058121846153846156 0.09488861538461539
0.09138830769230769 0.02010461538461538 0.13613169230769231 0.057232 0.0784356923076923 0.07636923076923077 0.17603323076923078 0.023249230769230772 0.11235569230769231 0.112512 0.053684923076923075 0.09318523076923077
0.08850584615384617 0.03253538461538461 0.13208123076923078 0.07232000000000001 0.07472246153846153 0.08120615384615384 0.1663692307692308 0.02634338461538462 0.10500553846153847 0.11192 0.04956430769230769 0.09359753846153848
0.08120615384615384 0.049934769230769234 0.11586338461538462 0.09040123076923076 0.0625956923076923 0.09220923076923077 0.14588307692307695 0.038893538461538466 0.09498092307692307 0.116832 0.043740307692307696 0.09870523076923077
0.08944615384615384 0.058827076923076926 0.11156676923076923 0.09963323076923077 0.05894523076923077 0.10094030769230769 0.1259163076923077 0.044285538461538466 0.08714953846153847 0.11367384615384615 0.03977969230769231 0.09932676923076923
0.0911926153846154 0.06288492307692307 0.10830030769230768 0.10393723076923077 0.056227692307692305 0.10470892307692309 0.11426092307692308 0.048226461538461544 0.08729230769230768 0.10999015384615385 0.03934153846153846 0.10067446153846153
0.08967507692307693 0.06712492307692308 0.10635815384615384 0.10622523076923077 0.054621538461538464 0.10487261538461538 0.10050461538461539 0.05371323076923077 0.08988307692307693 0.10737476923076923 0.040268307692307694 0.09981907692307693
0.09208369230769231 0.06917415384615384 0.10492061538461539 0.10282953846153847 0.055200000000000006 0.1044603076923077 0.09028553846153846 0.0560283076923077 0.09568246153846154 0.10350523076923077 0.047228307692307694 0.09587446153846153
0.09238523076923078 0.06767384615384615 0.10560615384615385 0.09828307692307692 0.05836553846153846 0.10335630769230769 0.09074461538461538 0.0578276923076923 0.10157907692307692 0.09956307692307692 0.05958276923076924 0.08461046153846154
0.08797538461538461 0.06443446153846154 0.10267076923076923 0.09707815384615384 0.05698707692307692 0.10365169230769232 0.0888443076923077 0.062219076923076926 0.10282092307692307 0.09719138461538461 0.06627938461538462 0.08160492307692309
0.08624 0.06496123076923077 0.09981538461538461 0.09870400000000001 0.055216 0.1027643076923077 0.0874966153846154 0.065152 0.10784 0.09361476923076924 0.07060553846153847 0.07944615384615385
0.07900553846153846 0.06773784615384616 0.09656492307692308 0.1022486153846154 0.05169476923076923 0.10742276923076924 0.08288246153846153 0.07041476923076924 0.10799384615384616 0.09468800000000001 0.07199876923076924 0.08000615384615385
0.06845415384615385 0.07336984615384616 0.09151630769230769 0.107056 0.04657723076923077 0.10901292307692309 0.07718030769230769 0.07874215384615384 0.10843446153846154 0.09853415384615384 0.07175876923076924 0.08359630769230769
0.0629563076923077 0.073536 0.08837046153846152 0.11281476923076923 0.044272 0.10903384615384616 0.07427938461538461 0.08751876923076923 0.11171815384615384 0.10194338461538462 0.07242953846153848 0.08315446153846154
0.05900676923076924 0.07963815384615384 0.08673230769230769 0.11764676923076924 0.041867076923076924 0.10963446153846154 0.07145230769230769 0.09354707692307693 0.11035938461538461 0.10472861538461539 0.071744 0.08506338461538461
0.05693169230769231 0.08004676923076923 0.0823643076923077 0.11517661538461539 0.03719138461538462 0.10605169230769232 0.07372923076923077 0.09647753846153848 0.11559015384615384 0.1088406153846154 0.07211076923076924 0.08891446153846154
0.061991384615384615 0.08023999999999999 0.08608984615384616 0.11380553846153847 0.039200000000000006 0.1048443076923077 0.07447876923076924 0.09356307692307692 0.12116307692307693 0.10350276923076923 0.07552984615384616 0.08477169230769233
0.0662966153846154 0.07854892307692307 0.08879138461538462 0.1170313846153846 0.039787076923076925 0.10496000000000001 0.0768 0.09389784615384617 0.12052676923076923 0.09831384615384615 0.07569723076923077 0.08156923076923077
0.06662892307692307 0.07640492307692308 0.08911384615384615 0.11957538461538461 0.0377883076923077 0.10571815384615384 0.07587692307692308 0.09922953846153847 0.12170215384615385 0.09554338461538461 0.07535753846153846 0.08096615384615384
0.06874953846153846 0.07465230769230768 0.089696 0.12108184615384615 0.03660184615384615 0.10610953846153848 0.073568 0.1049846153846154 0.12285907692307693 0.09229169230769231 0.07516676923076923 0.08165169230769231
0.0691606153846154 0.07408738461538461 0.09060676923076923 0.12427815384615384 0.035019076923076924 0.1071803076923077 0.07207384615384617 0.10864492307692308 0.12125784615384616 0.09098215384615385 0.07299076923076923 0.08194953846153846
0.07221415384615384 0.07207876923076924 0.09189661538461538 0.1223323076923077 0.0348123076923077 0.10790523076923077 0.07180676923076923 0.109168 0.12281969230769232 0.08872861538461539 0.07321107692307692 0.08258584615384616
0.07541907692307694 0.06764553846153847 0.094176 0.11929230769230768 0.03548307692307692 0.10648615384615384 0.07644430769230769 0.109824 0.12781415384615386 0.08908676923076923 0.07424615384615385 0.0840996923076923
0.07717169230769232 0.063792 0.09724184615384615 0.11350523076923076 0.03420553846153846 0.10475815384615385 0.07874338461538462 0.10927753846153847 0.12626584615384615 0.09209969230769231 0.07307076923076923 0.08547446153846154
0.08565415384615385 0.051901538461538464 0.10339815384615385 0.10659446153846153 0.034800000000000005 0.10183876923076923 0.08665230769230768 0.10873353846153848 0.1276233846153846 0.09442707692307692 0.07306953846153848 0.08654646153846153
0.09657969230769231 0.05289846153846154 0.10665723076923077 0.11052676923076923 0.03641353846153846 0.10690953846153847 0.07586215384615384 0.10630523076923078 0.11938584615384616 0.09626707692307693 0.06743384615384616 0.08683815384615384
0.09584369230769231 0.05167138461538462 0.10645292307692308 0.11094030769230769 0.03499323076923076 0.10817846153846153 0.06851938461538461 0.10859569230769232 0.11239507692307693 0.10291938461538462 0.0614276923076923 0.0904233846153846
0.09903876923076924 0.04474092307692308 0.10674338461538461 0.10292307692307692 0.03872861538461538 0.10474953846153846 0.067856 0.10911015384615384 0.10862769230769231 0.10901415384615384 0.056196923076923075 0.09496123076923077
0.09651692307692308 0.04072246153846154 0.10244553846153848 0.09920492307692308 0.04608984615384616 0.0990166153846154 0.05985723076923077 0.11032861538461539 0.10516430769230768 0.112304 0.04930953846153846 0.09955076923076923
0.09348553846153847 0.034686769230769236 0.10386461538461539 0.09107076923076923 0.053856 0.09231138461538461 0.064448 0.11007138461538461 0.10963200000000001 0.11503876923076924 0.044968615384615385 0.10122338461538462
0.08881846153846154 0.03260923076923077 0.10193353846153848 0.08677538461538462 0.06012923076923077 0.08742523076923077 0.06567015384615385 0.11342400000000001 0.10672 0.11957415384615384 0.04132553846153846 0.10489846153846154
0.0834756923076923 0.032434461538461544 0.10305723076923078 0.08457723076923077 0.06592738461538461 0.08264246153846153 0.06446153846153847 0.11994461538461539 0.10073353846153847 0.12474953846153848 0.037086769230769236 0.10567876923076923
0.07082092307692309 0.03545353846153847 0.09914953846153847 0.08549169230769232 0.06605292307692308 0.08108676923076924 0.06304 0.12959876923076924 0.09109784615384617 0.13496984615384616 0.03146584615384616 0.11359507692307694
0.06133046153846154 0.036432 0.09726153846153847 0.08289107692307693 0.06667076923076924 0.0780196923076923 0.06648123076923076 0.13006646153846155 0.08788307692307692 0.14305846153846152 0.02835446153846154 0.11655630769230768
0.06884799999999999 0.02652923076923077 0.10631753846153848 0.07219569230769231 0.07593353846153847 0.07120984615384615 0.07782523076923077 0.12242707692307693 0.09277169230769232 0.1360812307692308 0.03561723076923076 0.10701784615384616
0.07763815384615384 0.01318769230769231 0.11454153846153846 0.05963692307692308 0.09202092307692308 0.057212307692307694 0.1006966153846154 0.1049686153846154 0.09890092307692308 0.12669046153846153 0.04869538461538462 0.09435076923076922
0.07875569230769232 0.009516307692307692 0.11681969230769232 0.05679261538461538 0.09442584615384615 0.05416615384615385 0.11289107692307693 0.09756307692307692 0.09790276923076924 0.12675815384615385 0.05172553846153846 0.091776
0.07635323076923076 0.010043076923076924 0.11815507692307692 0.057046153846153844 0.09361723076923077 0.05280369230769231 0.12013784615384615 0.09711753846153848 0.09872 0.1294670769230769 0.05255138461538462 0.09064369230769231
0.0778646153846154 0.01068923076923077 0.11819815384615384 0.05898461538461538 0.094864 0.05330707692307692 0.12853292307692307 0.09539199999999999 0.10342892307692308 0.1269156923076923 0.05327015384615385 0.08908800000000001
0.08328123076923077 0.015815384615384617 0.12067076923076923 0.06480492307692308 0.09921969230769231 0.05874215384615385 0.11710523076923077 0.09648123076923076 0.10357169230769232 0.12376000000000001 0.04905476923076924 0.082976
0.092 0.02348430769230769 0.1287249230769231 0.07579569230769231 0.10949046153846154 0.07310153846153847 0.10650953846153847 0.09494153846153847 0.09755323076923077 0.11379815384615385 0.040192 0.06731692307692308
0.0932996923076923 0.03160738461538462 0.1325883076923077 0.08475323076923078 0.11741415384615385 0.08583753846153847 0.08991384615384615 0.09539323076923077 0.09261907692307692 0.10516430769230768 0.033096615384615384 0.054624
0.09496123076923077 0.03733292307692308 0.13541784615384617 0.0915643076923077 0.1232726153846154 0.09315938461538462 0.07839384615384616 0.08893415384615384 0.08213907692307693 0.10681230769230768 0.029960615384615384 0.04671753846153846
0.09519507692307692 0.040468923076923076 0.13801107692307693 0.09652184615384615 0.12324430769230768 0.09641353846153847 0.06037784615384616 0.10896123076923077 0.06959261538461539 0.11843323076923078 0.029849846153846154 0.0446843076923077
0.09930584615384616 0.040996923076923084 0.1418436923076923 0.10111753846153847 0.12442707692307692 0.09917538461538461 0.0504 0.12628553846153848 0.066848 0.12064984615384615 0.030777846153846152 0.038825846153846155
0.10239384615384615 0.0436 0.1429673846153846 0.10624000000000001 0.12489230769230769 0.10349415384615385 0.038893538461538466 0.13755199999999998 0.06744123076923077 0.1218313846153846 0.03111015384615385 0.03454769230769231
0.10927384615384617 0.046243692307692305 0.14704615384615385 0.11143753846153846 0.1288516923076923 0.107536 0.0347716923076923 0.14197784615384618 0.06731323076923076 0.12245661538461539 0.030220307692307692 0.02790646153846154
0.115104 0.052780307692307696 0.15095507692307694 0.11860430769230769 0.13174892307692307 0.11243815384615385 0.03025353846153846 0.14637538461538463 0.063056 0.121072 0.026879999999999998 0.022103384615384615
0.11751507692307692 0.058932923076923084 0.15423753846153845 0.12578953846153848 0.13455876923076923 0.11508553846153848 0.02914092307692308 0.15204430769230767 0.05944 0.1199113846153846 0.024503384615384618 0.019032615384615384
0.11891692307692309 0.0622203076923077 0.15471384615384617 0.13021046153846155 0.137088 0.11497723076923078 0.029400615384615386 0.15695384615384617 0.058776615384615385 0.12173169230769232 0.02397661538461538 0.01735876923076923
0.11823261538461538 0.06454276923076924 0.15069415384615387 0.13165907692307696 0.1369009230769231 0.11293046153846154 0.030657230769230773 0.15564307692307694 0.06111015384615384 0.12302153846153847 0.02469415384615385 0.017606153846153848
0.11546584615384616 0.06328861538461539 0.14189415384615384 0.12980553846153847 0.13475815384615383 0.10828307692307691 0.0343323076923077 0.15342276923076922 0.06941538461538461 0.12776123076923077 0.028647384615384616 0.01890830769230769
0.11428307692307692 0.06301046153846154 0.1256356923076923 0.12840369230769233 0.12917907692307692 0.10561107692307692 0.03947938461538462 0.15461661538461538 0.07811076923076923 0.13139815384615386 0.03533784615384616 0.021374769230769232
0.11041846153846153 0.05786461538461538 0.11296 0.12463753846153847 0.11347938461538462 0.09830892307692309 0.05122461538461538 0.15149292307692305 0.09010953846153846 0.13390030769230768 0.05341661538461538 0.026377846153846154
0.11825846153846153 0.032784 0.10349169230769231 0.1129513846153846 0.10462153846153846 0.077952 0.07600615384615385 0.1468123076923077 0.10981046153846154 0.13387815384615384 0.077616 0.03171323076923077
0.11228184615384616 0.027659076923076925 0.09365784615384615 0.11004676923076924 0.0950043076923077 0.07093415384615384 0.08687384615384616 0.14557661538461536 0.12280369230769232 0.13377107692307694 0.09014030769230769 0.03473969230769231
0.11005784615384616 0.030513230769230768 0.08974769230769232 0.1132393846153846 0.09466830769230769 0.07466830769230769 0.083344 0.14483938461538462 0.12199876923076924 0.12608984615384616 0.0878326153846154 0.033175384615384614
0.10897969230769232 0.032711384615384614 0.0876356923076923 0.11929600000000001 0.09523446153846153 0.07903753846153848 0.07984246153846153 0.1467323076923077 0.12079138461538462 0.12028061538461539 0.08463507692307692 0.03128246153846154
0.10558030769230768 0.03663507692307692 0.08377969230769232 0.12510646153846153 0.09635692307692308 0.08378707692307692 0.07740184615384615 0.15402707692307696 0.11830153846153847 0.11785353846153848 0.08125046153846154 0.031174153846153848
0.10468676923076924 0.035622153846153845 0.08288 0.12543384615384617 0.09561846153846153 0.08462153846153847 0.079584 0.15212061538461538 0.11866584615384616 0.11572923076923076 0.0834596923076923 0.02958892307692308
0.10447753846153847 0.035993846153846154 0.0838683076923077 0.12552738461538462 0.09509169230769231 0.084464 0.08335876923076924 0.15490215384615386 0.11847384615384615 0.11067446153846153 0.08402092307692308 0.025176615384615384
0.09682092307692308 0.03914707692307692 0.0839606153846154 0.12473723076923077 0.0928 0.08541292307692308 0.085888 0.15597292307692306 0.11507569230769232 0.10781292307692308 0.085952 0.025329230769230767
0.08828061538461539 0.039808 0.08373415384615385 0.12136984615384615 0.08739323076923076 0.08377353846153847 0.09100799999999999 0.16030276923076922 0.11453292307692309 0.10808738461538461 0.09110523076923077 0.02639630769230769
0.07668430769230769 0.0399556923076923 0.08119876923076923 0.11732923076923076 0.07971815384615384 0.08057846153846154 0.09553353846153848 0.15450092307692306 0.1150166153846154 0.10490707692307692 0.0958646153846154 0.028857846153846154
0.06633476923076924 0.03971692307692308 0.07673846153846153 0.11597538461538462 0.0725243076923077 0.0756356923076923 0.09838646153846153 0.16490461538461537 0.1184406153846154 0.10276553846153846 0.10009107692307692 0.03116676923076923
0.04779323076923077 0.034102153846153845 0.06203692307692308 0.118032 0.06422153846153845 0.07055753846153848 0.10853784615384617 0.16992984615384618 0.1204836923076923 0.108016 0.1106596923076923 0.03795323076923077
0.043144615384615385 0.028795076923076923 0.06510153846153846 0.11610830769230769 0.06679015384615385 0.06418215384615385 0.11798153846153847 0.15794953846153847 0.12698215384615386 0.10482584615384616 0.12089969230769232 0.034374153846153846
0.03963815384615385 0.024472615384615384 0.0718006153846154 0.11244307692307692 0.07033476923076924 0.059232 0.127072 0.14665107692307694 0.1311643076923077 0.10359384615384616 0.1298904615384615 0.029787076923076923
0.03438769230769231 0.020135384615384617 0.07388307692307693 0.10403446153846153 0.07512492307692308 0.054288 0.13404430769230768 0.1393587692307692 0.13589046153846152 0.10335753846153847 0.13655753846153848 0.027622153846153845
0.030548923076923078 0.01705476923076923 0.07477292307692308 0.09932553846153847 0.08071384615384616 0.04872615384615384 0.13814892307692306 0.13565415384615387 0.13418215384615384 0.10256492307692308 0.14205784615384615 0.02485292307692308
0.032284307692307695 0.012982153846153846 0.07876923076923077 0.0961686153846154 0.08496000000000001 0.044221538461538465 0.1354596923076923 0.13968123076923078 0.1276886153846154 0.10312123076923076 0.1459716923076923 0.02316676923076923
0.03442707692307692 0.015873230769230768 0.08887876923076923 0.09483076923076923 0.09171076923076923 0.04118030769230769 0.12527015384615384 0.14171076923076922 0.1206203076923077 0.10264738461538461 0.1426843076923077 0.022761846153846153
0.03198892307692308 0.018451692307692308 0.09935015384615384 0.08830523076923076 0.09519507692307692 0.03643076923076924 0.1256369230769231 0.14312492307692307 0.12184984615384616 0.09946092307692309 0.14404923076923076 0.021601230769230772
0.02922707692307692 0.02712369230769231 0.10089969230769232 0.08778215384615384 0.09756061538461538 0.03169230769230769 0.1267926153846154 0.13680246153846154 0.12503384615384616 0.0931913846153846 0.1434153846153846 0.02014276923076923
0.03018092307692308 0.03309907692307692 0.10270523076923077 0.08310892307692308 0.10016246153846153 0.02730215384615385 0.129328 0.12773784615384617 0.1279876923076923 0.08777476923076924 0.14363076923076923 0.01906092307692308
0.03147938461538462 0.0500283076923077 0.10794092307692309 0.0770756923076923 0.104224 0.02205046153846154 0.13059938461538462 0.1116726153846154 0.13331815384615384 0.08192123076923077 0.14536861538461537 0.016827076923076924
0.036065230769230766 0.06750276923076923 0.11443815384615386 0.06744492307692307 0.10856492307692309 0.01665476923076923 0.13506584615384618 0.09457600000000001 0.13864615384615386 0.07499323076923076 0.14952492307692308 0.013938461538461538
0.069312 0.07977476923076923 0.1302843076923077 0.07069538461538462 0.12889723076923076 0.015021538461538463 0.11342892307692308 0.061390769230769235 0.13512000000000002 0.058142769230769234 0.13898584615384615 0.008652307692307692
0.08779692307692308 0.0833046153846154 0.1362055384615385 0.07193230769230768 0.13284061538461536 0.014435692307692309 0.1078006153846154 0.04283692307692308 0.1300726153846154 0.053639384615384623 0.1357243076923077 0.008343384615384615
0.06518769230769231 0.0670326153846154 0.12174646153846153 0.06561723076923077 0.11115076923076925 0.01409723076923077 0.12647015384615384 0.05744984615384616 0.12959015384615383 0.07473353846153848 0.14776615384615385 0.01722215384615385
0.06743753846153847 0.07920492307692308 0.11935384615384616 0.07021661538461539 0.10819569230769231 0.016187076923076922 0.120944 0.05210461538461539 0.11933046153846154 0.08183384615384616 0.14086276923076924 0.024336000000000003
0.07210584615384616 0.08703876923076924 0.11699569230769231 0.07961353846153847 0.105616 0.01791384615384615 0.11482830769230769 0.05134892307692308 0.10866215384615384 0.08380307692307692 0.13663138461538463 0.031804307692307694
0.07362707692307693 0.08431630769230769 0.1140886153846154 0.08417846153846154 0.10352861538461539 0.01921846153846154 0.09967015384615385 0.053673846153846155 0.09926399999999999 0.08861784615384616 0.13135753846153847 0.038702769230769235
0.06504 0.08502276923076925 0.10378707692307693 0.09308553846153847 0.10344492307692307 0.02242953846153846 0.08228184615384616 0.06697969230769232 0.08949907692307693 0.09529476923076924 0.1201083076923077 0.052283076923076925
0.06460307692307693 0.08613292307692308 0.10185723076923077 0.09824615384615384 0.10621292307692308 0.02449107692307692 0.06986953846153847 0.07341292307692308 0.08060307692307693 0.10050707692307692 0.10958030769230769 0.06213046153846154
0.07477292307692308 0.08025107692307692 0.10696984615384617 0.09233723076923077 0.11283692307692308 0.02249230769230769 0.07214646153846153 0.06796307692307693 0.08217476923076923 0.09660676923076923 0.11509046153846154 0.05882338461538462
0.08032 0.07838892307692308 0.10967507692307693 0.08954215384615385 0.1124923076923077 0.023724307692307694 0.06682461538461539 0.07149538461538461 0.07956184615384616 0.09919138461538461 0.11394953846153846 0.061848615384615384
0.08285415384615386 0.08032738461538462 0.11093907692307693 0.088672 0.11011076923076923 0.024076307692307695 0.06368861538461539 0.07359630769230768 0.07612553846153847 0.10418707692307692 0.11298953846153847 0.06810461538461539
0.08474584615384616 0.08116553846153847 0.11053046153846154 0.09191384615384615 0.10708676923076924 0.02492676923076923 0.06074461538461538 0.07630276923076923 0.06990030769230769 0.10954215384615386 0.10712861538461539 0.07532553846153847
0.08707323076923076 0.08154830769230768 0.11129723076923076 0.09698215384615384 0.10765046153846153 0.023387076923076924 0.06050953846153846 0.07609107692307693 0.06654399999999999 0.11229046153846153 0.10364430769230769 0.07901046153846153
0.09171692307692308 0.08549169230769232 0.11131076923076924 0.10439630769230769 0.10694646153846153 0.02191507692307692 0.06043569230769231 0.07986584615384616 0.06403938461538462 0.11322215384615385 0.09907938461538461 0.08242953846153847
0.10048123076923077 0.08019076923076923 0.11449723076923077 0.1106473846153846 0.10672615384615385 0.019696 0.06180553846153846 0.08352123076923076 0.06386953846153846 0.11283076923076923 0.10018830769230769 0.08188676923076924
0.10732923076923076 0.079568 0.11899076923076923 0.11601353846153847 0.10857846153846154 0.019074461538461537 0.059712 0.08770830769230768 0.06182276923076923 0.11276184615384617 0.0962966153846154 0.08361107692307693
0.11018092307692308 0.08306461538461539 0.12106215384615385 0.11734769230769232 0.10798646153846155 0.018500923076923078 0.059165538461538464 0.09680123076923076 0.06075938461538462 0.114112 0.0934166153846154 0.08675323076923076
0.11455384615384614 0.08269538461538462 0.12364307692307692 0.11883446153846154 0.10889353846153847 0.017808 0.05892553846153847 0.1048566153846154 0.05970092307692308 0.11435446153846153 0.09243076923076923 0.08502646153846154
0.11813538461538461 0.07811076923076923 0.126464 0.11771815384615383 0.10945353846153848 0.01692676923076923 0.0587003076923077 0.10872984615384615 0.05786953846153846 0.11573169230769231 0.09114092307692308 0.08715076923076924
0.12345107692307693 0.07269415384615384 0.12995938461538462 0.11460923076923077 0.10909784615384616 0.015810461538461537 0.059737846153846155 0.10903138461538461 0.057197538461538466 0.11438523076923077 0.09217230769230768 0.08411815384615384
0.12451076923076924 0.07198153846153846 0.1328923076923077 0.11138461538461539 0.10748676923076925 0.01416123076923077 0.061739076923076924 0.11082215384615385 0.058162461538461545 0.11415384615384616 0.09551015384615384 0.0805686153846154
0.12723076923076923 0.07012676923076924 0.1375052307692308 0.10545846153846153 0.10569969230769231 0.012443076923076925 0.06372061538461539 0.11159015384615384 0.058978461538461535 0.1132086153846154 0.09975507692307693 0.07575630769230769
0.12314953846153846 0.06683938461538462 0.14014276923076924 0.096464 0.10340553846153847 0.01112123076923077 0.06723323076923077 0.11166523076923078 0.06001230769230769 0.11296984615384616 0.10655876923076923 0.07307938461538462
0.11858830769230769 0.06320738461538462 0.14243323076923078 0.089728 0.10122461538461539 0.008934153846153845 0.074576 0.109168 0.06333046153846154 0.11216123076923076 0.11417723076923078 0.06633476923076924
0.11786953846153847 0.06449723076923077 0.14623507692307694 0.08720246153846153 0.10305969230769231 0.008284307692307692 0.07349907692307693 0.104976 0.06134153846153846 0.11098953846153847 0.11576 0.06322338461538461
0.12602953846153847 0.06777230769230769 0.1595483076923077 0.08726523076923078 0.11153723076923078 0.008049230769230769 0.06649846153846152 0.09710892307692308 0.05361476923076924 0.10556307692307693 0.11320000000000001 0.05706092307692308
0.1271236923076923 0.06478153846153846 0.1629723076923077 0.08350153846153847 0.11240492307692308 0.00720123076923077 0.06501046153846154 0.09260430769230768 0.054193230769230764 0.10353969230769232 0.11646892307692308 0.055646769230769236
0.12790276923076924 0.06405169230769231 0.16618953846153847 0.08119261538461539 0.11202461538461539 0.005762461538461538 0.06472 0.08460676923076924 0.05645169230769231 0.09839384615384615 0.11906584615384615 0.05162338461538461
0.1264406153846154 0.06728369230769232 0.16439630769230767 0.08104369230769232 0.11165169230769231 0.005571692307692308 0.061987692307692306 0.07688492307692307 0.05635076923076924 0.09501907692307693 0.11933907692307694 0.05142646153846154
0.12584615384615383 0.07604923076923076 0.16261784615384617 0.08396676923076923 0.11313846153846152 0.005806769230769231 0.057737846153846153 0.06166153846153846 0.05637046153846154 0.09056615384615385 0.11826830769230769 0.05225476923076924
0.11807753846153847 0.08590892307692308 0.1601329230769231 0.08736738461538461 0.11097107692307692 0.0061920000000000005 0.05570461538461539 0.04932553846153846 0.0575963076923077 0.08907938461538462 0.11589907692307692 0.05388676923076923
0.11900430769230769 0.09864123076923077 0.15645046153846154 0.08986830769230769 0.11181046153846154 0.006700307692307693 0.05250092307692308 0.036354461538461544 0.054881230769230765 0.08687876923076923 0.11425107692307693 0.05553723076923077
0.12136492307692308 0.10900553846153846 0.15570338461538463 0.09025969230769232 0.11282584615384615 0.006584615384615385 0.05105107692307692 0.023063384615384618 0.05451569230769231 0.08456738461538461 0.114128 0.05625476923076923
0.12453046153846153 0.11374646153846153 0.15653661538461539 0.09361107692307692 0.1134043076923077 0.006790153846153846 0.048657230769230765 0.015006769230769232 0.05363692307692308 0.08429292307692307 0.11245784615384616 0.055177846153846154
0.12474707692307692 0.114608 0.15684184615384614 0.0944923076923077 0.11377230769230769 0.006665846153846155 0.048137846153846156 0.011558153846153846 0.05363569230769231 0.08456738461538461 0.11288123076923076 0.05497476923076923
0.1694043076923077 0.1287126153846154 0.19952492307692307 0.15479138461538464 0.18461784615384616 0.02425723076923077 0.0036147692307692313 2.830769230769231e-05 0.012548923076923076 0.02667323076923077 0.04389538461538462 0.038201846153846156
0.16935015384615387 0.126592 0.19846276923076922 0.15530338461538462 0.18189661538461538 0.024713846153846152 0.0032406153846153848 7.876923076923077e-05 0.014108307692307693 0.028672 0.04660061538461538 0.035915076923076925
0.1701156923076923 0.1295643076923077 0.19778092307692308 0.15393723076923077 0.18147323076923078 0.024045538461538462 0.0026547692307692314 6.153846153846155e-06 0.017224615384615383 0.02992123076923077 0.05185969230769231 0.033104
0.12399753846153846 0.11396676923076923 0.15881107692307694 0.08932676923076922 0.112976 0.00550276923076923 0.04997784615384616 0.01643446153846154 0.06355076923076923 0.08713846153846153 0.12452923076923077 0.043172923076923074
0.12155815384615384 0.10632369230769231 0.16014153846153845 0.08459323076923077 0.11308553846153847 0.00438523076923077 0.052883692307692305 0.022857846153846152 0.06892676923076924 0.08518153846153846 0.13125292307692304 0.03670523076923077
0.11520738461538461 0.10382276923076925 0.15464492307692307 0.08096492307692309 0.11245784615384616 0.0041009230769230775 0.06025476923076924 0.02826830769230769 0.07641353846153846 0.08296246153846154 0.14026461538461538 0.031159384615384617
0.10493415384615384 0.1001563076923077 0.14316800000000002 0.07935015384615385 0.10984615384615384 0.004776615384615384 0.06914953846153847 0.03724676923076923 0.08384492307692308 0.08584123076923077 0.1435483076923077 0.03263138461538462
0.08849969230769231 0.09745107692307693 0.13451076923076924 0.07571323076923077 0.10608369230769232 0.005536 0.08189415384615384 0.0442436923076923 0.09024369230769232 0.08746830769230769 0.1499716923076923 0.032840615384615385
0.08204430769230768 0.09112984615384616 0.1306006153846154 0.0698806153846154 0.10320246153846153 0.004836923076923077 0.09648984615384616 0.046004923076923075 0.09868923076923077 0.08607753846153847 0.166416 0.02142523076923077
0.08505846153846153 0.07066707692307692 0.1264443076923077 0.060521846153846155 0.09792738461538461 0.004557538461538462 0.10591384615384615 0.06054769230769231 0.10669907692307692 0.08697846153846153 0.17882338461538463 0.01575630769230769
0.08119015384615384 0.06209723076923077 0.11994953846153847 0.05766276923076923 0.09656738461538461 0.005104 0.11050092307692308 0.07079753846153847 0.11155815384615385 0.08914461538461539 0.1842843076923077 0.013939692307692307
0.08045907692307692 0.05370584615384616 0.1132516923076923 0.05786953846153846 0.09551015384615384 0.006237538461538463 0.11225230769230769 0.07829784615384615 0.11469415384615385 0.09186584615384616 0.18629046153846152 0.012868923076923076
0.07407384615384616 0.058146461538461536 0.09613907692307692 0.07068923076923075 0.08404923076923076 0.01902153846153846 0.11082215384615385 0.08952246153846152 0.1094043076923077 0.10058953846153847 0.17584984615384616 0.02009230769230769
0.061762461538461544 0.059926153846153844 0.07698830769230769 0.08662769230769231 0.06102523076923077 0.046243692307692305 0.10681107692307693 0.10499815384615384 0.10660307692307693 0.10680615384615384 0.1638092307692308 0.03208246153846154
0.054324923076923076 0.06487876923076924 0.07156307692307692 0.096464 0.05446276923076923 0.05853046153846154 0.09438153846153848 0.11195692307692308 0.102912 0.11048123076923076 0.1529489230769231 0.03927138461538462
0.047944615384615384 0.0779286153846154 0.06371692307692309 0.10618584615384616 0.050466461538461536 0.06924553846153847 0.08396430769230769 0.12293907692307693 0.09923815384615385 0.11563938461538462 0.13981415384615387 0.048742153846153845
0.05245538461538462 0.07819692307692308 0.05616246153846154 0.11580307692307693 0.051433846153846156 0.07811076923076923 0.07173907692307692 0.12793230769230768 0.09832492307692309 0.11847753846153847 0.12802215384615387 0.055868307692307696
0.06524184615384615 0.07866215384615384 0.06139938461538462 0.11718769230769231 0.060727384615384614 0.08567015384615385 0.06856984615384616 0.12488369230769232 0.10081846153846154 0.10989661538461538 0.12519876923076922 0.04484676923076923
0.08075938461538461 0.0830043076923077 0.06522338461538461 0.12489230769230769 0.07325661538461539 0.09717292307692309 0.05801476923076923 0.11711630769230769 0.09905599999999999 0.09915076923076924 0.11103384615384615 0.03587323076923077
0.08329107692307693 0.09087507692307692 0.07396184615384616 0.12831507692307692 0.09583507692307693 0.10424615384615385 0.058990769230769236 0.11115076923076925 0.09577723076923077 0.08916184615384616 0.09073476923076923 0.024296615384615382
0.08528246153846153 0.10344615384615385 0.07924676923076923 0.13585230769230772 0.12062646153846154 0.11242092307692307 0.058128 0.10296123076923076 0.0920886153846154 0.08360861538461539 0.06742892307692308 0.016663384615384618
0.07833353846153847 0.10607507692307692 0.0829353846153846 0.13760984615384614 0.12828676923076923 0.11016615384615384 0.060510769230769236 0.10660676923076923 0.09231507692307693 0.08560246153846154 0.057880615384615385 0.016399999999999998
0.07282338461538461 0.09796184615384615 0.08744861538461539 0.13708553846153848 0.13400246153846154 0.11153353846153848 0.05936492307692308 0.1148886153846154 0.09215507692307692 0.09087753846153847 0.04661784615384616 0.01601723076923077
0.07509046153846154 0.09026215384615385 0.10292184615384616 0.13116676923076923 0.13822153846153848 0.11049969230769231 0.058051692307692304 0.1321772307692308 0.08693292307692307 0.09494523076923077 0.034112 0.015691076923076926
0.0724406153846154 0.09579692307692309 0.1163913846153846 0.1211113846153846 0.13938707692307692 0.10859815384615384 0.05319138461538462 0.13971446153846154 0.08101784615384616 0.09839015384615385 0.03132923076923077 0.019767384615384617
0.07751630769230769 0.08859446153846152 0.13404676923076922 0.11766153846153847 0.1430683076923077 0.10014769230769231 0.04758769230769231 0.150608 0.07544369230769232 0.10070153846153848 0.02805169230769231 0.026296615384615384
0.07593353846153847 0.08124184615384615 0.1388135384615385 0.10701661538461539 0.14477538461538464 0.08805169230769232 0.048896 0.16153846153846155 0.076896 0.10736615384615385 0.029126153846153847 0.034996923076923085
0.07491323076923076 0.08087507692307692 0.14301292307692307 0.09346461538461538 0.14575507692307693 0.08000123076923077 0.04922338461538462 0.16008738461538463 0.0774363076923077 0.11615384615384616 0.030274461538461542 0.042493538461538465
0.0729046153846154 0.08386953846153847 0.14403938461538462 0.09398153846153848 0.14276184615384616 0.07364923076923077 0.050749538461538464 0.15855876923076923 0.07831630769230769 0.11940307692307692 0.030953846153846155 0.04574646153846154
0.06828184615384617 0.0829046153846154 0.14239015384615386 0.08507569230769231 0.13901415384615384 0.06950769230769231 0.05394092307692308 0.15816738461538463 0.081136 0.1271876923076923 0.0334043076923077 0.05029784615384616
0.06641353846153847 0.08039753846153848 0.14315692307692307 0.07964553846153846 0.13441230769230766 0.0644923076923077 0.05875692307692308 0.16469784615384617 0.08504738461538462 0.13052923076923076 0.035982769230769235 0.053292307692307694
0.05943507692307692 0.07938953846153847 0.14712246153846154 0.07841846153846153 0.12555815384615385 0.06553353846153845 0.054272 0.17052799999999999 0.09495753846153848 0.13285046153846153 0.03556184615384615 0.057742769230769236
0.05907938461538462 0.08160984615384616 0.14330707692307695 0.07985723076923076 0.118816 0.07084307692307693 0.049552 0.16884553846153846 0.08043569230769232 0.13202953846153848 0.03258215384615385 0.06115815384615384
0.052685538461538464 0.08964061538461539 0.14309292307692306 0.08387446153846154 0.11043076923076925 0.07469538461538461 0.0473563076923077 0.17303507692307693 0.07953476923076924 0.1320172307692308 0.02967015384615385 0.06323815384615385
0.0553243076923077 0.09385969230769231 0.15721353846153846 0.09195323076923077 0.11543876923076923 0.08207876923076923 0.04759384615384616 0.16167138461538463 0.078208 0.12047630769230769 0.02361846153846154 0.052419692307692306
0.06243446153846154 0.09618215384615385 0.17048861538461538 0.0956 0.11674830769230769 0.08240738461538462 0.054228923076923084 0.1572726153846154 0.0892073846153846 0.10498584615384615 0.02176738461538462 0.046001230769230766
0.05758523076923077 0.09963692307692308 0.1824012307692308 0.10030030769230769 0.11722461538461539 0.08523569230769232 0.05753476923076924 0.16026092307692305 0.09299938461538461 0.09565292307692308 0.01858215384615385 0.04307938461538462
0.058800000000000005 0.09848738461538462 0.18074584615384617 0.10220184615384616 0.11754707692307693 0.08355076923076923 0.06819692307692309 0.15614153846153847 0.10148553846153847 0.083328 0.019643076923076923 0.040775384615384616
0.0628603076923077 0.09445046153846154 0.16445046153846152 0.10399507692307693 0.11829415384615384 0.08120984615384616 0.0748923076923077 0.14553476923076922 0.10794092307692309 0.06680984615384615 0.021632000000000002 0.037454769230769236
0.05967507692307692 0.10376492307692309 0.1533403076923077 0.11490584615384615 0.11624000000000001 0.08779446153846153 0.0713083076923077 0.14676923076923076 0.09693415384615385 0.06098707692307692 0.019308307692307694 0.03602461538461538
0.060184615384615385 0.10829169230769231 0.14535138461538463 0.12217230769230769 0.11308800000000001 0.09081230769230768 0.07435323076923077 0.14682707692307692 0.09491692307692308 0.05647261538461538 0.018722461538461542 0.03639138461538462
0.055700923076923085 0.11413907692307693 0.13596307692307694 0.13388184615384616 0.10823753846153848 0.09580307692307694 0.07413169230769232 0.1408923076923077 0.08955076923076924 0.056 0.01635815384615385 0.03751876923076924
0.049584 0.11577353846153847 0.12437907692307693 0.14221661538461539 0.10112615384615384 0.10320246153846153 0.07450953846153847 0.13730092307692304 0.08318646153846153 0.05639261538461538 0.013961846153846155 0.038635076923076925
0.04906461538461539 0.11364923076923077 0.11894523076923076 0.13834584615384618 0.10037784615384616 0.10041230769230769 0.0821673846153846 0.12246030769230769 0.08662769230769231 0.05374153846153846 0.017204923076923076 0.040148923076923075
0.048813538461538464 0.10900430769230769 0.11720738461538462 0.13913353846153848 0.09941292307692308 0.09960000000000001 0.08736492307692308 0.10948553846153847 0.08749292307692308 0.0545403076923077 0.019376 0.04120369230769231
0.044304 0.10924430769230768 0.11343384615384616 0.13996676923076923 0.09541661538461539 0.10133784615384615 0.08792492307692308 0.1011113846153846 0.08444676923076923 0.059367384615384614 0.020336000000000003 0.043447384615384624
0.037387076923076926 0.10401353846153848 0.11004184615384616 0.13381415384615386 0.09049353846153846 0.10039384615384615 0.10286523076923076 0.09766646153846154 0.08513230769230769 0.06630153846153847 0.023022769230769232 0.04633353846153846
0.03016984615384615 0.09900676923076923 0.10504123076923076 0.12703015384615385 0.08423138461538461 0.09888369230769231 0.09961107692307693 0.09230523076923076 0.08726276923076924 0.07408369230769232 0.025739076923076924 0.05248738461538462
0.023512615384615382 0.09389046153846153 0.09835569230769231 0.12070523076923077 0.07477415384615385 0.09142276923076924 0.10078523076923077 0.08906830769230768 0.09173784615384617 0.08469046153846153 0.03048 0.05808984615384616
0.018541538461538463 0.08477169230769233 0.09168984615384616 0.11604553846153846 0.066288 0.08220307692307692 0.10165784615384617 0.09020553846153846 0.09328615384615385 0.09507692307692309 0.03578338461538462 0.06616615384615385
0.019180307692307694 0.08086030769230769 0.09272615384615385 0.11013538461538461 0.06718153846153846 0.07480984615384616 0.09988676923076924 0.08624369230769231 0.08755938461538462 0.09918523076923078 0.03715076923076924 0.06841476923076924
0.018376615384615384 0.07718276923076924 0.09299323076923076 0.10380923076923076 0.06865723076923076 0.0714843076923077 0.10244923076923076 0.08155569230769232 0.08601107692307693 0.10168246153846154 0.03996307692307693 0.07017107692307692
0.018184615384615382 0.07213538461538462 0.09482215384615385 0.09091446153846154 0.07361353846153847 0.06873723076923076 0.11193600000000001 0.07373292307692308 0.09001723076923077 0.10063876923076924 0.0436603076923077 0.07553353846153847
0.020345846153846152 0.06890830769230769 0.09928246153846153 0.07954584615384616 0.07747076923076923 0.06327138461538462 0.12249969230769231 0.0606596923076923 0.09545846153846153 0.09942153846153848 0.04775753846153846 0.07339692307692307
0.02446276923076923 0.06641353846153847 0.1050523076923077 0.07311015384615385 0.08296 0.05693046153846154 0.12708676923076923 0.05169476923076923 0.09808492307692307 0.096736 0.05104123076923076 0.06929476923076923
0.03071753846153846 0.06024492307692308 0.10886276923076924 0.07005292307692308 0.09103015384615386 0.04976861538461539 0.13039015384615385 0.04542276923076923 0.10192369230769233 0.09289230769230769 0.05821292307692308 0.06532307692307693
0.03624984615384616 0.050768 0.11395076923076924 0.06336615384615384 0.09402707692307692 0.04003446153846154 0.13808492307692308 0.04238769230769231 0.1047606153846154 0.08964184615384616 0.07037169230769232 0.059792000000000005
0.0390363076923077 0.048866461538461546 0.12264369230769231 0.06248246153846154 0.09014892307692308 0.03785969230769231 0.13778830769230768 0.04032 0.10340307692307692 0.08965169230769232 0.07628307692307693 0.06008615384615385
0.03787446153846154 0.0506683076923077 0.13299446153846153 0.06393969230769231 0.08793476923076923 0.03714707692307692 0.1381156923076923 0.03958646153846154 0.10142153846153848 0.0893563076923077 0.08005538461538461 0.06305353846153847
0.04167630769230769 0.056557538461538465 0.14182646153846154 0.07156061538461539 0.0871236923076923 0.038365538461538465 0.13971446153846154 0.03400861538461538 0.09828307692307692 0.09164061538461539 0.08149292307692307 0.06397538461538461
0.046713846153846154 0.06516923076923077 0.14904615384615386 0.07762953846153847 0.08729723076923077 0.040435692307692304 0.13840246153846153 0.028205538461538462 0.09171815384615384 0.08762830769230769 0.079536 0.06103507692307692
0.042678153846153845 0.07630523076923076 0.14912369230769232 0.08492061538461539 0.085552 0.04497353846153846 0.1285686153846154 0.02439753846153846 0.08461907692307692 0.09061661538461539 0.07847753846153847 0.06136
0.04045169230769231 0.08654892307692308 0.14867692307692307 0.09018584615384616 0.08020061538461538 0.0476443076923077 0.12858584615384616 0.018795076923076925 0.08253046153846154 0.09807015384615385 0.08303384615384615 0.06302153846153846
0.040385230769230764 0.0958523076923077 0.14732307692307695 0.08862646153846153 0.07591630769230769 0.05103507692307692 0.1252 0.01858584615384615 0.08355569230769232 0.0933563076923077 0.08425846153846153 0.06479138461538461
0.038532923076923076 0.098928 0.14444430769230768 0.09276184615384617 0.07202707692307692 0.05344738461538462 0.12530953846153847 0.02288123076923077 0.0884246153846154 0.10100307692307692 0.08588923076923076 0.07076307692307693
0.03165046153846154 0.09805292307692308 0.13831753846153846 0.08807507692307692 0.06412923076923077 0.05385723076923077 0.1196233846153846 0.03500061538461539 0.09827938461538462 0.09848738461538462 0.09031753846153848 0.07392369230769232
0.03931692307692308 0.09704615384615384 0.13704615384615385 0.09219815384615385 0.061027692307692304 0.05695507692307692 0.10026830769230768 0.04473476923076924 0.104816 0.09912861538461538 0.090656 0.07365784615384616
0.046955076923076926 0.09711630769230768 0.13237784615384615 0.09120123076923076 0.06165046153846154 0.061230769230769234 0.0889156923076923 0.04949292307692308 0.11421661538461539 0.09608246153846153 0.09088738461538462 0.0730646153846154
0.055852307692307694 0.09322092307692309 0.12565415384615386 0.08734646153846154 0.06111261538461538 0.06246276923076923 0.08641230769230769 0.05288492307692308 0.12288492307692309 0.09491938461538461 0.09211446153846153 0.07437169230769232
0.06561230769230769 0.08876676923076925 0.1229366153846154 0.085744 0.06174276923076923 0.06304861538461538 0.0892713846153846 0.05266338461538461 0.13456615384615384 0.0926326153846154 0.09457107692307692 0.07023753846153846
0.0771446153846154 0.07942153846153847 0.12296246153846153 0.08355076923076923 0.06333907692307693 0.06479384615384616 0.09274707692307692 0.05551384615384616 0.14390646153846154 0.09118769230769232 0.09701169230769231 0.06375138461538461
0.09167753846153848 0.06886153846153847 0.122336 0.07877907692307692 0.06466338461538461 0.06464492307692307 0.09406276923076923 0.057206153846153844 0.15514707692307694 0.09079261538461539 0.10117292307692308 0.05632
0.10775507692307693 0.058144 0.11989784615384616 0.07707323076923075 0.06683446153846154 0.06474461538461539 0.09277784615384616 0.06668553846153848 0.16393476923076925 0.08993353846153848 0.10402092307692308 0.05271507692307692
0.1095643076923077 0.05082830769230769 0.11485169230769232 0.07314215384615384 0.06605415384615385 0.06314092307692308 0.09173415384615384 0.07482707692307693 0.17485538461538463 0.09036061538461539 0.10683938461538461 0.05049846153846154
0.119456 0.04614646153846154 0.11666215384615385 0.07202338461538461 0.068672 0.06365169230769231 0.08729969230769231 0.0801563076923077 0.1793883076923077 0.08746953846153847 0.106128 0.048006153846153844
0.12483446153846153 0.0499803076923077 0.11825846153846153 0.0760393846153846 0.06922215384615385 0.06488 0.08386338461538462 0.08500430769230768 0.18264861538461538 0.09109292307692309 0.09826953846153848 0.05359384615384616
0.12127015384615385 0.05501292307692308 0.11767507692307692 0.07875076923076924 0.07235938461538462 0.06615507692307691 0.07999876923076923 0.0889033846153846 0.17621784615384614 0.09280738461538461 0.09326646153846153 0.05712492307692308
0.10921107692307692 0.060096000000000004 0.12010707692307693 0.07990646153846152 0.07474584615384616 0.06440123076923077 0.08039876923076923 0.08909169230769232 0.1723606153846154 0.09288984615384617 0.09198276923076923 0.05793723076923077
0.10402953846153846 0.06752123076923076 0.11899323076923077 0.08068061538461539 0.0793796923076923 0.06318523076923077 0.08362830769230768 0.088064 0.15504984615384615 0.09040492307692308 0.090256 0.058722461538461536
0.091104 0.07184615384615384 0.11899815384615384 0.07891076923076923 0.08876923076923077 0.06169723076923076 0.08663630769230769 0.08660553846153847 0.14330461538461536 0.090976 0.0944393846153846 0.05677046153846154
0.08177107692307692 0.07082830769230769 0.12801846153846153 0.07632246153846153 0.09192123076923077 0.05605907692307692 0.09502523076923078 0.09547200000000002 0.13391753846153848 0.0932726153846154 0.09688984615384616 0.054985846153846156
0.06440369230769231 0.069248 0.125728 0.0752726153846154 0.09351876923076924 0.05392 0.10400615384615385 0.10513230769230769 0.1309046153846154 0.10197661538461539 0.09552615384615384 0.058992
0.05459938461538461 0.065488 0.11095507692307693 0.07343015384615384 0.09232369230769231 0.0524923076923077 0.10525907692307691 0.11092676923076925 0.11677538461538461 0.10591384615384615 0.09384861538461539 0.06216246153846154
0.05112369230769231 0.06631876923076924 0.11290092307692308 0.07119384615384615 0.09325784615384616 0.05021538461538461 0.107792 0.11642830769230768 0.1141033846153846 0.10670400000000001 0.09402830769230769 0.060893538461538464
0.04919384615384616 0.06899323076923077 0.11427076923076923 0.06867569230769231 0.09501046153846153 0.04840861538461538 0.10836061538461539 0.11967261538461539 0.11263876923076924 0.11019200000000001 0.09400984615384615 0.06177476923076924
0.04480369230769231 0.06479876923076924 0.11230030769230769 0.06543507692307692 0.09280369230769231 0.04626584615384616 0.11027815384615385 0.1204726153846154 0.11551753846153846 0.11138584615384615 0.09575753846153848 0.061056000000000006
0.04317046153846154 0.06699692307692308 0.11413907692307693 0.06327876923076924 0.09304984615384616 0.045409230769230764 0.11272 0.11299815384615385 0.11756799999999999 0.10973292307692309 0.09702892307692308 0.060427076923076924
0.04303015384615384 0.07093046153846153 0.11529723076923076 0.06106215384615385 0.09417353846153848 0.044454153846153845 0.11353846153846153 0.10527753846153846 0.12242953846153846 0.10742769230769231 0.09804676923076924 0.06008738461538462
0.04235446153846154 0.07545107692307693 0.116512 0.06141046153846154 0.09267692307692307 0.04418953846153846 0.11372923076923076 0.09944123076923077 0.12205169230769232 0.10780430769230769 0.0967163076923077 0.06169969230769231
0.04301538461538462 0.07999384615384617 0.11621169230769232 0.06133046153846154 0.09092184615384616 0.043442461538461534 0.11538092307692308 0.094864 0.12316676923076923 0.10513476923076924 0.09752615384615385 0.06289600000000001
0.04467323076923077 0.08479015384615385 0.11514461538461539 0.06093784615384616 0.08988430769230768 0.043203692307692304 0.11277907692307693 0.08998892307692309 0.12258215384615384 0.10325907692307691 0.098416 0.06491076923076923
0.04770461538461539 0.08634338461538461 0.1158203076923077 0.06058215384615384 0.08824123076923077 0.042358153846153844 0.11276676923076924 0.09267815384615384 0.12310276923076924 0.10286153846153848 0.09852184615384615 0.06624369230769231
0.05013784615384616 0.08839384615384616 0.11903630769230769 0.06006523076923077 0.08673969230769231 0.04031753846153846 0.11305723076923077 0.09094769230769231 0.12375261538461539 0.10624123076923077 0.09673230769230769 0.06716676923076924
0.05126276923076924 0.09113969230769231 0.11838892307692307 0.06126276923076924 0.08595815384615385 0.04021784615384616 0.11503630769230769 0.090304 0.12563446153846153 0.10948553846153847 0.09542276923076923 0.06876676923076924
0.05175384615384616 0.09072 0.11675569230769231 0.060955076923076924 0.08573169230769231 0.03956307692307692 0.11814523076923077 0.08901046153846152 0.1293476923076923 0.11341415384615385 0.09544492307692308 0.06912123076923077
0.05442215384615385 0.09259076923076924 0.11716923076923076 0.06194953846153846 0.08432738461538461 0.04025723076923077 0.11801353846153848 0.08577723076923077 0.12915938461538462 0.11646153846153846 0.09311015384615386 0.06814153846153848
0.05385353846153846 0.09281969230769231 0.11797784615384616 0.06088738461538462 0.08373169230769231 0.04062276923076923 0.11884676923076924 0.08834215384615385 0.12921476923076924 0.12103138461538461 0.09031015384615385 0.06896984615384616
0.058633846153846154 0.09402953846153847 0.11978707692307693 0.060510769230769236 0.08655876923076923 0.042016 0.11446523076923078 0.0798793846153846 0.12741046153846153 0.1226486153846154 0.08608984615384616 0.0690203076923077
0.061696 0.09467199999999999 0.12002215384615385 0.06322092307692308 0.08627815384615384 0.043192615384615385 0.1119963076923077 0.07911876923076923 0.12572184615384616 0.12339446153846152 0.08172184615384616 0.067648
0.06344984615384616 0.09678646153846154 0.11989415384615384 0.06538215384615384 0.08803815384615385 0.0446596923076923 0.10777353846153846 0.07702646153846153 0.12352984615384617 0.1222646153846154 0.07920861538461539 0.067328
0.0657993846153846 0.10242338461538461 0.12153723076923077 0.06813538461538461 0.0904603076923077 0.04655384615384616 0.10329846153846153 0.07013415384615385 0.12070523076923077 0.12281846153846153 0.07391753846153847 0.06719138461538461
0.066288 0.10635938461538462 0.12143015384615384 0.06987446153846154 0.09248123076923076 0.04891815384615384 0.10293538461538461 0.06607138461538462 0.11922953846153847 0.12460307692307693 0.07030646153846154 0.06746092307692308
0.070464 0.11060184615384615 0.1221083076923077 0.07200738461538461 0.09488492307692308 0.05190892307692308 0.09750892307692308 0.05835569230769231 0.11757784615384616 0.12310523076923077 0.06625353846153847 0.06630523076923076
0.06952 0.11395446153846153 0.11997292307692307 0.07348307692307693 0.092992 0.05371938461538462 0.09529846153846154 0.05478523076923077 0.11788061538461539 0.12002953846153847 0.06497353846153847 0.06643692307692307
0.07457846153846154 0.11645784615384616 0.12067076923076923 0.07490584615384616 0.09486646153846154 0.05593723076923077 0.09009230769230768 0.05143015384615384 0.11931076923076923 0.11945476923076923 0.06267815384615384 0.06344369230769231
0.073056 0.11577969230769232 0.12003076923076923 0.07406153846153847 0.09303138461538461 0.055784615384615384 0.08597661538461539 0.05340061538461539 0.12227815384615384 0.12237538461538462 0.06244307692307692 0.06372184615384616
0.07415384615384615 0.11704123076923076 0.11931815384615385 0.07517661538461538 0.09496861538461539 0.057648000000000005 0.08342523076923077 0.05432615384615384 0.12150030769230769 0.12231015384615385 0.060502153846153844 0.06312615384615385
0.07441353846153846 0.11578953846153847 0.11933169230769232 0.07536369230769231 0.09437292307692309 0.05842584615384616 0.0824 0.057795692307692305 0.12075446153846155 0.12237538461538462 0.06022769230769231 0.062576
0.07140923076923078 0.11223630769230769 0.11877538461538462 0.07480615384615384 0.0922843076923077 0.05763323076923076 0.08579938461538461 0.06544123076923077 0.11965415384615384 0.12023630769230768 0.06137107692307692 0.06366523076923077
0.07125784615384616 0.11018707692307693 0.12042215384615385 0.075632 0.091776 0.058422153846153846 0.0869723076923077 0.070752 0.11878892307692308 0.1195433846153846 0.06059323076923077 0.061664000000000004
0.07088123076923077 0.11037907692307693 0.12115938461538461 0.07741907692307692 0.09226215384615385 0.06011815384615384 0.08715323076923077 0.07574646153846153 0.11767384615384616 0.12124553846153847 0.058676923076923085 0.060375384615384615
0.070048 0.10952369230769231 0.12093046153846153 0.07762584615384616 0.09280738461538461 0.060304 0.08567876923076924 0.07796676923076923 0.11879138461538462 0.1198326153846154 0.05857353846153846 0.0599483076923077
0.07126892307692308 0.11105969230769232 0.12305353846153846 0.07876676923076924 0.09478153846153847 0.06292061538461538 0.08119507692307693 0.07766646153846153 0.11865846153846153 0.11867076923076923 0.05658584615384615 0.05761723076923077
0.0719716923076923 0.11022646153846154 0.12273723076923077 0.07832492307692308 0.09655138461538461 0.06437538461538461 0.078112 0.07891446153846154 0.11963076923076923 0.11595692307692308 0.055488 0.057709538461538465
0.07249107692307692 0.10893907692307693 0.12447876923076923 0.07833353846153847 0.09905107692307692 0.06655876923076923 0.07139569230769231 0.07946953846153848 0.11909907692307692 0.1141686153846154 0.053292307692307694 0.055289846153846155
0.07258092307692308 0.10324430769230769 0.12586953846153848 0.07569476923076925 0.09941415384615385 0.06492676923076923 0.06962584615384615 0.08202461538461539 0.12014646153846154 0.11289353846153848 0.05344738461538462 0.05549292307692308
0.07023384615384616 0.09602584615384616 0.12535138461538461 0.0721083076923077 0.09802953846153846 0.0640996923076923 0.06966030769230769 0.08612307692307693 0.12217476923076924 0.1141846153846154 0.05454892307692308 0.05744861538461539
0.07024738461538461 0.08715076923076924 0.12597907692307694 0.06979938461538461 0.10160492307692309 0.062396307692307695 0.06885784615384616 0.08825723076923077 0.12275446153846153 0.11228553846153846 0.05448123076923077 0.05748307692307692
0.07824492307692309 0.08394584615384616 0.13067323076923076 0.07126892307692308 0.10732184615384616 0.06569723076923077 0.062144 0.0866793846153846 0.11925292307692308 0.10675076923076923 0.049437538461538456 0.0546363076923077
0.08676676923076924 0.07941907692307693 0.13531815384615384 0.07249846153846153 0.11075692307692309 0.06618707692307693 0.062168615384615385 0.08325292307692309 0.12024000000000001 0.09909907692307693 0.04656615384615385 0.05051692307692308
0.09185969230769231 0.070592 0.13636061538461539 0.07132676923076924 0.11455138461538461 0.066896 0.06843815384615384 0.07963569230769231 0.12292553846153846 0.09275076923076923 0.045827692307692305 0.049936
0.09257107692307694 0.053808 0.13644553846153845 0.0691926153846154 0.11437907692307692 0.064256 0.078352 0.0828923076923077 0.12409230769230768 0.09048246153846154 0.047008 0.05056
0.091152 0.04255876923076923 0.135536 0.06642092307692307 0.11453538461538461 0.06162215384615384 0.08905476923076924 0.08408984615384615 0.12262523076923076 0.09116553846153848 0.05009353846153847 0.05365169230769231
0.0912726153846154 0.030102153846153848 0.13578584615384617 0.06395938461538463 0.11620307692307692 0.058150153846153844 0.08929230769230768 0.08839384615384616 0.11910276923076923 0.09189292307692308 0.050830769230769235 0.056262153846153844
0.08959015384615383 0.01961846153846154 0.1359556923076923 0.05944246153846154 0.11774276923076923 0.05324061538461538 0.10037538461538462 0.08625353846153846 0.12781292307692307 0.08780307692307693 0.053542153846153843 0.06067323076923077
0.08561846153846153 0.011583999999999999 0.13550892307692305 0.05336246153846154 0.11652553846153847 0.04716307692307692 0.12272492307692308 0.0769723076923077 0.13191138461538462 0.08801969230769231 0.056561230769230766 0.06621169230769232
0.07930953846153846 0.006768 0.13485538461538463 0.04583876923076924 0.11455261538461539 0.0404 0.15229292307692308 0.061458461538461545 0.140368 0.08834584615384615 0.061409230769230765 0.06991507692307693
0.07484307692307691 0.0048849230769230775 0.132832 0.039228307692307694 0.10771815384615384 0.03512369230769231 0.16987938461538463 0.05319384615384616 0.1489403076923077 0.09331692307692308 0.06708676923076924 0.07791261538461539
0.07002953846153846 0.006395076923076923 0.12973046153846152 0.03900923076923077 0.09983876923076923 0.03378953846153846 0.1775286153846154 0.05648123076923077 0.15301292307692307 0.099184 0.06880369230769232 0.08528246153846153
0.06884799999999999 0.00916923076923077 0.13197046153846154 0.0426523076923077 0.094656 0.03498338461538462 0.17706953846153847 0.062112 0.1521046153846154 0.10300307692307692 0.06780800000000001 0.09303753846153848
0.07480615384615384 0.013718153846153847 0.13928246153846155 0.051212307692307696 0.09095384615384616 0.041110153846153845 0.15621907692307693 0.07222030769230768 0.13636307692307692 0.10723692307692308 0.062035692307692306 0.09905599999999999
0.08560738461538461 0.017676307692307693 0.13937476923076922 0.05971446153846154 0.08683323076923076 0.04852307692307692 0.12949661538461538 0.07807015384615384 0.13047384615384616 0.10851446153846153 0.058913230769230766 0.10256369230769233
0.09754092307692308 0.02238769230769231 0.13395692307692306 0.06843569230769231 0.07981538461538462 0.05747938461538462 0.11459076923076925 0.08255261538461539 0.12110153846153847 0.11082338461538462 0.05395076923076923 0.10646646153846152
0.10510153846153847 0.03030892307692308 0.13327261538461538 0.07956553846153847 0.06868184615384615 0.0726966153846154 0.10422153846153848 0.08572553846153848 0.11066338461538462 0.11174769230769231 0.04821907692307693 0.11019076923076923
0.1028886153846154 0.043223384615384615 0.13758769230769233 0.08753846153846154 0.058235076923076924 0.08506092307692308 0.09416984615384615 0.08312369230769232 0.09619076923076923 0.11070400000000001 0.04386584615384616 0.11389046153846154
0.10942892307692309 0.05150523076923076 0.145808 0.09165907692307693 0.058414769230769235 0.08783630769230769 0.09114092307692308 0.07565538461538461 0.09869292307692308 0.10376123076923076 0.04601107692307692 0.10926892307692307
0.11952615384615385 0.06111630769230769 0.13829292307692306 0.09749907692307692 0.058942769230769236 0.08798030769230769 0.08826092307692308 0.06925538461538461 0.09908307692307693 0.09834953846153847 0.04746215384615385 0.10171076923076923
0.13120984615384618 0.06837292307692307 0.13663384615384616 0.10786461538461539 0.058574769230769236 0.08909292307692308 0.07868430769230768 0.06733538461538462 0.10206769230769232 0.09406153846153847 0.050443076923076924 0.09771076923076923
0.13394584615384617 0.07157415384615384 0.14248738461538463 0.11362953846153848 0.058102153846153845 0.0909046153846154 0.07248246153846154 0.06133907692307693 0.09924553846153847 0.08525415384615384 0.055869538461538464 0.09169107692307692
0.13774892307692307 0.07356184615384616 0.13780184615384616 0.10923076923076924 0.05668184615384616 0.08902892307692307 0.07382153846153847 0.05880369230769231 0.1031126153846154 0.07525538461538461 0.06530338461538461 0.08011199999999999
0.13141046153846153 0.07972061538461539 0.1313563076923077 0.11782892307692308 0.055297230769230765 0.09256984615384616 0.07141415384615385 0.05678030769230769 0.10517907692307692 0.07329353846153848 0.064432 0.07787938461538461
0.13281723076923077 0.08413661538461539 0.12557907692307693 0.11920123076923077 0.05354584615384616 0.09572430769230769 0.06961846153846153 0.05663384615384616 0.10347200000000001 0.07144 0.06507323076923076 0.07771446153846154
0.13410461538461538 0.08699323076923077 0.13118030769230768 0.12180800000000001 0.05028307692307692 0.10165907692307692 0.06742523076923077 0.052064 0.09837169230769231 0.06682092307692308 0.06702646153846153 0.07342646153846154
0.13357415384615384 0.08711753846153847 0.12961476923076923 0.120816 0.04869292307692308 0.1041673846153846 0.06942400000000001 0.047478153846153844 0.10086400000000001 0.06371815384615384 0.07091323076923077 0.06938953846153846
0.13353723076923077 0.07462523076923076 0.12829538461538462 0.11635446153846153 0.04924676923076923 0.09673723076923077 0.07470769230769231 0.0475803076923077 0.11036307692307691 0.06079015384615384 0.08140553846153847 0.06541046153846154
0.13537230769230768 0.06385969230769231 0.12436553846153847 0.11337846153846154 0.04685538461538462 0.09118276923076923 0.07853046153846154 0.04927753846153846 0.11789538461538461 0.06016738461538462 0.08836307692307692 0.06392246153846154
0.13343015384615384 0.05311753846153846 0.12200369230769231 0.1094966153846154 0.045565538461538456 0.08710892307692307 0.08717538461538461 0.049324307692307695 0.12446892307692307 0.0607323076923077 0.0945883076923077 0.06321969230769231
0.13614646153846152 0.04554953846153846 0.11966646153846153 0.10660430769230768 0.04391261538461538 0.08344492307692307 0.0892 0.05003200000000001 0.12650584615384616 0.06080615384615385 0.098688 0.06287015384615385
0.13383507692307695 0.044003692307692306 0.11622523076923076 0.10650584615384616 0.04128861538461538 0.08446276923076924 0.08653784615384616 0.051552 0.12648492307692308 0.06254153846153847 0.10026215384615385 0.06480984615384615
0.13072615384615383 0.04051076923076923 0.111888 0.10534276923076924 0.03685415384615384 0.08376123076923077 0.08618215384615385 0.05419815384615384 0.1273206153846154 0.06581046153846154 0.10191630769230768 0.06726892307692307
0.125552 0.043764923076923076 0.10680984615384616 0.10592369230769232 0.033518769230769234 0.08358276923076922 0.08245661538461539 0.05582892307692308 0.1251766153846154 0.06914584615384615 0.09992123076923078 0.07011446153846153
0.11354338461538462 0.05311753846153846 0.10230276923076924 0.10718276923076923 0.03223138461538462 0.08380430769230769 0.07971323076923076 0.05662523076923077 0.12133046153846154 0.07168861538461539 0.09904123076923077 0.07241107692307693
